size: 1024
Tuples
0 0  2698
0 1  3593
0 2  3944
0 3  5883
0 4  839
0 5  1441
0 6  2615
0 7  4816
0 8  5008
0 9  1442
0 10  2798
0 11  3841
0 12  4903
0 13  6109
0 14  1443
0 15  2008
1 0  2893
1 1  3905
1 2  5196
1 3  1444
1 4  3036
1 5  4481
1 6  5533
1 7  1445
1 8  1720
1 9  4194
1 10  5160
1 11  1446
1 12  3230
1 13  5029
1 14  1447
1 15  1506
2 0  5491
2 1  1448
2 2  3787
2 3  5542
2 4  5635
2 5  1449
2 6  3632
2 7  4323
2 8  5590
2 9  193
2 10  1450
2 11  6061
2 12  202
2 13  890
2 14  1451
2 15  1634
3 0  4685
3 1  4899
3 2  6653
3 3  86
3 4  644
3 5  1452
3 6  1892
3 7  3431
3 8  840
3 9  1073
3 10  1453
3 11  1478
3 12  5190
3 13  329
3 14  1454
3 15  4008
4 0  4268
4 1  5793
4 2  1270
4 3  1455
4 4  1465
4 5  2000
4 6  4189
4 7  1456
4 8  4060
4 9  5208
4 10  5296
4 11  5448
4 12  6312
4 13  1457
4 14  2905
4 15  5017
5 0  5344
5 1  5906
5 2  1458
5 3  2632
5 4  3268
5 5  4157
5 6  6265
5 7  1459
5 8  5042
5 9  5313
5 10  6226
5 11  1392
5 12  1460
5 13  3549
5 14  1461
5 15  3840
6 0  4520
6 1  4951
6 2  6241
6 3  1216
6 4  1462
6 5  3064
6 6  5703
6 7  1463
6 8  1779
6 9  5106
6 10  6159
6 11  1417
6 12  1464
6 13  2622
6 14  5382
6 15  1301
7 0  1465
7 1  1894
7 2  2493
7 3  1466
7 4  2222
7 5  4919
7 6  5435
7 7  6348
7 8  1467
7 9  2299
7 10  3765
7 11  4480
7 12  4978
7 13  5532
7 14  339
7 15  1468
8 0  1813
8 1  4061
8 2  6269
8 3  1045
8 4  1469
8 5  1785
8 6  4759
8 7  6417
8 8  1470
8 9  913
8 10  1471
8 11  2066
8 12  4119
8 13  5040
8 14  6279
8 15  592
9 0  1472
9 1  1608
9 2  2367
9 3  4453
9 4  1473
9 5  5598
9 6  5644
9 7  6187
9 8  1474
9 9  3587
9 10  4624
9 11  6473
9 12  596
9 13  1475
9 14  2015
9 15  3155
10 0  649
10 1  1476
10 2  2152
10 3  2881
10 4  4130
10 5  6336
10 6  536
10 7  770
10 8  1477
10 9  3252
10 10  4420
10 11  5189
10 12  1282
10 13  1478
10 14  2048
10 15  223
11 0  466
11 1  1479
11 2  1726
11 3  2797
11 4  3208
11 5  5239
11 6  6652
11 7  708
11 8  1480
11 9  2887
11 10  2938
11 11  3481
11 12  4174
11 13  5563
11 14  6068
11 15  6198
12 0  6248
12 1  1481
12 2  1482
12 3  1809
12 4  4385
12 5  4975
12 6  5847
12 7  5891
12 8  382
12 9  1483
12 10  1945
12 11  3648
12 12  3908
12 13  5107
12 14  339
12 15  1484
13 0  2597
13 1  5950
13 2  6496
13 3  1043
13 4  1485
13 5  5630
13 6  6361
13 7  1207
13 8  1486
13 9  2065
13 10  2683
13 11  4029
13 12  4070
13 13  5122
13 14  5300
13 15  48
14 0  93
14 1  1487
14 2  3670
14 3  4888
14 4  446
14 5  1488
14 6  3094
14 7  4806
14 8  6373
14 9  621
14 10  1489
14 11  4583
14 12  5547
14 13  1490
14 14  2199
14 15  4252
15 0  5047
15 1  5546
15 2  6057
15 3  6502
15 4  179
15 5  1491
15 6  1619
15 7  1887
15 8  5546
15 9  1492
15 10  2368
15 11  3243
15 12  3887
15 13  6525
15 14  325
15 15  1493
16 0  5507
16 1  6337
16 2  1494
16 3  3842
16 4  4948
16 5  5739
16 6  6239
16 7  36
16 8  1495
16 9  1536
16 10  1496
16 11  1497
16 12  1498
16 13  2106
16 14  2160
16 15  4185
17 0  4962
17 1  5196
17 2  386
17 3  1499
17 4  3861
17 5  4643
17 6  6350
17 7  1500
17 8  2079
17 9  4270
17 10  4342
17 11  4701
17 12  6210
17 13  1501
17 14  2306
17 15  3813
18 0  4226
18 1  1396
18 2  1502
18 3  5246
18 4  5714
18 5  1503
18 6  1856
18 7  2032
18 8  2113
18 9  2165
18 10  3225
18 11  4651
18 12  1504
18 13  573
18 14  1398
18 15  1505
19 0  2906
19 1  3085
19 2  5627
19 3  822
19 4  1506
19 5  2411
19 6  3001
19 7  3134
19 8  4758
19 9  5491
19 10  1014
19 11  1507
19 12  3922
19 13  4027
19 14  1508
19 15  3087
20 0  4836
20 1  5034
20 2  6001
20 3  75
20 4  142
20 5  1509
20 6  1848
20 7  4979
20 8  1472
20 9  1510
20 10  2367
20 11  3982
20 12  4613
20 13  6279
20 14  1511
20 15  3728
21 0  5592
21 1  6103
21 2  1512
21 3  1670
21 4  3089
21 5  4292
21 6  5589
21 7  1513
21 8  3282
21 9  4676
21 10  5695
21 11  6426
21 12  14
21 13  1514
21 14  4328
21 15  1515
22 0  1555
22 1  2157
22 2  3335
22 3  5931
22 4  6338
22 5  1516
22 6  2490
22 7  4184
22 8  4337
22 9  6157
22 10  6159
22 11  1517
22 12  3803
22 13  3998
22 14  4912
22 15  6481
23 0  1518
23 1  3080
23 2  3761
23 3  4143
23 4  5523
23 5  1519
23 6  2110
23 7  3866
23 8  4703
23 9  6122
23 10  1410
23 11  1520
23 12  4707
23 13  4835
23 14  5251
23 15  486
24 0  1521
24 1  2119
24 2  4936
24 3  959
24 4  1522
24 5  2146
24 6  3240
24 7  3416
24 8  3880
24 9  1523
24 10  2372
24 11  3581
24 12  6092
24 13  1524
24 14  1869
24 15  2644
25 0  2963
25 1  4548
25 2  4584
25 3  177
25 4  1525
25 5  2646
25 6  6056
25 7  6651
25 8  1526
25 9  3680
25 10  4362
25 11  5264
25 12  5693
25 13  188
25 14  1527
25 15  1931
26 0  3148
26 1  535
26 2  645
26 3  1528
26 4  2880
26 5  4519
26 6  5512
26 7  5883
26 8  1529
26 9  3163
26 10  5427
26 11  5605
26 12  6199
26 13  1530
26 14  2613
26 15  3897
27 0  515
27 1  893
27 2  1531
27 3  3387
27 4  3646
27 5  664
27 6  1394
27 7  1532
27 8  4008
27 9  5710
27 10  1533
27 11  1779
27 12  2444
27 13  2487
27 14  2985
27 15  3346
28 0  1534
28 1  2531
28 2  3909
28 3  5331
28 4  5477
28 5  6529
28 6  306
28 7  1535
28 8  3320
28 9  6322
28 10  6500
28 11  6650
28 12  80
28 13  1536
28 14  4328
28 15  1537
29 0  1627
29 1  1715
29 2  2097
29 3  2237
29 4  3240
29 5  6326
29 6  3
29 7  1538
29 8  2737
29 9  1539
29 10  1749
29 11  5699
29 12  6017
29 13  1540
29 14  2137
29 15  2758
30 0  3755
30 1  5285
30 2  111
30 3  1541
30 4  2298
30 5  1542
30 6  2078
30 7  3080
30 8  3761
30 9  6403
30 10  1543
30 11  3819
30 12  4837
30 13  6121
30 14  873
30 15  1544
31 0  5949
31 1  6649
31 2  1545
31 3  1958
31 4  2264
31 5  3310
31 6  3354
31 7  3654
31 8  504
31 9  1546
31 10  1821
31 11  2404
31 12  5334
31 13  6215
31 14  1547
31 15  4538
32 0  4662
32 1  5294
32 2  6268
32 3  424
32 4  1548
32 5  3827
32 6  4981
32 7  1549
32 8  1714
32 9  3190
32 10  4618
32 11  4718
32 12  5825
32 13  1109
32 14  1550
32 15  2092
33 0  4505
33 1  6096
33 2  692
33 3  1551
33 4  3274
33 5  1552
33 6  3940
33 7  6184
33 8  6285
33 9  1553
33 10  3290
33 11  4624
33 12  4898
33 13  1554
33 14  2704
33 15  3596
34 0  4002
34 1  5834
34 2  741
34 3  1555
34 4  2790
34 5  2885
34 6  5784
34 7  6291
34 8  6338
34 9  1556
34 10  3019
34 11  6109
34 12  1557
34 13  1236
34 14  1558
34 15  2396
35 0  3392
35 1  5617
35 2  5885
35 3  1153
35 4  1559
35 5  2977
35 6  3297
35 7  155
35 8  1560
35 9  2685
35 10  2958
35 11  3053
35 12  3779
35 13  4202
35 14  6648
35 15  1561
36 0  1969
36 1  2917
36 2  3007
36 3  78
36 4  861
36 5  1562
36 6  1675
36 7  1878
36 8  1563
36 9  2968
36 10  3634
36 11  5364
36 12  5644
36 13  1564
36 14  4168
36 15  4625
37 0  4686
37 1  4995
37 2  5228
37 3  1343
37 4  1565
37 5  2439
37 6  5188
37 7  5745
37 8  705
37 9  1566
37 10  1726
37 11  1998
37 12  7
37 13  1567
37 14  2252
37 15  3207
38 0  1568
38 1  3120
38 2  3438
38 3  5518
38 4  5707
38 5  897
38 6  1569
38 7  2405
38 8  3818
38 9  4273
38 10  1570
38 11  2162
38 12  2258
38 13  4340
38 14  4700
38 15  4871
39 0  1571
39 1  2039
39 2  5947
39 3  5948
39 4  877
39 5  953
39 6  1572
39 7  2086
39 8  2114
39 9  4397
39 10  5119
39 11  1164
39 12  1573
39 13  1603
39 14  3360
39 15  4495
40 0  1574
40 1  2502
40 2  3825
40 3  6225
40 4  1575
40 5  2638
40 6  2672
40 7  5909
40 8  6409
40 9  1434
40 10  1576
40 11  4802
40 12  5356
40 13  1577
40 14  2645
40 15  4246
41 0  5134
41 1  5827
41 2  194
41 3  1439
41 4  1578
41 5  1925
41 6  3473
41 7  4211
41 8  4896
41 9  6061
41 10  6647
41 11  917
41 12  1476
41 13  1579
41 14  2881
41 15  6151
42 0  6336
42 1  650
42 2  1580
42 3  2152
42 4  4087
42 5  1581
42 6  1834
42 7  6389
42 8  323
42 9  1582
42 10  2935
42 11  3639
42 12  4421
42 13  5787
42 14  1583
42 15  1584
43 0  2805
43 1  4974
43 2  5287
43 3  5851
43 4  1585
43 5  2859
43 6  4401
43 7  5444
43 8  5623
43 9  5989
43 10  981
43 11  1586
43 12  2858
43 13  4102
43 14  1305
43 15  1587
44 0  3179
44 1  5398
44 2  6037
44 3  1306
44 4  1588
44 5  2362
44 6  590
44 7  1589
44 8  2686
44 9  2818
44 10  3361
44 11  1590
44 12  2547
44 13  3672
44 14  4991
44 15  5305
45 0  5967
45 1  164
45 2  1591
45 3  4204
45 4  5130
45 5  1592
45 6  3416
45 7  4119
45 8  4799
45 9  1460
45 10  1593
45 11  1850
45 12  2122
45 13  6646
45 14  1594
45 15  2025
46 0  5697
46 1  6194
46 2  6240
46 3  208
46 4  1595
46 5  4687
46 6  1147
46 7  1596
46 8  3637
46 9  3642
46 10  4132
46 11  5656
46 12  5705
46 13  6148
46 14  324
46 15  1597
47 0  3198
47 1  4673
47 2  6149
47 3  6251
47 4  1598
47 5  1759
47 6  2849
47 7  4773
47 8  5935
47 9  671
47 10  1599
47 11  3705
47 12  260
47 13  1600
47 14  2947
47 15  4484
48 0  5442
48 1  6645
48 2  541
48 3  1601
48 4  2671
48 5  3445
48 6  4877
48 7  5992
48 8  6448
48 9  1013
48 10  1602
48 11  3180
48 12  5857
48 13  293
48 14  414
48 15  1603
49 0  1616
49 1  4495
49 2  1604
49 3  3666
49 4  4496
49 5  4762
49 6  5213
49 7  1605
49 8  3003
49 9  3724
49 10  5035
49 11  5123
49 12  5499
49 13  1085
49 14  1606
49 15  2365
50 0  4763
50 1  6316
50 2  1607
50 3  933
50 4  1608
50 5  2367
50 6  4072
50 7  4938
50 8  1609
50 9  3100
50 10  3733
50 11  4254
50 12  181
50 13  1610
50 14  2648
50 15  5223
51 0  1611
51 1  5187
51 2  5468
51 3  5877
51 4  5977
51 5  6067
51 6  107
51 7  1612
51 8  2902
51 9  6399
51 10  1121
51 11  1613
51 12  3346
51 13  4096
51 14  6644
51 15  1614
52 0  2299
52 1  2317
52 2  3971
52 3  4480
52 4  6406
52 5  672
52 6  1206
52 7  1615
52 8  1773
52 9  5346
52 10  6412
52 11  293
52 12  1616
52 13  3454
52 14  6221
52 15  1617
53 0  5172
53 1  5504
53 2  5591
53 3  5780
53 4  685
53 5  1618
53 6  3465
53 7  1378
53 8  1619
53 9  1887
53 10  4035
53 11  5546
53 12  1620
53 13  2695
53 14  4080
53 15  4123
54 0  4368
54 1  1621
54 2  4467
54 3  4623
54 4  5974
54 5  5978
54 6  6331
54 7  1622
54 8  2264
54 9  2903
54 10  4191
54 11  927
54 12  1623
54 13  2914
54 14  3918
54 15  3967
55 0  4838
55 1  5167
55 2  929
55 3  1624
55 4  3231
55 5  3577
55 6  6220
55 7  108
55 8  138
55 9  1625
55 10  3000
55 11  4574
55 12  1626
55 13  2640
55 14  3187
55 15  3832
56 0  5690
56 1  6381
56 2  617
56 3  1627
56 4  2239
56 5  2554
56 6  2826
56 7  4847
56 8  6326
56 9  1628
56 10  3625
56 11  5041
56 12  5914
56 13  6095
56 14  178
56 15  1629
57 0  2150
57 1  2784
57 2  3934
57 3  553
57 4  1630
57 5  3472
57 6  3554
57 7  5972
57 8  1631
57 9  3194
57 10  3329
57 11  4209
57 12  1632
57 13  2281
57 14  2828
57 15  3063
58 0  1633
58 1  2103
58 2  3328
58 3  3418
58 4  5556
58 5  202
58 6  1634
58 7  2568
58 8  1635
58 9  2843
58 10  2889
58 11  2892
58 12  5474
58 13  5754
58 14  1636
58 15  2942
59 0  3606
59 1  4869
59 2  6025
59 3  376
59 4  1010
59 5  1637
59 6  2220
59 7  3910
59 8  6643
59 9  1350
59 10  1638
59 11  4916
59 12  1639
59 13  2451
59 14  5443
59 15  6161
60 0  1398
60 1  1640
60 2  3398
60 3  5811
60 4  875
60 5  1205
60 6  1641
60 7  2954
60 8  4492
60 9  4493
60 10  5676
60 11  481
60 12  1642
60 13  3717
60 14  4927
60 15  5990
61 0  6129
61 1  422
61 2  1643
61 3  4659
61 4  5300
61 5  5452
61 6  5492
61 7  1170
61 8  1644
61 9  5038
61 10  5905
61 11  606
61 12  625
61 13  1645
61 14  5265
61 15  6422
62 0  1646
62 1  2967
62 2  3555
62 3  3684
62 4  5599
62 5  6424
62 6  1277
62 7  1647
62 8  1864
62 9  3201
62 10  3591
62 11  6335
62 12  1634
62 13  1648
62 14  1679
62 15  3150
63 0  6520
63 1  1649
63 2  2791
63 3  3066
63 4  4414
63 5  1237
63 6  1650
63 7  2986
63 8  4051
63 9  751
63 10  1418
63 11  1651
63 12  2033
63 13  3226
63 14  275
63 15  1652
