size: 1024
Tuples
0 0  810
0 1  1416
0 2  2241
0 3  2933
0 4  4635
0 5  811
0 6  5098
0 7  5982
0 8  812
0 9  1200
0 10  3301
0 11  3524
0 12  5155
0 13  5439
0 14  813
0 15  2949
1 0  3261
1 1  3804
1 2  4344
1 3  4568
1 4  663
1 5  814
1 6  1201
1 7  1707
1 8  815
1 9  2714
1 10  4344
1 11  4601
1 12  6439
1 13  816
1 14  2310
1 15  3864
2 0  4828
2 1  6031
2 2  817
2 3  2010
2 4  2058
2 5  4530
2 6  5113
2 7  5445
2 8  5898
2 9  818
2 10  1221
2 11  4059
2 12  5485
2 13  137
2 14  819
2 15  1065
3 0  1163
3 1  1389
3 2  1840
3 3  3453
3 4  820
3 5  1653
3 6  1669
3 7  3711
3 8  4535
3 9  5116
3 10  5251
3 11  31
3 12  34
3 13  821
3 14  931
3 15  2499
4 0  139
4 1  822
4 2  3236
4 3  3401
4 4  5409
4 5  573
4 6  823
4 7  4493
4 8  4924
4 9  5489
4 10  5535
4 11  6040
4 12  74
4 13  824
4 14  883
4 15  947
5 0  825
5 1  4498
5 2  5166
5 3  5539
5 4  305
5 5  826
5 6  6500
5 7  6678
5 8  308
5 9  827
5 10  2685
5 11  682
5 12  828
5 13  3276
5 14  4121
5 15  5544
6 0  5822
6 1  829
6 2  1732
6 3  1781
6 4  1928
6 5  730
6 6  830
6 7  4938
6 8  6677
6 9  831
6 10  1254
6 11  1331
6 12  1538
6 13  1701
6 14  1928
6 15  832
7 0  4583
7 1  5042
7 2  6420
7 3  833
7 4  962
7 5  3506
7 6  3930
7 7  5965
7 8  6325
7 9  96
7 10  834
7 11  992
7 12  1276
7 13  1710
7 14  835
7 15  1114
8 0  4408
8 1  5874
8 2  6471
8 3  50
8 4  701
8 5  836
8 6  1192
8 7  1433
8 8  1892
8 9  837
8 10  1092
8 11  4085
8 12  5053
8 13  6427
8 14  838
8 15  2704
9 0  3161
9 1  3596
9 2  4301
9 3  4690
9 4  839
9 5  3021
9 6  3205
9 7  4733
9 8  5000
9 9  5008
9 10  5146
9 11  513
9 12  840
9 13  1343
9 14  1478
9 15  2048
10 0  2524
10 1  3383
10 2  5190
10 3  841
10 4  963
10 5  1422
10 6  1661
10 7  3095
10 8  15
10 9  842
10 10  970
10 11  1344
10 12  1890
10 13  2335
10 14  843
10 15  3963
11 0  6079
11 1  6345
11 2  844
11 3  3203
11 4  3484
11 5  4971
11 6  5520
11 7  245
11 8  845
11 9  1944
11 10  3524
11 11  5620
11 12  6676
11 13  846
11 14  1238
11 15  1464
12 0  2447
12 1  5382
12 2  5385
12 3  46
12 4  847
12 5  986
12 6  1078
12 7  848
12 8  1615
12 9  2167
12 10  2681
12 11  4609
12 12  4794
12 13  6412
12 14  68
12 15  849
13 0  4447
13 1  4499
13 2  6364
13 3  6501
13 4  295
13 5  850
13 6  4027
13 7  6675
13 8  826
13 9  851
13 10  2913
13 11  3141
13 12  1
13 13  852
13 14  1019
13 15  1702
14 0  1851
14 1  134
14 2  853
14 3  1851
14 4  3631
14 5  854
14 6  1938
14 7  5131
14 8  5826
14 9  50
14 10  855
14 11  964
14 12  1433
14 13  2095
14 14  1
14 15  681
15 0  856
15 1  1211
15 2  1496
15 3  1690
15 4  857
15 5  3834
15 6  3993
15 7  5870
15 8  5873
15 9  6463
15 10  32
15 11  60
15 12  858
15 13  914
15 14  3631
15 15  859
16 0  3840
16 1  4514
16 2  4998
16 3  5142
16 4  556
16 5  860
16 6  3156
16 7  5182
16 8  861
16 9  961
16 10  1228
16 11  2273
16 12  2737
16 13  116
16 14  862
16 15  1347
17 0  3207
17 1  863
17 2  1215
17 3  1264
17 4  1595
17 5  2931
17 6  3111
17 7  3251
17 8  864
17 9  3389
17 10  4136
17 11  6154
17 12  66
17 13  667
17 14  865
17 15  1783
18 0  1966
18 1  57
18 2  866
18 3  1130
18 4  867
18 5  2617
18 6  3651
18 7  5065
18 8  6153
18 9  71
18 10  868
18 11  1299
18 12  1381
18 13  3297
18 14  6028
18 15  70
19 0  107
19 1  869
19 2  1201
19 3  1612
19 4  4103
19 5  870
19 6  2986
19 7  4011
19 8  4566
19 9  5382
19 10  5528
19 11  866
19 12  871
19 13  1130
19 14  872
19 15  1499
20 0  5067
20 1  6258
20 2  6350
20 3  264
20 4  873
20 5  4229
20 6  4918
20 7  5949
20 8  874
20 9  1409
20 10  3447
20 11  5160
20 12  875
20 13  3660
20 14  3967
20 15  5168
21 0  5676
21 1  876
21 2  1247
21 3  2956
21 4  3822
21 5  5119
21 6  877
21 7  1327
21 8  4397
21 9  5119
21 10  5957
21 11  721
21 12  878
21 13  2910
21 14  5028
21 15  5401
22 0  879
22 1  880
22 2  2142
22 3  2415
22 4  2416
22 5  4711
22 6  4884
22 7  6457
22 8  881
22 9  1785
22 10  1838
22 11  5081
22 12  882
22 13  2506
22 14  5862
22 15  5964
23 0  6322
23 1  74
23 2  102
23 3  883
23 4  947
23 5  1105
23 6  2088
23 7  884
23 8  3508
23 9  5869
23 10  5973
23 11  885
23 12  2121
23 13  4847
23 14  5130
23 15  175
24 0  886
24 1  2099
24 2  2875
24 3  4367
24 4  887
24 5  2423
24 6  2643
24 7  3414
24 8  4084
24 9  4360
24 10  5221
24 11  5917
24 12  6146
24 13  509
24 14  888
24 15  3017
25 0  3796
25 1  5317
25 2  6285
25 3  36
25 4  889
25 5  1495
25 6  890
25 7  1634
25 8  1648
25 9  3150
25 10  4685
25 11  891
25 12  2291
25 13  3254
25 14  3603
25 15  6247
26 0  892
26 1  2484
26 2  4345
26 3  4388
26 4  4628
26 5  6346
26 6  6483
26 7  893
26 8  1902
26 9  1983
26 10  3387
26 11  3905
26 12  894
26 13  1666
26 14  3957
26 15  4266
27 0  6254
27 1  895
27 2  1819
27 3  2216
27 4  3165
27 5  3567
27 6  4429
27 7  896
27 8  2804
27 9  3608
27 10  4192
27 11  5390
27 12  372
27 13  869
27 14  897
27 15  1583
28 0  2405
28 1  898
28 2  2857
28 3  4340
28 4  5207
28 5  5393
28 6  5771
28 7  6441
28 8  63
28 9  899
28 10  2543
28 11  2866
28 12  4888
28 13  900
28 14  2808
28 15  4532
29 0  6078
29 1  6214
29 2  901
29 3  2529
29 4  4271
29 5  6119
29 6  6532
29 7  902
29 8  2445
29 9  3703
29 10  4917
29 11  6404
29 12  52
29 13  903
29 14  1428
29 15  904
30 0  2680
30 1  4106
30 2  4831
30 3  5801
30 4  905
30 5  1740
30 6  1912
30 7  2589
30 8  4028
30 9  906
30 10  4159
30 11  4352
30 12  6357
30 13  907
30 14  1104
30 15  4933
31 0  4983
31 1  5455
31 2  52
31 3  57
31 4  908
31 5  1353
31 6  1428
31 7  5571
31 8  435
31 9  909
31 10  1868
31 11  3185
31 12  6494
31 13  910
31 14  3272
31 15  4842
32 0  5256
32 1  5588
32 2  911
32 3  2769
32 4  5454
32 5  5819
32 6  5905
32 7  6366
32 8  912
32 9  2609
32 10  4684
32 11  5052
32 12  5597
32 13  913
32 14  2043
32 15  4803
33 0  5040
33 1  5685
33 2  6279
33 3  6373
33 4  48
33 5  914
33 6  3670
33 7  915
33 8  2548
33 9  4801
33 10  6013
33 11  630
33 12  916
33 13  3329
33 14  3838
33 15  4617
34 0  4728
34 1  653
34 2  917
34 3  1696
34 4  2834
34 5  6151
34 6  741
34 7  918
34 8  1072
34 9  3945
34 10  6148
34 11  919
34 12  1422
34 13  1496
34 14  5593
34 15  920
35 0  3560
35 1  4470
35 2  5145
35 3  5275
35 4  921
35 5  4563
35 6  6344
35 7  6349
35 8  922
35 9  2108
35 10  2666
35 11  4746
35 12  4968
35 13  4975
35 14  923
35 15  1368
36 0  1966
36 1  4742
36 2  5063
36 3  6116
36 4  92
36 5  924
36 6  1833
36 7  4574
36 8  925
36 9  1719
36 10  2802
36 11  5438
36 12  5712
36 13  926
36 14  1037
36 15  2081
37 0  2494
37 1  6033
37 2  927
37 3  2061
37 4  3133
37 5  3265
37 6  5296
37 7  6496
37 8  924
37 9  928
37 10  1163
37 11  1833
37 12  286
37 13  929
37 14  1784
37 15  5254
38 0  6220
38 1  930
38 2  1186
38 3  2955
38 4  4156
38 5  5037
38 6  5630
38 7  34
38 8  93
38 9  931
38 10  1470
38 11  1487
38 12  4888
38 13  932
38 14  3722
38 15  4666
39 0  5963
39 1  6048
39 2  6222
39 3  933
39 4  1414
39 5  1472
39 6  4453
39 7  4938
39 8  86
39 9  769
39 10  934
39 11  1192
39 12  1452
39 13  1695
39 14  935
39 15  3147
40 0  6377
40 1  936
40 2  1692
40 3  2203
40 4  2970
40 5  4949
40 6  937
40 7  2249
40 8  5224
40 9  6392
40 10  938
40 11  1215
40 12  1933
40 13  2131
40 14  3067
40 15  939
41 0  2748
41 1  3521
41 2  4732
41 3  4901
41 4  6432
41 5  940
41 6  1148
41 7  2286
41 8  4076
41 9  4221
41 10  85
41 11  116
41 12  941
41 13  1339
41 14  1347
41 15  2241
42 0  942
42 1  2891
42 2  6113
42 3  943
42 4  2214
42 5  3696
42 6  3854
42 7  4522
42 8  5519
42 9  944
42 10  2755
42 11  4426
42 12  5479
42 13  5983
42 14  945
42 15  2028
43 0  3165
43 1  3567
43 2  4565
43 3  946
43 4  3438
43 5  3566
43 6  5934
43 7  947
43 8  948
43 9  3442
43 10  5576
43 11  5810
43 12  361
43 13  949
43 14  3070
43 15  4867
44 0  266
44 1  950
44 2  1803
44 3  2903
44 4  5291
44 5  6674
44 6  951
44 7  2459
44 8  2461
44 9  4154
44 10  5904
44 11  6042
44 12  312
44 13  952
44 14  2353
44 15  4311
45 0  4354
45 1  6171
45 2  341
45 3  953
45 4  4926
45 5  6497
45 6  954
45 7  4436
45 8  4500
45 9  5495
45 10  6321
45 11  955
45 12  2635
45 13  2636
45 14  2868
45 15  3873
46 0  4198
46 1  956
46 2  3775
46 3  4200
46 4  4663
46 5  4760
46 6  5497
46 7  957
46 8  2413
46 9  4066
46 10  5255
46 11  5453
46 12  830
46 13  958
46 14  1414
46 15  1743
47 0  2464
47 1  3093
47 2  6673
47 3  959
47 4  2870
47 5  3672
47 6  4799
47 7  960
47 8  1015
47 9  2327
47 10  4719
47 11  4990
47 12  6368
47 13  95
47 14  961
47 15  1562
48 0  2273
48 1  166
48 2  962
48 3  1841
48 4  3983
48 5  4721
48 6  5965
48 7  78
48 8  963
48 9  1068
48 10  1675
48 11  4852
48 12  5968
48 13  701
48 14  729
48 15  964
49 0  1433
49 1  2198
49 2  5417
49 3  5920
49 4  965
49 5  3247
49 6  3692
49 7  3738
49 8  966
49 9  1403
49 10  4858
49 11  5640
49 12  5833
49 13  356
49 14  967
49 15  4130
50 0  100
50 1  968
50 2  2282
50 3  463
50 4  969
50 5  3068
50 6  5183
50 7  5607
50 8  5834
50 9  6430
50 10  83
50 11  970
50 12  2335
50 13  971
50 14  1818
50 15  3638
51 0  4332
51 1  972
51 2  4632
51 3  5473
51 4  5752
51 5  6288
51 6  101
51 7  973
51 8  1091
51 9  1903
51 10  2703
51 11  974
51 12  3076
51 13  3520
51 14  4967
51 15  5605
52 0  6069
52 1  655
52 2  975
52 3  3384
52 4  3949
52 5  5151
52 6  6247
52 7  663
52 8  976
52 9  1219
52 10  2718
52 11  5328
52 12  977
52 13  2349
52 14  2839
52 15  5888
53 0  6018
53 1  6292
53 2  84
53 3  978
53 4  1268
53 5  243
53 6  979
53 7  1718
53 8  1944
53 9  2036
53 10  6672
53 11  817
53 12  980
53 13  2357
53 14  3532
53 15  5949
54 0  981
54 1  1384
54 2  5333
54 3  5992
54 4  273
54 5  982
54 6  3969
54 7  4018
54 8  983
54 9  1372
54 10  4489
54 11  6167
54 12  984
54 13  1160
54 14  4234
54 15  4644
55 0  5397
55 1  29
55 2  985
55 3  1131
55 4  35
55 5  986
55 6  1078
55 7  987
55 8  3230
55 9  4064
55 10  4394
55 11  5626
55 12  988
55 13  1080
55 14  1952
55 15  4156
56 0  989
56 1  2595
56 2  4196
56 3  4356
56 4  5860
56 5  990
56 6  2325
56 7  3716
56 8  3777
56 9  4026
56 10  4114
56 11  6275
56 12  991
56 13  2462
56 14  4797
56 15  6274
57 0  75
57 1  992
57 2  1210
57 3  1276
57 4  1509
57 5  3091
57 6  5405
57 7  121
57 8  928
57 9  993
57 10  1833
57 11  1840
57 12  2778
57 13  834
57 14  994
57 15  1276
58 0  1562
58 1  1878
58 2  995
58 3  1523
58 4  2366
58 5  4763
58 6  6092
58 7  996
58 8  1590
58 9  2043
58 10  4799
58 11  4806
58 12  5040
58 13  5967
58 14  997
58 15  1291
59 0  2045
59 1  2960
59 2  6371
59 3  402
59 4  833
59 5  998
59 6  5688
59 7  5965
59 8  999
59 9  1939
59 10  2876
59 11  4725
59 12  6509
59 13  550
59 14  1000
59 15  5501
60 0  6099
60 1  1001
60 2  1632
60 3  3063
60 4  5180
60 5  5821
60 6  1002
60 7  1259
60 8  1980
60 9  2650
60 10  3588
60 11  4679
60 12  5645
60 13  1003
60 14  4412
60 15  5363
61 0  5840
61 1  6070
61 2  6522
61 3  805
61 4  1004
61 5  3427
61 6  3636
61 7  1005
61 8  3076
61 9  3520
61 10  5562
61 11  5791
61 12  6401
61 13  73
61 14  1006
61 15  1120
62 0  1711
62 1  1007
62 2  3217
62 3  5893
62 4  1008
62 5  3214
62 6  4388
62 7  4866
62 8  1009
62 9  3955
62 10  5326
62 11  6491
62 12  714
62 13  1010
62 14  2220
62 15  1011
63 0  1096
63 1  1599
63 2  1707
63 3  1012
63 4  3045
63 5  4272
63 6  4572
63 7  6449
63 8  277
63 9  480
63 10  1013
63 11  5770
63 12  5857
63 13  547
63 14  1014
63 15  1062
