size: 832
Tuples
0 0  19483
0 1  19486
0 2  19493
0 3  19496
0 4  19500
0 5  19501
0 6  19507
0 7  19510
0 8  19513
0 9  19514
0 10  19515
0 11  19518
0 12  19524
1 0  19527
1 1  19531
1 2  19534
1 3  19537
1 4  19542
1 5  19545
1 6  19550
1 7  19551
1 8  19555
1 9  19559
1 10  19564
1 11  19568
1 12  19571
2 0  19574
2 1  19577
2 2  19580
2 3  19584
2 4  19589
2 5  19592
2 6  19595
2 7  19598
2 8  19601
2 9  19602
2 10  19606
2 11  19610
2 12  19611
3 0  19617
3 1  19623
3 2  19631
3 3  19634
3 4  19639
3 5  19644
3 6  19650
3 7  19654
3 8  19655
3 9  19661
3 10  19666
3 11  19669
3 12  19672
4 0  19677
4 1  19682
4 2  19687
4 3  19691
4 4  19696
4 5  19699
4 6  19705
4 7  19709
4 8  19714
4 9  19719
4 10  19723
4 11  19729
4 12  19732
5 0  19737
5 1  19740
5 2  19744
5 3  19745
5 4  19750
5 5  19753
5 6  19756
5 7  19757
5 8  19761
5 9  19764
5 10  19767
5 11  19771
5 12  19776
6 0  19780
6 1  19785
6 2  19789
6 3  19793
6 4  19797
6 5  19800
6 6  19803
6 7  19807
6 8  19810
6 9  19813
6 10  19817
6 11  19821
6 12  19828
7 0  19831
7 1  19835
7 2  19838
7 3  19841
7 4  19844
7 5  19847
7 6  19850
7 7  19851
7 8  19854
7 9  19859
7 10  19865
7 11  19869
7 12  19874
8 0  19879
8 1  19885
8 2  19886
8 3  19889
8 4  19894
8 5  19900
8 6  19903
8 7  19908
8 8  19914
8 9  19917
8 10  19923
8 11  19926
8 12  19930
9 0  19933
9 1  19937
9 2  19938
9 3  19943
9 4  19947
9 5  19952
9 6  19958
9 7  19963
9 8  19966
9 9  19970
9 10  19975
9 11  19980
9 12  19984
10 0  19987
10 1  19991
10 2  19995
10 3  19999
10 4  20003
10 5  20010
10 6  20015
10 7  20018
10 8  20021
10 9  20022
10 10  20026
10 11  20031
10 12  20034
11 0  20041
11 1  20045
11 2  20049
11 3  20053
11 4  20057
11 5  20060
11 6  20065
11 7  20066
11 8  20069
11 9  20073
11 10  20075
11 11  20079
11 12  20083
12 0  20086
12 1  20091
12 2  20095
12 3  20100
12 4  20107
12 5  20110
12 6  20115
12 7  20119
12 8  20122
12 9  20127
12 10  20132
12 11  20136
12 12  20141
13 0  20144
13 1  20148
13 2  20152
13 3  20157
13 4  20163
13 5  20166
13 6  20169
13 7  20174
13 8  20178
13 9  20181
13 10  20182
13 11  20187
13 12  20188
14 0  20191
14 1  20196
14 2  20197
14 3  20199
14 4  20202
14 5  20209
14 6  20215
14 7  20219
14 8  20222
14 9  20227
14 10  20232
14 11  20235
14 12  20236
15 0  20239
15 1  20242
15 2  20243
15 3  20246
15 4  20247
15 5  20248
15 6  20253
15 7  20257
15 8  20260
15 9  20265
15 10  20268
15 11  20273
15 12  20274
16 0  20277
16 1  20281
16 2  20284
16 3  20287
16 4  20292
16 5  20295
16 6  20298
16 7  20305
16 8  20308
16 9  20311
16 10  20312
16 11  20316
16 12  20317
17 0  20320
17 1  20326
17 2  20332
17 3  20336
17 4  20339
17 5  20343
17 6  20350
17 7  20351
17 8  20355
17 9  20361
17 10  20366
17 11  20369
17 12  20374
18 0  20378
18 1  20383
18 2  20386
18 3  20390
18 4  20396
18 5  20399
18 6  20402
18 7  20407
18 8  20410
18 9  20413
18 10  20416
18 11  20420
18 12  20423
19 0  20427
19 1  20431
19 2  20434
19 3  20435
19 4  20440
19 5  20445
19 6  20448
19 7  20453
19 8  20459
19 9  20464
19 10  20467
19 11  20470
19 12  20474
20 0  20475
20 1  20478
20 2  20481
20 3  20488
20 4  20493
20 5  20498
20 6  20503
20 7  20504
20 8  20509
20 9  20513
20 10  20518
20 11  20521
20 12  20527
21 0  20528
21 1  20532
21 2  20535
21 3  20538
21 4  20541
21 5  20546
21 6  20552
21 7  20557
21 8  20562
21 9  20563
21 10  20566
21 11  20569
21 12  20573
22 0  20577
22 1  20580
22 2  20581
22 3  20588
22 4  20591
22 5  20597
22 6  20598
22 7  20604
22 8  20607
22 9  20611
22 10  20617
22 11  20622
22 12  20626
23 0  20627
23 1  20631
23 2  20636
23 3  20642
23 4  20646
23 5  20650
23 6  20654
23 7  20657
23 8  20662
23 9  20665
23 10  20669
23 11  20673
23 12  20678
24 0  20684
24 1  20688
24 2  20692
24 3  20695
24 4  20698
24 5  20701
24 6  20704
24 7  20705
24 8  20709
24 9  20713
24 10  20721
24 11  20725
24 12  20726
25 0  20729
25 1  20730
25 2  20734
25 3  20737
25 4  20741
25 5  20746
25 6  20751
25 7  20756
25 8  20757
25 9  20760
25 10  20763
25 11  20767
25 12  20768
26 0  20771
26 1  20775
26 2  20783
26 3  20787
26 4  20792
26 5  20796
26 6  20799
26 7  20800
26 8  20801
26 9  20806
26 10  20809
26 11  20812
26 12  20815
27 0  20819
27 1  20822
27 2  20825
27 3  20830
27 4  20833
27 5  20837
27 6  20840
27 7  20846
27 8  20850
27 9  20851
27 10  20852
27 11  20858
27 12  20862
28 0  20865
28 1  20870
28 2  20873
28 3  20874
28 4  20878
28 5  20881
28 6  20885
28 7  20889
28 8  20892
28 9  20896
28 10  20901
28 11  20908
28 12  20912
29 0  20915
29 1  20918
29 2  20922
29 3  20925
29 4  20930
29 5  20933
29 6  20934
29 7  20937
29 8  20942
29 9  20945
29 10  20948
29 11  20953
29 12  20954
30 0  20957
30 1  20961
30 2  20966
30 3  20967
30 4  20970
30 5  20973
30 6  20974
30 7  20977
30 8  20982
30 9  20986
30 10  20989
30 11  20992
30 12  20995
31 0  20998
31 1  21002
31 2  21005
31 3  21008
31 4  21014
31 5  21017
31 6  21018
31 7  21019
31 8  21024
31 9  21028
31 10  21033
31 11  21036
31 12  21039
32 0  21044
32 1  21047
32 2  21050
32 3  21054
32 4  21060
32 5  21063
32 6  21064
32 7  21067
32 8  21070
32 9  21075
32 10  21080
32 11  21081
32 12  21084
33 0  21087
33 1  21088
33 2  21089
33 3  21096
33 4  21100
33 5  21101
33 6  21104
33 7  21109
33 8  21115
33 9  21120
33 10  21124
33 11  21130
33 12  21131
34 0  21136
34 1  21139
34 2  21144
34 3  21145
34 4  21152
34 5  21158
34 6  21161
34 7  21164
34 8  21167
34 9  21169
34 10  21172
34 11  21178
34 12  21183
35 0  21186
35 1  21191
35 2  21197
35 3  21201
35 4  21204
35 5  21207
35 6  21208
35 7  21211
35 8  21216
35 9  21220
35 10  21225
35 11  21228
35 12  21233
36 0  21238
36 1  21244
36 2  21245
36 3  21248
36 4  21253
36 5  21256
36 6  21261
36 7  21264
36 8  21267
36 9  21268
36 10  21269
36 11  21272
36 12  21277
37 0  21282
37 1  21283
37 2  21287
37 3  21292
37 4  21298
37 5  21302
37 6  21308
37 7  21309
37 8  21314
37 9  21318
37 10  21323
37 11  21324
37 12  21330
38 0  21335
38 1  21338
38 2  21341
38 3  21342
38 4  21347
38 5  21352
38 6  21357
38 7  21362
38 8  21363
38 9  21368
38 10  21371
38 11  21374
38 12  21381
39 0  21382
39 1  21385
39 2  21390
39 3  21396
39 4  21400
39 5  21405
39 6  21408
39 7  21412
39 8  21415
39 9  21416
39 10  21419
39 11  21422
39 12  21426
40 0  21429
40 1  21433
40 2  21437
40 3  21440
40 4  21443
40 5  21446
40 6  21449
40 7  21455
40 8  21458
40 9  21463
40 10  21466
40 11  21469
40 12  21472
41 0  21477
41 1  21480
41 2  21484
41 3  21489
41 4  21492
41 5  21495
41 6  21498
41 7  21500
41 8  21504
41 9  21507
41 10  21510
41 11  21514
41 12  21515
42 0  21518
42 1  21521
42 2  21525
42 3  21530
42 4  21533
42 5  21538
42 6  21543
42 7  21546
42 8  21551
42 9  21556
42 10  21560
42 11  21564
42 12  21567
43 0  21573
43 1  21574
43 2  21580
43 3  21585
43 4  21588
43 5  21594
43 6  21601
43 7  21606
43 8  21611
43 9  21614
43 10  21618
43 11  21623
43 12  21624
44 0  21625
44 1  21629
44 2  21630
44 3  21633
44 4  21637
44 5  21640
44 6  21645
44 7  21648
44 8  21655
44 9  21656
44 10  21661
44 11  21666
44 12  21667
45 0  21670
45 1  21675
45 2  21676
45 3  21679
45 4  21683
45 5  21684
45 6  21690
45 7  21694
45 8  21697
45 9  21702
45 10  21708
45 11  21711
45 12  21716
46 0  21720
46 1  21725
46 2  21728
46 3  21731
46 4  21737
46 5  21738
46 6  21741
46 7  21744
46 8  21745
46 9  21748
46 10  21752
46 11  21758
46 12  21759
47 0  21760
47 1  21763
47 2  21766
47 3  21769
47 4  21773
47 5  21776
47 6  21779
47 7  21784
47 8  21787
47 9  21792
47 10  21795
47 11  21799
47 12  21802
48 0  21807
48 1  21811
48 2  21814
48 3  21817
48 4  21820
48 5  21824
48 6  21828
48 7  21831
48 8  21834
48 9  21838
48 10  21843
48 11  21844
48 12  21845
49 0  21849
49 1  21855
49 2  21860
49 3  21863
49 4  21868
49 5  21873
49 6  21876
49 7  21880
49 8  21884
49 9  21887
49 10  21888
49 11  21891
49 12  21896
50 0  21897
50 1  21901
50 2  21902
50 3  21906
50 4  21910
50 5  21911
50 6  21916
50 7  21919
50 8  21920
50 9  21921
50 10  21922
50 11  21925
50 12  21929
51 0  21932
51 1  21935
51 2  21938
51 3  21941
51 4  21948
51 5  21952
51 6  21956
51 7  21961
51 8  21966
51 9  21971
51 10  21972
51 11  21975
51 12  21979
52 0  21982
52 1  21986
52 2  21991
52 3  21996
52 4  22000
52 5  22004
52 6  22007
52 7  22011
52 8  22014
52 9  22019
52 10  22024
52 11  22025
52 12  22028
53 0  22035
53 1  22038
53 2  22041
53 3  22042
53 4  22046
53 5  22047
53 6  22052
53 7  22058
53 8  22061
53 9  22064
53 10  22069
53 11  22070
53 12  22071
54 0  22077
54 1  22078
54 2  22082
54 3  22083
54 4  22084
54 5  22087
54 6  22092
54 7  22099
54 8  22102
54 9  22106
54 10  22107
54 11  22111
54 12  22115
55 0  22118
55 1  22123
55 2  22127
55 3  22128
55 4  22131
55 5  22134
55 6  22137
55 7  22140
55 8  22143
55 9  22148
55 10  22153
55 11  22158
55 12  22159
56 0  22164
56 1  22168
56 2  22169
56 3  22175
56 4  22178
56 5  22181
56 6  22185
56 7  22189
56 8  22190
56 9  22193
56 10  22196
56 11  22200
56 12  22205
57 0  22206
57 1  22209
57 2  22216
57 3  22217
57 4  22223
57 5  22227
57 6  22232
57 7  22237
57 8  22240
57 9  22243
57 10  22246
57 11  22247
57 12  22251
58 0  22254
58 1  22257
58 2  22260
58 3  22263
58 4  22266
58 5  22268
58 6  22273
58 7  22276
58 8  22279
58 9  22284
58 10  22287
58 11  22292
58 12  22297
59 0  22301
59 1  22302
59 2  22303
59 3  22307
59 4  22308
59 5  22313
59 6  22316
59 7  22319
59 8  22322
59 9  22327
59 10  22328
59 11  22333
59 12  22336
60 0  22339
60 1  22343
60 2  22348
60 3  22351
60 4  22356
60 5  22359
60 6  22362
60 7  22365
60 8  22369
60 9  22372
60 10  22377
60 11  22378
60 12  22384
61 0  22389
61 1  22392
61 2  22396
61 3  22397
61 4  22403
61 5  22406
61 6  22412
61 7  22415
61 8  22420
61 9  22421
61 10  22424
61 11  22427
61 12  22432
62 0  22436
62 1  22439
62 2  22443
62 3  22446
62 4  22451
62 5  22452
62 6  22456
62 7  22459
62 8  22462
62 9  22463
62 10  22469
62 11  22472
62 12  22475
63 0  22479
63 1  22483
63 2  22484
63 3  22487
63 4  22491
63 5  22494
63 6  22495
63 7  22500
63 8  22503
63 9  22504
63 10  22510
63 11  22513
63 12  22516
