size: 1009
Tuples
0 0  26344
0 1  26346
0 2  26348
0 3  26350
0 4  26352
0 5  26354
0 6  26356
0 7  26358
0 8  26360
0 9  26362
0 10  26364
0 11  26366
0 12  26368
1 0  26370
1 1  26372
1 2  26374
1 3  26376
1 4  26378
1 5  26380
1 6  26382
1 7  26384
1 8  26386
1 9  26388
1 10  26390
1 11  26392
1 12  26394
2 0  26396
2 1  26398
2 2  26400
2 3  26402
2 4  26404
2 5  26406
2 6  26408
2 7  26410
2 8  26412
2 9  26414
2 10  26416
2 11  26418
2 12  26420
3 0  26422
3 1  26424
3 2  26426
3 3  26428
3 4  26430
3 5  26432
3 6  26434
3 7  26436
3 8  26438
3 9  26440
4 0  1
4 1  146
4 2  1211
4 3  1690
4 4  1851
4 5  2
4 6  8
4 7  889
4 8  1018
4 9  3
4 10  963
4 11  4852
4 12  2
4 13  4
4 14  11
4 15  889
5 0  1018
5 1  1497
5 2  1607
5 3  5
5 4  93
5 5  143
5 6  1470
5 7  1710
5 8  1787
5 9  6
5 10  40
5 11  64
5 12  3274
5 13  7
5 14  101
5 15  1694
6 0  3207
6 1  8
6 2  51
6 3  889
6 4  1018
6 5  1551
6 6  9
6 7  32
6 8  61
6 9  134
6 10  745
6 11  10
6 12  105
6 13  919
6 14  1496
6 15  5593
7 0  11
7 1  37
7 2  1018
7 3  1607
7 4  12
7 5  702
7 6  1278
7 7  4331
7 8  13
7 9  153
7 10  1261
7 11  1770
7 12  4375
7 13  14
7 14  707
7 15  1890
8 0  4328
8 1  15
8 2  127
8 3  1344
8 4  1890
8 5  16
8 6  62
8 7  135
8 8  1557
8 9  17
8 10  693
8 11  1151
8 12  1481
8 13  18
8 14  21
8 15  59
9 0  1079
9 1  1183
9 2  1504
9 3  19
9 4  149
9 5  1261
9 6  1791
9 7  2977
9 8  20
9 9  779
9 10  1006
9 11  1025
9 12  1151
9 13  21
9 14  59
9 15  985
10 0  1078
10 1  1131
10 2  1303
10 3  3974
10 4  16
10 5  22
10 6  62
10 7  135
10 8  1373
10 9  23
10 10  790
10 11  1076
10 12  1162
10 13  24
10 14  661
10 15  1557
11 0  3641
11 1  25
11 2  1210
11 3  1509
11 4  1885
11 5  4979
11 6  26
11 7  755
11 8  2256
11 9  27
11 10  30
11 11  866
11 12  1428
11 13  28
11 14  713
11 15  755
12 0  871
12 1  1130
12 2  29
12 3  89
12 4  903
12 5  1131
12 6  29
12 7  30
12 8  89
12 9  903
12 10  1428
12 11  31
12 12  931
12 13  2499
12 14  4888
12 15  32
13 0  63
13 1  914
13 2  33
13 3  58
13 4  1134
13 5  2866
13 6  34
13 7  142
13 8  1470
13 9  1848
13 10  35
13 11  133
13 12  1079
13 13  3974
13 14  4
13 15  36
14 0  1146
14 1  1497
14 2  1536
14 3  9
14 4  37
14 5  56
14 6  745
14 7  1607
14 8  38
14 9  85
14 10  941
14 11  970
14 12  1232
14 13  2241
14 14  39
14 15  145
15 0  681
15 1  1146
15 2  1497
15 3  40
15 4  49
15 5  125
15 6  764
15 7  1551
15 8  16
15 9  41
15 10  1271
15 11  1284
15 12  2163
15 13  2661
15 14  42
15 15  908
16 0  1353
16 1  1373
16 2  5571
16 3  43
16 4  124
16 5  903
16 6  5571
16 7  44
16 8  755
16 9  868
16 10  1299
16 11  1668
16 12  6028
16 13  45
16 14  94
16 15  112
17 0  866
17 1  871
17 2  1430
17 3  46
17 4  140
17 5  723
17 6  879
17 7  986
17 8  47
17 9  1183
17 10  1504
17 11  2543
17 12  2866
17 13  48
17 14  899
17 15  3670
18 0  4888
18 1  6
18 2  49
18 3  99
18 4  662
18 5  764
18 6  4375
18 7  50
18 8  809
18 9  1016
18 10  1433
18 11  1662
18 12  2095
18 13  51
18 14  53
18 15  692
19 0  1551
19 1  43
19 2  52
19 3  1428
19 4  5571
19 5  8
19 6  53
19 7  692
19 8  889
19 9  1495
19 10  54
19 11  125
19 12  764
19 13  55
19 14  852
19 15  853
20 0  1851
20 1  3631
20 2  56
20 3  117
20 4  745
20 5  1607
20 6  27
20 7  57
20 8  1130
20 9  1428
20 10  18
20 11  58
20 12  120
20 13  1504
20 14  58
20 15  59
21 0  120
21 1  985
21 2  60
21 3  914
21 4  3631
21 5  3670
21 6  32
21 7  61
21 8  858
21 9  54
21 10  62
21 11  125
21 12  661
21 13  1557
21 14  33
21 15  48
22 0  63
22 1  914
22 2  2866
22 3  40
22 4  64
22 5  1551
22 6  3274
22 7  49
22 8  65
22 9  764
22 10  3641
22 11  4375
22 12  66
22 13  712
22 14  814
22 15  1096
23 0  1783
23 1  67
23 2  144
23 3  723
23 4  725
23 5  790
23 6  3705
23 7  5258
23 8  68
23 9  819
23 10  1208
23 11  1670
23 12  1840
23 13  2912
23 14  6501
23 15  28
24 0  69
24 1  1130
24 2  1353
24 3  2256
24 4  70
24 5  720
24 6  897
24 7  1077
24 8  1707
24 9  71
24 10  710
24 11  1300
24 12  3297
24 13  6028
24 14  72
24 15  151
25 0  1559
25 1  2977
25 2  3297
25 3  73
25 4  667
25 5  779
25 6  1541
25 7  1711
25 8  74
25 9  822
25 10  1375
25 11  75
25 12  834
25 13  1710
25 14  1848
25 15  76
26 0  715
26 1  1350
26 2  1638
26 3  3538
26 4  77
26 5  726
26 6  1350
26 7  1783
26 8  78
26 9  841
26 10  1675
26 11  2872
26 12  79
26 13  700
26 14  1363
26 15  4507
27 0  5593
27 1  6466
27 2  80
27 3  145
27 4  1514
27 5  4328
27 6  56
27 7  81
27 8  745
27 9  853
27 10  1851
27 11  79
27 12  82
27 13  1661
27 14  4507
27 15  5461
28 0  5593
28 1  38
28 2  83
28 3  1232
28 4  1770
28 5  2335
28 6  84
28 7  738
28 8  1029
28 9  1268
28 10  1903
28 11  85
28 12  126
28 13  707
28 14  1339
28 15  86
29 0  836
29 1  1192
29 2  1892
29 3  17
29 4  87
29 5  810
29 6  1416
29 7  4635
29 8  88
29 9  660
29 10  710
29 11  1300
29 12  3956
29 13  5711
29 14  27
29 15  89
30 0  94
30 1  866
30 2  1131
30 3  35
30 4  90
30 5  140
30 6  986
30 7  1165
30 8  2499
30 9  91
30 10  1011
30 11  1076
30 12  1599
30 13  1638
30 14  4916
30 15  92
31 0  928
31 1  1163
31 2  1171
31 3  1389
31 4  4574
31 5  93
31 6  1019
31 7  1136
31 8  1470
31 9  3670
31 10  94
31 11  727
31 12  866
31 13  1303
31 14  95
31 15  992
32 0  1276
32 1  2273
32 2  5405
32 3  96
32 4  994
32 5  1878
32 6  97
32 7  148
32 8  1330
32 9  1336
32 10  1438
32 11  1732
32 12  1754
32 13  98
32 14  4292
32 15  4887
33 0  5636
33 1  6
33 2  99
33 3  842
33 4  1344
33 5  2335
33 6  79
33 7  100
33 8  699
33 9  1363
33 10  2282
33 11  6466
33 12  101
33 13  742
33 14  746
33 15  1694
34 0  1695
34 1  102
34 2  138
34 3  947
34 4  1168
34 5  5258
34 6  103
34 7  727
34 8  847
34 9  1078
34 10  1303
34 11  1430
34 12  104
34 13  974
34 14  4415
34 15  4967
35 0  5605
35 1  39
35 2  105
35 3  145
35 4  681
35 5  856
35 6  1496
35 7  106
35 8  746
35 9  1192
35 10  1567
35 11  2252
35 12  2282
35 13  107
35 14  976
35 15  1201
36 0  1285
36 1  3966
36 2  108
36 3  141
36 4  789
36 5  879
36 6  1885
36 7  3000
36 8  109
36 9  856
36 10  919
36 11  1496
36 12  1690
36 13  3095
36 14  110
36 15  2531
37 0  4228
37 1  4569
37 2  4742
37 3  5153
37 4  111
37 5  776
37 6  978
37 7  2486
37 8  3752
37 9  5103
37 10  112
37 11  113
37 12  715
37 13  871
37 14  1162
37 15  1430
38 0  103
38 1  113
38 2  723
38 3  847
38 4  1162
38 5  1430
38 6  114
38 7  798
38 8  1190
38 9  4244
38 10  4845
38 11  115
38 12  703
38 13  1363
38 14  1514
38 15  116
39 0  152
39 1  1339
39 2  1347
39 3  3207
39 4  4
39 5  39
39 6  81
39 7  117
39 8  681
39 9  1497
39 10  1607
39 11  118
39 12  150
39 13  1268
39 14  5616
39 15  6401
40 0  42
40 1  119
40 2  1373
40 3  2661
40 4  29
40 5  120
40 6  903
40 7  985
40 8  121
40 9  1447
40 10  1506
40 11  1833
40 12  2778
40 13  13
40 14  122
40 15  1232
41 0  1770
41 1  4331
41 2  123
41 3  660
41 4  865
41 5  1711
41 6  1783
41 7  22
41 8  42
41 9  124
41 10  1373
41 11  5571
41 12  125
41 13  764
41 14  1551
41 15  126
42 0  699
42 1  703
42 2  968
42 3  1339
42 4  2252
42 5  53
42 6  127
42 7  692
42 8  1495
42 9  1536
42 10  4328
42 11  38
42 12  128
42 13  810
42 14  2241
42 15  2933
43 0  4331
43 1  71
43 2  129
43 3  1025
43 4  1123
43 5  1153
43 6  1481
43 7  2662
43 8  77
43 9  130
43 10  780
43 11  1350
43 12  131
43 13  819
43 14  1102
43 15  1389
44 0  3453
44 1  3620
44 2  132
44 3  700
44 4  1016
44 5  1662
44 6  1754
44 7  4507
44 8  31
44 9  90
44 10  133
44 11  2499
44 12  2543
44 13  61
44 14  134
44 15  858
45 0  3631
45 1  41
45 2  135
45 3  2661
45 4  136
45 5  671
45 6  824
45 7  947
45 8  1077
45 9  1583
45 10  137
45 11  1051
45 12  1065
45 13  1331
45 14  1713
45 15  3453
46 0  138
46 1  883
46 2  2088
46 3  3000
46 4  4574
46 5  74
46 6  136
46 7  139
46 8  824
46 9  1245
46 10  1583
46 11  3401
46 12  140
46 13  752
46 14  879
46 15  986
47 0  1165
47 1  25
47 2  141
47 3  1171
47 4  1625
47 5  1885
47 6  3620
47 7  142
47 8  821
47 9  1165
47 10  1848
47 11  2499
47 12  4979
47 13  34
47 14  143
47 15  1470
48 0  1848
48 1  102
48 2  144
48 3  947
48 4  3705
48 5  5258
48 6  10
48 7  145
48 8  794
48 9  1146
48 10  1514
48 11  146
48 12  852
48 13  1702
48 14  1787
48 15  1878
49 0  2872
49 1  147
49 2  1083
49 3  1228
49 4  2273
49 5  3453
49 6  148
49 7  729
49 8  1330
49 9  1438
49 10  2095
49 11  149
49 12  1261
49 13  1278
49 14  1559
49 15  2977
50 0  84
50 1  150
50 2  973
50 3  1268
50 4  1903
50 5  2703
50 6  2890
50 7  5616
50 8  19
50 9  151
50 10  1381
50 11  1791
50 12  2163
50 13  2977
50 14  126
50 15  152
51 0  1339
51 1  1567
51 2  2252
51 3  3207
51 4  19
51 5  65
51 6  153
51 7  1261
51 8  1791
51 9  3641
51 10  4375
51 11  154
51 12  1541
51 13  2298
51 14  3214
51 15  3857
52 0  5842
52 1  6158
52 2  155
52 3  610
52 4  1658
52 5  3366
52 6  3779
52 7  6641
52 8  156
52 9  399
52 10  3093
52 11  6049
52 12  6584
52 13  157
52 14  958
52 15  3093
53 0  6673
53 1  158
53 2  830
53 3  958
53 4  6677
53 5  159
53 6  632
53 7  830
53 8  1309
53 9  6682
53 10  160
53 11  732
53 12  1806
53 13  6679
53 14  161
53 15  1107
54 0  2093
54 1  6667
54 2  162
54 3  1400
54 4  4322
54 5  4508
54 6  6656
54 7  163
54 8  1886
54 9  2121
54 10  2369
54 11  6606
54 12  164
54 13  1765
54 14  2121
54 15  4204
55 0  6636
55 1  165
55 2  1765
55 3  4030
55 4  6570
55 5  166
55 6  3882
55 7  4721
55 8  5965
55 9  6571
55 10  167
55 11  1311
55 12  1766
55 13  3882
55 14  5308
55 15  6635
56 0  168
56 1  2332
56 2  2468
56 3  3583
56 4  6597
56 5  169
56 6  2962
56 7  4324
56 8  5131
56 9  6565
56 10  170
56 11  684
56 12  685
56 13  1618
56 14  4324
56 15  6680
57 0  171
57 1  5177
57 2  6375
57 3  6556
57 4  172
57 5  1593
57 6  1850
57 7  1954
57 8  5177
57 9  6646
57 10  173
57 11  1460
57 12  1593
57 13  2963
57 14  6590
57 15  174
58 0  571
58 1  2170
58 2  2827
58 3  2963
58 4  4766
58 5  6684
58 6  175
58 7  2875
58 8  6376
58 9  6540
58 10  176
58 11  640
58 12  1525
58 13  2124
58 14  2876
58 15  6376
59 0  6651
59 1  177
59 2  2784
59 3  6591
59 4  178
59 5  1861
59 6  2784
59 7  4853
59 8  6625
59 9  179
59 10  1861
59 11  3790
59 12  5735
59 13  6574
59 14  180
59 15  1112
60 0  1900
60 1  3790
60 2  6011
60 3  6621
60 4  181
60 5  552
60 6  1258
60 7  1900
60 8  2648
60 9  6661
60 10  182
60 11  1746
60 12  4511
60 13  6637
60 14  183
60 15  1089
61 0  1230
61 1  1746
61 2  4209
61 3  5506
61 4  6668
61 5  184
61 6  2069
61 7  6607
61 8  185
61 9  458
61 10  1776
61 11  3509
61 12  4297
61 13  6634
61 14  186
61 15  1691
62 0  1706
62 1  6425
62 2  6639
62 3  187
62 4  1797
62 5  2338
62 6  6380
62 7  6596
62 8  188
62 9  1767
62 10  1931
62 11  4679
62 12  6330
62 13  6617
62 14  189
62 15  1723
63 0  1889
63 1  5091
63 2  5551
63 3  6549
63 4  190
63 5  3244
63 6  3842
63 7  5551
63 8  6573
63 9  191
63 10  5269
63 11  5739
63 12  6554
63 13  192
63 14  1114
63 15  1789
