size: 822
Tuples
0 0  2168
0 1  515
0 2  1653
1 0  1
1 1  6
1 2  10
1 3  13
1 4  20
1 5  26
1 6  30
1 7  34
1 8  39
1 9  44
1 10  49
1 11  53
1 12  57
2 0  62
2 1  66
2 2  70
2 3  74
2 4  78
2 5  84
2 6  89
2 7  94
2 8  101
2 9  106
2 10  110
2 11  114
2 12  119
3 0  122
3 1  126
3 2  131
3 3  135
3 4  140
3 5  144
3 6  147
3 7  151
3 8  155
3 9  159
3 10  164
3 11  169
3 12  175
4 0  180
4 1  185
4 2  191
4 3  196
4 4  200
4 5  206
4 6  212
4 7  217
4 8  222
4 9  226
4 10  232
4 11  238
4 12  242
5 0  246
5 1  251
5 2  254
5 3  259
5 4  263
5 5  267
5 6  271
5 7  275
5 8  279
5 9  282
5 10  287
5 11  292
5 12  296
6 0  301
6 1  306
6 2  313
6 3  320
6 4  325
6 5  330
6 6  335
6 7  340
6 8  345
6 9  348
6 10  352
6 11  357
6 12  361
7 0  365
7 1  371
7 2  375
7 3  380
7 4  386
7 5  391
7 6  396
7 7  400
7 8  404
7 9  409
7 10  415
7 11  420
7 12  426
8 0  432
8 1  438
8 2  443
8 3  447
8 4  452
8 5  455
8 6  462
8 7  466
8 8  471
8 9  477
8 10  482
8 11  487
8 12  493
9 0  498
9 1  504
9 2  510
9 3  515
9 4  521
9 5  527
9 6  533
9 7  539
9 8  545
9 9  551
9 10  556
9 11  560
9 12  565
10 0  572
10 1  577
10 2  581
10 3  585
10 4  590
10 5  595
10 6  600
10 7  605
10 8  608
10 9  614
10 10  620
10 11  626
10 12  633
11 0  637
11 1  643
11 2  649
11 3  654
11 4  658
11 5  661
11 6  667
11 7  673
11 8  678
11 9  685
11 10  690
11 11  696
11 12  702
12 0  706
12 1  711
12 2  716
12 3  722
12 4  727
12 5  732
12 6  737
12 7  745
12 8  751
12 9  757
12 10  764
12 11  771
12 12  777
13 0  782
13 1  786
13 2  790
13 3  795
13 4  799
13 5  803
13 6  808
13 7  813
13 8  818
13 9  822
13 10  827
13 11  833
13 12  838
14 0  843
14 1  849
14 2  853
14 3  859
14 4  864
14 5  871
14 6  875
14 7  882
14 8  885
14 9  890
14 10  895
14 11  901
14 12  907
15 0  911
15 1  918
15 2  921
15 3  927
15 4  932
15 5  937
15 6  943
15 7  949
15 8  954
15 9  958
15 10  964
15 11  970
15 12  974
16 0  979
16 1  985
16 2  991
16 3  997
16 4  1002
16 5  1007
16 6  1012
16 7  1016
16 8  1023
16 9  1028
16 10  1033
16 11  1039
16 12  1044
17 0  1049
17 1  1054
17 2  1060
17 3  1063
17 4  1067
17 5  1072
17 6  1076
17 7  1081
17 8  1087
17 9  1091
17 10  1095
17 11  1099
17 12  1103
18 0  1106
18 1  1110
18 2  1113
18 3  1118
18 4  1121
18 5  1125
18 6  1129
18 7  1132
18 8  1136
18 9  1139
18 10  1143
18 11  1146
18 12  1150
19 0  1153
19 1  1156
19 2  1161
19 3  1164
19 4  1168
19 5  1171
19 6  1174
19 7  1178
19 8  1183
19 9  1186
19 10  1190
19 11  1193
19 12  1198
20 0  1202
20 1  1207
20 2  1211
20 3  1216
20 4  1220
20 5  1225
20 6  1229
20 7  1234
20 8  1238
20 9  1243
20 10  1248
20 11  1252
20 12  1258
21 0  1263
21 1  1269
21 2  1273
21 3  1278
21 4  1283
21 5  1288
21 6  1291
21 7  1294
21 8  1301
21 9  1307
21 10  1311
21 11  1316
21 12  1323
22 0  1330
22 1  1335
22 2  1341
22 3  1346
22 4  1351
22 5  1358
22 6  1363
22 7  1370
22 8  1376
22 9  1380
22 10  1387
22 11  1391
22 12  1395
23 0  1401
23 1  1407
23 2  1413
23 3  1417
23 4  1422
23 5  1426
23 6  1432
23 7  1435
23 8  1441
23 9  1447
23 10  1450
23 11  1455
23 12  1460
24 0  1464
24 1  1468
24 2  1473
24 3  1477
24 4  1482
24 5  1487
24 6  1491
24 7  1494
24 8  1499
24 9  1503
24 10  1509
24 11  1514
24 12  1521
25 0  1528
25 1  1534
25 2  1539
25 3  1542
25 4  1546
25 5  1551
25 6  1556
25 7  1561
25 8  1564
25 9  1569
25 10  1574
25 11  1578
25 12  1582
26 0  1588
26 1  1591
26 2  1596
26 3  1602
26 4  1607
26 5  1611
26 6  1616
26 7  1621
26 8  1626
26 9  1631
26 10  1635
26 11  1641
26 12  1644
27 0  1650
27 1  1655
27 2  1660
27 3  1666
27 4  1671
27 5  1677
27 6  1683
27 7  1688
27 8  1691
27 9  1695
27 10  1698
27 11  1704
27 12  1708
28 0  1712
28 1  1718
28 2  1723
28 3  1730
28 4  1735
28 5  1740
28 6  1744
28 7  1749
28 8  1753
28 9  1759
28 10  1764
28 11  1768
28 12  1773
29 0  1777
29 1  1783
29 2  1788
29 3  1792
29 4  1795
29 5  1800
29 6  1803
29 7  1806
29 8  1812
29 9  1817
29 10  1822
29 11  1827
29 12  1833
30 0  1839
30 1  1847
30 2  1852
30 3  1856
30 4  1861
30 5  1865
30 6  1871
30 7  1876
30 8  1881
30 9  1886
30 10  1892
30 11  1898
30 12  1902
31 0  1907
31 1  1913
31 2  1918
31 3  1922
31 4  1928
31 5  1932
31 6  1936
31 7  1941
31 8  1945
31 9  1950
31 10  1954
31 11  1960
31 12  1966
32 0  1972
32 1  1978
32 2  1983
32 3  1988
32 4  1993
32 5  1996
32 6  2002
32 7  2007
32 8  2013
32 9  2017
32 10  2021
32 11  2026
32 12  2030
33 0  2035
33 1  2041
33 2  2046
33 3  2050
33 4  2056
33 5  2061
33 6  2067
33 7  2072
33 8  2076
33 9  2080
33 10  2087
33 11  2091
33 12  2095
34 0  2101
34 1  2107
34 2  2112
34 3  2118
34 4  2123
34 5  2128
34 6  2133
34 7  2140
34 8  2145
34 9  2150
34 10  2155
34 11  2162
34 12  2166
35 0  2172
35 1  2178
35 2  2184
35 3  2188
35 4  2194
35 5  2197
35 6  2202
35 7  2206
35 8  2210
35 9  2217
35 10  2224
35 11  2229
35 12  2235
36 0  2239
36 1  2243
36 2  2248
36 3  2252
36 4  2257
36 5  2261
36 6  2266
36 7  2269
36 8  2274
36 9  2279
36 10  2285
36 11  2289
36 12  2297
37 0  2301
37 1  2304
37 2  2309
37 3  2314
37 4  2319
37 5  2324
37 6  2327
37 7  2332
37 8  2336
37 9  2341
37 10  2344
37 11  2350
37 12  2356
38 0  2362
38 1  2367
38 2  2370
38 3  2376
38 4  2383
38 5  2390
38 6  2395
38 7  2398
38 8  2405
38 9  2409
38 10  2415
38 11  2419
38 12  2424
39 0  2430
39 1  2437
39 2  2442
39 3  2446
39 4  2452
39 5  2456
39 6  2461
39 7  2465
39 8  2470
39 9  2475
39 10  2481
39 11  2486
39 12  2490
40 0  2494
40 1  2499
40 2  2502
40 3  2509
40 4  2513
40 5  2516
40 6  2522
40 7  2527
40 8  2531
40 9  2535
40 10  2541
40 11  2545
40 12  2550
41 0  2556
41 1  2562
41 2  2566
41 3  2569
41 4  2575
41 5  2579
41 6  2585
41 7  2592
41 8  2596
41 9  2602
41 10  2606
41 11  2611
41 12  2614
42 0  2618
42 1  2622
42 2  2626
42 3  2632
42 4  2636
42 5  2640
42 6  2646
42 7  2651
42 8  2655
42 9  2662
42 10  2669
42 11  2675
42 12  2678
43 0  2682
43 1  2687
43 2  2694
43 3  2700
43 4  2705
43 5  2711
43 6  2714
43 7  2719
43 8  2723
43 9  2727
43 10  2734
43 11  2738
43 12  2744
44 0  2748
44 1  2754
44 2  2758
44 3  2764
44 4  2768
44 5  2771
44 6  2777
44 7  2781
44 8  2786
44 9  2791
44 10  2798
44 11  2801
44 12  2807
45 0  2811
45 1  2816
45 2  2823
45 3  2829
45 4  2833
45 5  2839
45 6  2843
45 7  2848
45 8  2851
45 9  2856
45 10  2862
45 11  2867
45 12  2872
46 0  2876
46 1  2883
46 2  2888
46 3  2891
46 4  2896
46 5  2900
46 6  2906
46 7  2910
46 8  2915
46 9  2919
46 10  2924
46 11  2930
46 12  2934
47 0  2940
47 1  2946
47 2  2952
47 3  2956
47 4  2960
47 5  2964
47 6  2968
47 7  2975
47 8  2980
47 9  2984
47 10  2988
47 11  2993
47 12  2997
48 0  3000
48 1  3005
48 2  3008
48 3  3013
48 4  3021
48 5  3025
48 6  3029
48 7  3033
48 8  3037
48 9  3043
48 10  3047
48 11  3050
48 12  3055
49 0  3060
49 1  3066
49 2  3071
49 3  3078
49 4  3082
49 5  3088
49 6  3093
49 7  3100
49 8  3105
49 9  3109
49 10  3115
49 11  3119
49 12  3123
50 0  3129
50 1  3137
50 2  3142
50 3  3147
50 4  3151
50 5  3157
50 6  3160
50 7  3165
50 8  3171
50 9  3174
50 10  3179
50 11  3184
50 12  3188
51 0  3193
51 1  3200
51 2  3207
51 3  3211
51 4  3217
51 5  3221
51 6  3226
51 7  3232
51 8  3239
51 9  3243
51 10  3249
51 11  3255
51 12  3260
52 0  3266
52 1  3272
52 2  3278
52 3  3282
52 4  3288
52 5  3293
52 6  3299
52 7  3304
52 8  3309
52 9  3314
52 10  3318
52 11  3323
52 12  3329
53 0  3335
53 1  3343
53 2  3350
53 3  3356
53 4  3361
53 5  3364
53 6  3369
53 7  3375
53 8  3381
53 9  3387
53 10  3392
53 11  3398
53 12  3405
54 0  3411
54 1  3415
54 2  3421
54 3  3425
54 4  3430
54 5  3436
54 6  3441
54 7  3447
54 8  3452
54 9  3457
54 10  3462
54 11  3466
54 12  3471
55 0  3476
55 1  3481
55 2  3487
55 3  3492
55 4  3496
55 5  3501
55 6  3505
55 7  3511
55 8  3516
55 9  3520
55 10  3525
55 11  3530
55 12  3535
56 0  3541
56 1  3546
56 2  3551
56 3  3555
56 4  3560
56 5  3566
56 6  3569
56 7  3575
56 8  3580
56 9  3585
56 10  3592
56 11  3598
56 12  3602
57 0  3610
57 1  3618
57 2  3624
57 3  3629
57 4  3635
57 5  3641
57 6  3645
57 7  3649
57 8  3653
57 9  3658
57 10  3663
57 11  3667
57 12  3672
58 0  3677
58 1  3683
58 2  3688
58 3  3694
58 4  3697
58 5  3703
58 6  3708
58 7  3713
58 8  3718
58 9  3722
58 10  3728
58 11  3733
58 12  3739
59 0  3744
59 1  3748
59 2  3754
59 3  3759
59 4  3764
59 5  3768
59 6  3773
59 7  3777
59 8  3781
59 9  3787
59 10  3788
59 11  3792
59 12  3799
60 0  3806
60 1  3812
60 2  3817
60 3  3822
60 4  3827
60 5  3832
60 6  3837
60 7  3842
60 8  3848
60 9  3855
60 10  3860
60 11  3864
60 12  3870
61 0  3875
61 1  3880
61 2  3886
61 3  3891
61 4  3895
61 5  3901
61 6  3907
61 7  3912
61 8  3917
61 9  3922
61 10  3925
61 11  3931
61 12  3934
62 0  3940
62 1  3945
62 2  3951
62 3  3955
62 4  3963
62 5  3969
62 6  3974
62 7  3979
62 8  3985
62 9  3990
62 10  3998
62 11  4005
62 12  4011
63 0  4017
63 1  4021
63 2  4026
63 3  4032
63 4  4038
63 5  4041
63 6  4047
63 7  4053
63 8  4057
63 9  4062
63 10  4067
63 11  4074
63 12  4078
