size: 832
Tuples
0 0  8127
0 1  8131
0 2  8136
0 3  8140
0 4  8145
0 5  8149
0 6  8152
0 7  8157
0 8  8162
0 9  8166
0 10  8169
0 11  8172
0 12  8177
1 0  8181
1 1  8186
1 2  8190
1 3  8193
1 4  8196
1 5  8203
1 6  8206
1 7  8212
1 8  8219
1 9  8224
1 10  8230
1 11  8234
1 12  8238
2 0  8242
2 1  8247
2 2  8254
2 3  8260
2 4  8264
2 5  8269
2 6  8273
2 7  8279
2 8  8282
2 9  8288
2 10  8295
2 11  8301
2 12  8308
3 0  8312
3 1  8317
3 2  8323
3 3  8329
3 4  8334
3 5  8335
3 6  8340
3 7  8346
3 8  8350
3 9  8355
3 10  8360
3 11  8365
3 12  8368
4 0  8373
4 1  8377
4 2  8382
4 3  8388
4 4  8389
4 5  8396
4 6  8402
4 7  8407
4 8  8408
4 9  8413
4 10  8416
4 11  8422
4 12  8426
5 0  8430
5 1  8436
5 2  8440
5 3  8445
5 4  8450
5 5  8455
5 6  8459
5 7  8462
5 8  8467
5 9  8471
5 10  8476
5 11  8482
5 12  8486
6 0  8492
6 1  8495
6 2  8501
6 3  8504
6 4  8508
6 5  8514
6 6  8518
6 7  8524
6 8  8531
6 9  8535
6 10  8541
6 11  8546
6 12  8553
7 0  8558
7 1  8563
7 2  8568
7 3  8574
7 4  8579
7 5  8583
7 6  8586
7 7  8591
7 8  8598
7 9  8602
7 10  8606
7 11  8611
7 12  8612
8 0  8616
8 1  8620
8 2  8627
8 3  8632
8 4  8637
8 5  8642
8 6  8646
8 7  8650
8 8  8654
8 9  8658
8 10  8662
8 11  8669
8 12  8673
9 0  8679
9 1  8684
9 2  8687
9 3  8693
9 4  8697
9 5  8704
9 6  8710
9 7  8715
9 8  8720
9 9  8725
9 10  8732
9 11  8737
9 12  8740
10 0  8744
10 1  8748
10 2  8749
10 3  8754
10 4  8759
10 5  8766
10 6  8769
10 7  8773
10 8  8775
10 9  8779
10 10  8782
10 11  8786
10 12  8789
11 0  8792
11 1  8796
11 2  8799
11 3  8804
11 4  8809
11 5  8815
11 6  8820
11 7  8823
11 8  8828
11 9  8834
11 10  8839
11 11  8845
11 12  8849
12 0  8854
12 1  8861
12 2  8867
12 3  8873
12 4  8878
12 5  8883
12 6  8886
12 7  8890
12 8  8894
12 9  8899
12 10  8903
12 11  8909
12 12  8916
13 0  8923
13 1  8929
13 2  8935
13 3  8941
13 4  8948
13 5  8952
13 6  8957
13 7  8962
13 8  8968
13 9  8974
13 10  8977
13 11  8982
13 12  8986
14 0  8987
14 1  8993
14 2  8998
14 3  9002
14 4  9006
14 5  9011
14 6  9018
14 7  9019
14 8  9024
14 9  9028
14 10  9032
14 11  9038
14 12  9042
15 0  9047
15 1  9051
15 2  9052
15 3  9058
15 4  9061
15 5  9062
15 6  9068
15 7  9073
15 8  9080
15 9  9084
15 10  9088
15 11  9094
15 12  9100
16 0  9105
16 1  9110
16 2  9116
16 3  9123
16 4  9130
16 5  9135
16 6  9139
16 7  9145
16 8  9150
16 9  9157
16 10  9161
16 11  9167
16 12  9172
17 0  9176
17 1  9179
17 2  9185
17 3  9190
17 4  9195
17 5  9200
17 6  9203
17 7  9208
17 8  9214
17 9  9220
17 10  9223
17 11  9229
17 12  9234
18 0  9235
18 1  9238
18 2  9241
18 3  9247
18 4  9252
18 5  9255
18 6  9259
18 7  9262
18 8  9267
18 9  9271
18 10  9277
18 11  9284
18 12  9288
19 0  9293
19 1  9297
19 2  9301
19 3  9306
19 4  9311
19 5  9312
19 6  9317
19 7  9320
19 8  9325
19 9  9331
19 10  9335
19 11  9341
19 12  9346
20 0  9350
20 1  9354
20 2  9359
20 3  9365
20 4  9373
20 5  9379
20 6  9383
20 7  9389
20 8  9394
20 9  9398
20 10  9402
20 11  9405
20 12  9411
21 0  9416
21 1  9421
21 2  9425
21 3  9427
21 4  9428
21 5  9434
21 6  9438
21 7  9442
21 8  9449
21 9  9451
21 10  9456
21 11  9461
21 12  9465
22 0  9469
22 1  9475
22 2  9479
22 3  9487
22 4  9492
22 5  9498
22 6  9503
22 7  9505
22 8  9508
22 9  9513
22 10  9518
22 11  9523
22 12  9527
23 0  9531
23 1  9534
23 2  9538
23 3  9543
23 4  9548
23 5  9554
23 6  9561
23 7  9566
23 8  9571
23 9  9576
23 10  9580
23 11  9588
23 12  9593
24 0  9598
24 1  9602
24 2  9606
24 3  9609
24 4  9614
24 5  9620
24 6  9623
24 7  9627
24 8  9632
24 9  9636
24 10  9642
24 11  9648
24 12  9652
25 0  9657
25 1  9661
25 2  9665
25 3  9670
25 4  9675
25 5  9680
25 6  9684
25 7  9687
25 8  9691
25 9  9695
25 10  9700
25 11  9705
25 12  9710
26 0  9716
26 1  9722
26 2  9729
26 3  9734
26 4  9740
26 5  9743
26 6  9748
26 7  9754
26 8  9757
26 9  9760
26 10  9764
26 11  9769
26 12  9775
27 0  9779
27 1  9782
27 2  9787
27 3  9792
27 4  9798
27 5  9803
27 6  9808
27 7  9814
27 8  9818
27 9  9823
27 10  9827
27 11  9832
27 12  9835
28 0  9838
28 1  9844
28 2  9850
28 3  9854
28 4  9860
28 5  9864
28 6  9871
28 7  9875
28 8  9880
28 9  9886
28 10  9891
28 11  9897
28 12  9902
29 0  9907
29 1  9910
29 2  9914
29 3  9919
29 4  9923
29 5  9927
29 6  9933
29 7  9936
29 8  9940
29 9  9944
29 10  9948
29 11  9953
29 12  9958
30 0  9961
30 1  9965
30 2  9970
30 3  9974
30 4  9981
30 5  9986
30 6  9991
30 7  9992
30 8  9995
30 9  10000
30 10  10004
30 11  10009
30 12  10015
31 0  10021
31 1  10025
31 2  10030
31 3  10035
31 4  10040
31 5  10045
31 6  10050
31 7  10055
31 8  10059
31 9  10067
31 10  10071
31 11  10076
31 12  10082
32 0  10088
32 1  10093
32 2  10097
32 3  10102
32 4  10107
32 5  10110
32 6  10115
32 7  10119
32 8  10124
32 9  10130
32 10  10134
32 11  10139
32 12  10144
33 0  10147
33 1  10152
33 2  10157
33 3  10161
33 4  10168
33 5  10172
33 6  10177
33 7  10181
33 8  10184
33 9  10190
33 10  10195
33 11  10199
33 12  10206
34 0  10209
34 1  10214
34 2  10215
34 3  10221
34 4  10224
34 5  10227
34 6  10233
34 7  10237
34 8  10241
34 9  10246
34 10  10252
34 11  10256
34 12  10262
35 0  10268
35 1  10273
35 2  10277
35 3  10284
35 4  10288
35 5  10294
35 6  10299
35 7  10304
35 8  10307
35 9  10312
35 10  10316
35 11  10319
35 12  10322
36 0  10326
36 1  10329
36 2  10334
36 3  10338
36 4  10343
36 5  10349
36 6  10354
36 7  10363
36 8  10369
36 9  10374
36 10  10378
36 11  10382
36 12  10386
37 0  10391
37 1  10396
37 2  10401
37 3  10406
37 4  10410
37 5  10415
37 6  10420
37 7  10426
37 8  10432
37 9  10437
37 10  10444
37 11  10449
37 12  10453
38 0  10457
38 1  10464
38 2  10469
38 3  10473
38 4  10476
38 5  10480
38 6  10483
38 7  10488
38 8  10494
38 9  10497
38 10  10501
38 11  10506
38 12  10511
39 0  10517
39 1  10524
39 2  10528
39 3  10533
39 4  10536
39 5  10540
39 6  10545
39 7  10550
39 8  10554
39 9  10561
39 10  10566
39 11  10570
39 12  10573
40 0  10580
40 1  10585
40 2  10589
40 3  10592
40 4  10596
40 5  10601
40 6  10608
40 7  10611
40 8  10615
40 9  10620
40 10  10625
40 11  10630
40 12  10637
41 0  10641
41 1  10648
41 2  10653
41 3  10658
41 4  10662
41 5  10668
41 6  10672
41 7  10678
41 8  10682
41 9  10687
41 10  10691
41 11  10696
41 12  10706
42 0  10710
42 1  10715
42 2  10720
42 3  10725
42 4  10731
42 5  10735
42 6  10738
42 7  10742
42 8  10748
42 9  10754
42 10  10758
42 11  10762
42 12  10767
43 0  10772
43 1  10776
43 2  10782
43 3  10787
43 4  10792
43 5  10799
43 6  10802
43 7  10805
43 8  10809
43 9  10815
43 10  10819
43 11  10825
43 12  10830
44 0  10833
44 1  10838
44 2  10844
44 3  10849
44 4  10853
44 5  10857
44 6  10862
44 7  10867
44 8  10872
44 9  10879
44 10  10884
44 11  10888
44 12  10893
45 0  10900
45 1  10905
45 2  10909
45 3  10913
45 4  10919
45 5  10920
45 6  10926
45 7  10930
45 8  10934
45 9  10938
45 10  10944
45 11  10949
45 12  10954
46 0  10959
46 1  10964
46 2  10970
46 3  10973
46 4  10977
46 5  10982
46 6  10986
46 7  10989
46 8  10995
46 9  11000
46 10  11004
46 11  11009
46 12  11013
47 0  11019
47 1  11027
47 2  11030
47 3  11038
47 4  11046
47 5  11053
47 6  11058
47 7  11062
47 8  11068
47 9  11073
47 10  11079
47 11  11080
47 12  11085
48 0  11092
48 1  11095
48 2  11098
48 3  11103
48 4  11110
48 5  11114
48 6  11119
48 7  11120
48 8  11125
48 9  11131
48 10  11136
48 11  11142
48 12  11148
49 0  11152
49 1  11158
49 2  11162
49 3  11169
49 4  11173
49 5  11178
49 6  11182
49 7  11188
49 8  11193
49 9  11198
49 10  11203
49 11  11207
49 12  11211
50 0  11216
50 1  11222
50 2  11226
50 3  11232
50 4  11236
50 5  11241
50 6  11246
50 7  11251
50 8  11256
50 9  11259
50 10  11265
50 11  11270
50 12  11273
51 0  11279
51 1  11283
51 2  11290
51 3  11296
51 4  11300
51 5  11306
51 6  11311
51 7  11316
51 8  11321
51 9  11327
51 10  11333
51 11  11337
51 12  11340
52 0  11344
52 1  11349
52 2  11353
52 3  11357
52 4  11363
52 5  11367
52 6  11374
52 7  11379
52 8  11380
52 9  11385
52 10  11392
52 11  11396
52 12  11401
53 0  11405
53 1  11410
53 2  11414
53 3  11419
53 4  11424
53 5  11429
53 6  11433
53 7  11438
53 8  11443
53 9  11447
53 10  11454
53 11  11458
53 12  11462
54 0  11468
54 1  11471
54 2  11477
54 3  11482
54 4  11488
54 5  11492
54 6  11497
54 7  11503
54 8  11508
54 9  11514
54 10  11517
54 11  11522
54 12  11525
55 0  11531
55 1  11535
55 2  11541
55 3  11546
55 4  11549
55 5  11555
55 6  11560
55 7  11565
55 8  11569
55 9  11575
55 10  11580
55 11  11585
55 12  11589
56 0  11592
56 1  11597
56 2  11601
56 3  11607
56 4  11612
56 5  11617
56 6  11621
56 7  11626
56 8  11630
56 9  11637
56 10  11642
56 11  11648
56 12  11653
57 0  11658
57 1  11664
57 2  11669
57 3  11673
57 4  11678
57 5  11683
57 6  11688
57 7  11694
57 8  11699
57 9  11703
57 10  11707
57 11  11713
57 12  11716
58 0  11721
58 1  11726
58 2  11729
58 3  11734
58 4  11738
58 5  11742
58 6  11748
58 7  11753
58 8  11757
58 9  11763
58 10  11767
58 11  11770
58 12  11776
59 0  11780
59 1  11785
59 2  11790
59 3  11794
59 4  11800
59 5  11804
59 6  11809
59 7  11815
59 8  11818
59 9  11823
59 10  11827
59 11  11831
59 12  11837
60 0  11841
60 1  11845
60 2  11850
60 3  11854
60 4  11855
60 5  11860
60 6  11865
60 7  11870
60 8  11874
60 9  11879
60 10  11883
60 11  11888
60 12  11895
61 0  11899
61 1  11904
61 2  11908
61 3  11912
61 4  11918
61 5  11922
61 6  11925
61 7  11931
61 8  11936
61 9  11940
61 10  11944
61 11  11949
61 12  11954
62 0  11959
62 1  11960
62 2  11965
62 3  11969
62 4  11974
62 5  11980
62 6  11984
62 7  11988
62 8  11992
62 9  11997
62 10  12001
62 11  12004
62 12  12008
63 0  12013
63 1  12018
63 2  12022
63 3  12026
63 4  12030
63 5  12037
63 6  12042
63 7  12048
63 8  12051
63 9  12056
63 10  12061
63 11  12065
63 12  12069
