size: 1024
Tuples
0 0  5722
0 1  6353
0 2  1225
0 3  2417
0 4  4540
0 5  5768
0 6  851
0 7  1226
0 8  2118
0 9  2913
0 10  3141
0 11  1227
0 12  2555
0 13  3677
0 14  4163
0 15  4506
1 0  831
1 1  1228
1 2  1254
1 3  1538
1 4  2273
1 5  2737
1 6  1229
1 7  3929
1 8  5272
1 9  5913
1 10  5919
1 11  1089
1 12  1230
1 13  3837
1 14  4209
1 15  6382
2 0  1231
2 1  1279
2 2  2104
2 3  2879
2 4  2970
2 5  5139
2 6  6058
2 7  128
2 8  1232
2 9  1770
2 10  4331
2 11  1233
2 12  2934
2 13  4999
2 14  5832
2 15  1234
3 0  3429
3 1  4259
3 2  5741
3 3  6249
3 4  1235
3 5  2524
3 6  3743
3 7  4265
3 8  4958
3 9  1236
3 10  1682
3 11  4560
3 12  5387
3 13  1033
3 14  1237
3 15  4051
4 0  5620
4 1  249
4 2  1238
4 3  1417
4 4  1464
4 5  6664
4 6  475
4 7  1239
4 8  1483
4 9  1945
4 10  2030
4 11  3487
4 12  3907
4 13  5985
4 14  255
4 15  1240
5 0  3910
5 1  6663
5 2  1241
5 3  2721
5 4  3221
5 5  6080
5 6  6081
5 7  6446
5 8  265
5 9  1242
5 10  1622
5 11  2903
5 12  4191
5 13  270
5 14  1243
5 15  1272
6 0  1856
6 1  4531
6 2  271
6 3  1244
6 4  5671
6 5  6662
6 6  372
6 7  1245
6 8  3401
6 9  5026
6 10  5578
6 11  1246
6 12  2537
6 13  3312
6 14  3916
6 15  4064
7 0  4272
7 1  283
7 2  1247
7 3  2956
7 4  3822
7 5  4439
7 6  1248
7 7  3232
7 8  5165
7 9  6353
7 10  1249
7 11  2868
7 12  4982
7 13  5406
7 14  5678
7 15  1167
8 0  1250
8 1  2686
8 2  5031
8 3  589
8 4  1251
8 5  1832
8 6  2913
8 7  3362
8 8  910
8 9  1252
8 10  1253
8 11  3272
8 12  5588
8 13  5861
8 14  1253
8 15  2501
9 0  5682
9 1  5861
9 2  6456
9 3  147
9 4  1254
9 5  1713
9 6  886
9 7  1255
9 8  4033
9 9  5088
9 10  1256
9 11  1609
9 12  2469
9 13  2875
9 14  3100
9 15  3733
10 0  688
10 1  1257
10 2  1898
10 3  4078
10 4  6511
10 5  182
10 6  1258
10 7  1437
10 8  2472
10 9  5922
10 10  6661
10 11  510
10 12  1259
10 13  1633
10 14  3328
10 15  5556
11 0  457
11 1  965
11 2  1260
11 3  3738
11 4  4464
11 5  6472
11 6  122
11 7  1261
11 8  1278
11 9  1262
11 10  5101
11 11  5376
11 12  5560
11 13  5741
11 14  6339
11 15  1263
12 0  2247
12 1  2708
12 2  4305
12 3  5788
12 4  1215
12 5  1264
12 6  1595
12 7  1933
12 8  220
12 9  1265
12 10  1453
12 11  5190
12 12  6660
12 13  658
12 14  1266
12 15  2756
13 0  5940
13 1  6115
13 2  225
13 3  1267
13 4  1566
13 5  1998
13 6  4906
13 7  6659
13 8  1268
13 9  1269
13 10  1735
13 11  3609
13 12  4874
13 13  5438
13 14  374
13 15  1270
14 0  1465
14 1  3861
14 2  4643
14 3  5985
14 4  151
14 5  1271
14 6  1284
14 7  1791
14 8  2163
14 9  1272
14 10  1856
14 11  3225
14 12  4531
14 13  4536
14 14  1273
14 15  4879
15 0  5206
15 1  5952
15 2  6037
15 3  1274
15 4  1912
15 5  2087
15 6  2186
15 7  2589
15 8  1275
15 9  2502
15 10  3825
15 11  4199
15 12  4932
15 13  961
15 14  1276
15 15  1562
16 0  1277
16 1  1768
16 2  2566
16 3  4086
16 4  122
16 5  702
16 6  1278
16 7  1559
16 8  4331
16 9  1279
16 10  2879
16 11  3290
16 12  3892
16 13  4898
16 14  5139
16 15  1280
17 0  2480
17 1  4813
17 2  6291
17 3  1281
17 4  2850
17 5  3808
17 6  6400
17 7  221
17 8  1282
17 9  2048
17 10  2797
17 11  3208
17 12  1283
17 13  3342
17 14  3802
17 15  4737
18 0  5472
18 1  16
18 2  24
18 3  1284
18 4  1557
18 5  1791
18 6  976
18 7  1285
18 8  2718
18 9  3966
18 10  5802
18 11  1286
18 12  1738
18 13  3400
18 14  4753
18 15  722
19 0  786
19 1  1287
19 2  4353
19 3  6126
19 4  1206
19 5  1288
19 6  2143
19 7  5346
19 8  6356
19 9  1289
19 10  1573
19 11  4495
19 12  6499
19 13  1290
19 14  4067
19 15  4202
20 0  5777
20 1  6365
20 2  686
20 3  1291
20 4  5306
20 5  5549
20 6  6006
20 7  1069
20 8  1292
20 9  4944
20 10  5178
20 11  5312
20 12  6186
20 13  628
20 14  1293
20 15  2279
21 0  3888
21 1  4946
21 2  5596
21 3  1294
21 4  2476
21 5  5470
21 6  1295
21 7  1696
21 8  2174
21 9  2834
21 10  2837
21 11  217
21 12  1296
21 13  5277
21 14  6658
21 15  1297
22 0  2800
22 1  4047
22 2  4779
22 3  5427
22 4  6391
22 5  1298
22 6  2393
22 7  2618
22 8  4179
22 9  5104
22 10  6250
22 11  26
22 12  1299
22 13  1381
22 14  775
22 15  1300
23 0  6028
23 1  528
23 2  1301
23 3  1894
23 4  2219
23 5  1302
23 6  3394
23 7  5484
23 8  6165
23 9  1303
23 10  597
23 11  1304
23 12  2811
23 13  3174
23 14  4827
23 15  5670
24 0  1286
24 1  1305
24 2  1738
24 3  2266
24 4  2763
24 5  4533
24 6  930
24 7  1306
24 8  2362
24 9  1307
24 10  1560
24 11  1823
24 12  2916
24 13  2958
24 14  3779
24 15  1308
25 0  3832
25 1  4509
25 2  5266
25 3  5691
25 4  6053
25 5  632
25 6  1309
25 7  4072
25 8  593
25 9  1310
25 10  1333
25 11  1377
25 12  1841
25 13  5087
25 14  6325
25 15  6326
26 0  402
26 1  1311
26 2  1766
26 3  5308
26 4  5689
26 5  1312
26 6  2644
26 7  2921
26 8  6052
26 9  6464
26 10  1313
26 11  2781
26 12  6428
26 13  1314
26 14  4590
26 15  6060
27 0  6189
27 1  464
27 2  1315
27 3  3329
27 4  4407
27 5  1316
27 6  2600
27 7  2605
27 8  3785
27 9  4855
27 10  5779
27 11  214
27 12  1317
27 13  4332
27 14  1152
27 15  1318
28 0  5100
28 1  5241
28 2  5565
28 3  1319
28 4  3169
28 5  6026
28 6  6393
28 7  1320
28 8  4012
28 9  5436
28 10  5441
28 11  5531
28 12  1321
28 13  4706
28 14  5986
28 15  261
29 0  1322
29 1  1927
29 2  2948
29 3  4829
29 4  5071
29 5  1323
29 6  2057
29 7  2181
29 8  3394
29 9  5074
29 10  5484
29 11  5764
29 12  1324
29 13  3707
29 14  4834
29 15  5018
30 0  1325
30 1  2060
30 2  3773
30 3  4753
30 4  5032
30 5  1326
30 6  2085
30 7  2865
30 8  5290
30 9  1327
30 10  1845
30 11  4397
30 12  4398
30 13  5581
30 14  5808
30 15  5957
31 0  880
31 1  881
31 2  1328
31 3  2416
31 4  5678
31 5  6457
31 6  6498
31 7  1329
31 8  2507
31 9  2822
31 10  3451
31 11  6455
31 12  1190
31 13  1330
31 14  3145
31 15  802
32 0  1254
32 1  1331
32 2  1701
32 3  1713
32 4  1332
32 5  1617
32 6  3409
32 7  3783
32 8  3985
32 9  5504
32 10  5591
32 11  165
32 12  1333
32 13  1377
32 14  1765
32 15  4030
33 0  1334
33 1  3986
33 2  4671
33 3  5131
33 4  6419
33 5  1335
33 6  2782
33 7  3628
33 8  4802
33 9  3
33 10  831
33 11  1336
33 12  1538
33 13  1928
33 14  181
33 15  456
34 0  1337
34 1  1610
34 2  2647
34 3  1338
34 4  4455
34 5  4895
34 6  4948
34 7  4950
34 8  5140
34 9  1339
34 10  656
34 11  1340
34 12  3335
34 13  6108
34 14  1340
34 15  1341
35 0  1934
35 1  3477
35 2  4043
35 3  5234
35 4  918
35 5  1342
35 6  3561
35 7  5609
35 8  1282
35 9  1343
35 10  2048
35 11  2159
35 12  2524
35 13  5745
35 14  6
35 15  1344
36 0  3274
36 1  1345
36 2  3386
36 3  3851
36 4  5010
36 5  6019
36 6  6075
36 7  1346
36 8  2287
36 9  2522
36 10  4416
36 11  4957
36 12  6150
36 13  810
36 14  1347
36 15  2241
37 0  1348
37 1  4186
37 2  4868
37 3  5881
37 4  1349
37 5  3867
37 6  4140
37 7  6023
37 8  6253
37 9  712
37 10  1350
37 11  4916
37 12  1351
37 13  1935
37 14  3915
37 15  4564
38 0  4697
38 1  4702
38 2  4752
38 3  6255
38 4  537
38 5  1352
38 6  4309
38 7  4972
38 8  6348
38 9  119
38 10  1353
38 11  2256
38 12  1354
38 13  2953
38 14  4020
38 15  4060
39 0  4152
39 1  6266
39 2  1355
39 3  2184
39 4  4022
39 5  5167
39 6  5809
39 7  284
39 8  1356
39 9  1572
39 10  5119
39 11  6657
39 12  1357
39 13  3222
39 14  4159
39 15  4354
40 0  4935
40 1  5631
40 2  6168
40 3  600
40 4  1358
40 5  6359
40 6  6454
40 7  1359
40 8  2594
40 9  5169
40 10  5500
40 11  577
40 12  1360
40 13  6320
40 14  1361
40 15  2732
41 0  4545
41 1  5342
41 2  5902
41 3  6048
41 4  175
41 5  1256
41 6  1362
41 7  2875
41 8  6376
41 9  10
41 10  1363
41 11  5593
41 12  1364
41 13  5463
41 14  5880
41 15  1365
42 0  5603
42 1  6017
42 2  1366
42 3  3157
42 4  3377
42 5  3430
42 6  5604
42 7  5742
42 8  6017
42 9  1367
42 10  4690
42 11  4812
42 12  6149
42 13  6523
42 14  1368
42 15  1966
43 0  4141
43 1  4308
43 2  4742
43 3  540
43 4  1369
43 5  1927
43 6  1950
43 7  4484
43 8  1370
43 9  4106
43 10  4831
43 11  5805
43 12  6442
43 13  1371
43 14  2810
43 15  2858
44 0  5334
44 1  5993
44 2  273
44 3  1372
44 4  1959
44 5  3311
44 6  4489
44 7  135
44 8  1373
44 9  2661
44 10  1374
44 11  3001
44 12  5409
44 13  6314
44 14  121
44 15  822
45 0  1375
45 1  1506
45 2  1833
45 3  1376
45 4  3412
45 5  3505
45 6  5085
45 7  6050
45 8  1108
45 9  1377
45 10  4204
45 11  1378
45 12  1722
45 13  1887
45 14  4035
45 15  5735
46 0  464
46 1  1379
46 2  1646
46 3  3555
46 4  4590
46 5  1380
46 6  5656
46 7  5705
46 8  5835
46 9  6071
46 10  26
46 11  72
46 12  1381
46 13  2163
46 14  3297
46 15  1382
47 0  4049
47 1  5610
47 2  6301
47 3  616
47 4  716
47 5  1383
47 6  3528
47 7  4829
47 8  1384
47 9  1586
47 10  1946
47 11  2810
47 12  5992
47 13  1385
47 14  3183
47 15  4197
48 0  6043
48 1  1386
48 2  2815
48 3  2862
48 4  6453
48 5  1387
48 6  3669
48 7  4985
48 8  5543
48 9  5585
48 10  601
48 11  1388
48 12  4200
48 13  5680
48 14  1389
48 15  1390
49 0  1968
49 1  2501
49 2  5588
49 3  5961
49 4  316
49 5  1391
49 6  2235
49 7  3502
49 8  6470
49 9  173
49 10  1312
49 11  1392
49 12  1869
49 13  2644
49 14  3549
49 15  1393
50 0  1564
50 1  2747
50 2  4625
50 3  5744
50 4  1394
50 5  2138
50 6  2896
50 7  2940
50 8  5013
50 9  1352
50 10  1395
50 11  4783
50 12  6166
50 13  1396
50 14  2809
50 15  3704
51 0  5714
51 1  5947
51 2  6304
51 3  1397
51 4  2041
51 5  3865
51 6  4487
51 7  5020
51 8  1398
51 9  2914
51 10  3085
51 11  3398
51 12  5627
51 13  5676
51 14  5811
51 15  1399
52 0  4274
52 1  4572
52 2  5626
52 3  6085
52 4  163
52 5  1400
52 6  2369
52 7  4322
52 8  6656
52 9  1401
52 10  2783
52 11  3097
52 12  5175
52 13  5362
52 14  5592
52 15  348
53 0  1402
53 1  3989
53 2  5462
53 3  5923
53 4  6463
53 5  1403
53 6  3014
53 7  4460
53 8  5315
53 9  5371
53 10  5463
53 11  491
53 12  1404
53 13  2882
53 14  3062
53 15  4253
54 0  5920
54 1  1405
54 2  2931
54 3  3250
54 4  3999
54 5  6108
54 6  1406
54 7  3797
54 8  5749
54 9  1407
54 10  4423
54 11  6068
54 12  1074
54 13  1408
54 14  2051
54 15  3433
55 0  4182
55 1  4562
55 2  6527
55 3  274
55 4  1409
55 5  1652
55 6  3447
55 7  4350
55 8  1410
55 9  1804
55 10  4707
55 11  5251
55 12  1411
55 13  3448
55 14  3570
55 15  5022
56 0  1412
56 1  2187
56 2  3360
56 3  3404
56 4  4070
56 5  6359
56 6  575
56 7  1413
56 8  5500
56 9  5538
56 10  6082
56 11  6271
56 12  830
56 13  1414
56 14  2327
56 15  4938
57 0  1317
57 1  1415
57 2  2386
57 3  6655
57 4  12
57 5  17
57 6  1416
57 7  1481
57 8  2933
57 9  249
57 10  1417
57 11  2354
57 12  2944
57 13  582
57 14  583
57 15  1418
58 0  2629
58 1  3226
58 2  4059
58 3  1419
58 4  1896
58 5  3525
58 6  4071
58 7  4754
58 8  680
58 9  1420
58 10  3462
58 11  446
58 12  1421
58 13  2192
58 14  5174
58 15  6013
59 0  82
59 1  109
59 2  1422
59 3  1661
59 4  3095
59 5  5593
59 6  1423
59 7  3467
59 8  5088
59 9  5355
59 10  5736
59 11  800
59 12  1424
59 13  4080
59 14  4368
59 15  6190
60 0  1425
60 1  2653
60 2  3421
60 3  4810
60 4  516
60 5  839
60 6  1426
60 7  3205
60 8  3341
60 9  4597
60 10  4694
60 11  5753
60 12  1237
60 13  1427
60 14  1650
60 15  2623
61 0  2986
61 1  5439
61 2  1428
61 3  1429
61 4  1857
61 5  2112
61 6  5201
61 7  6537
61 8  1430
61 9  281
61 10  1100
61 11  1431
61 12  2458
61 13  3132
61 14  6654
61 15  1432
62 0  2274
62 1  2504
62 2  5339
62 3  5632
62 4  5903
62 5  6091
62 6  1433
62 7  1434
62 8  1731
62 9  5356
62 10  5827
62 11  1435
62 12  2067
62 13  3988
62 14  5639
62 15  6007
63 0  1436
63 1  1816
63 2  5358
63 3  6011
63 4  182
63 5  1437
63 6  4511
63 7  132
63 8  1438
63 9  1754
63 10  1439
63 11  4211
63 12  4256
63 13  4681
63 14  4896
63 15  1440
