size: 832
Tuples
0 0  4085
0 1  4092
0 2  4097
0 3  4102
0 4  4109
0 5  4113
0 6  4117
0 7  4121
0 8  4124
0 9  4130
0 10  4134
0 11  4138
0 12  4144
1 0  4148
1 1  4154
1 2  4159
1 3  4164
1 4  4170
1 5  4175
1 6  4181
1 7  4188
1 8  4196
1 9  4201
1 10  4207
1 11  4211
1 12  4216
2 0  4222
2 1  4228
2 2  4232
2 3  4239
2 4  4245
2 5  4249
2 6  4253
2 7  4258
2 8  4262
2 9  4266
2 10  4271
2 11  4277
2 12  4283
3 0  4288
3 1  4293
3 2  4297
3 3  4302
3 4  4306
3 5  4313
3 6  4317
3 7  4322
3 8  4325
3 9  4330
3 10  4336
3 11  4342
3 12  4348
4 0  4351
4 1  4356
4 2  4361
4 3  4365
4 4  4370
4 5  4375
4 6  4380
4 7  4385
4 8  4386
4 9  4393
4 10  4397
4 11  4402
4 12  4408
5 0  4412
5 1  4416
5 2  4421
5 3  4430
5 4  4436
5 5  4439
5 6  4444
5 7  4449
5 8  4456
5 9  4461
5 10  4466
5 11  4472
5 12  4477
6 0  4482
6 1  4489
6 2  4494
6 3  4499
6 4  4504
6 5  4509
6 6  4512
6 7  4517
6 8  4522
6 9  4526
6 10  4531
6 11  4537
6 12  4542
7 0  4547
7 1  4553
7 2  4558
7 3  4565
7 4  4568
7 5  4572
7 6  4578
7 7  4583
7 8  4588
7 9  4592
7 10  4597
7 11  4601
7 12  4607
8 0  4613
8 1  4617
8 2  4622
8 3  4627
8 4  4633
8 5  4637
8 6  4642
8 7  4648
8 8  4654
8 9  4660
8 10  4665
8 11  4671
8 12  4674
9 0  4679
9 1  4683
9 2  4688
9 3  4694
9 4  4699
9 5  4705
9 6  4708
9 7  4714
9 8  4719
9 9  4724
9 10  4728
9 11  4729
9 12  4733
10 0  4737
10 1  4743
10 2  4749
10 3  4755
10 4  4759
10 5  4764
10 6  4770
10 7  4776
10 8  4781
10 9  4788
10 10  4792
10 11  4798
10 12  4802
11 0  4808
11 1  4814
11 2  4821
11 3  4825
11 4  4830
11 5  4833
11 6  4836
11 7  4843
11 8  4846
11 9  4850
11 10  4855
11 11  4860
11 12  4866
12 0  4872
12 1  4877
12 2  4883
12 3  4886
12 4  4892
12 5  4897
12 6  4901
12 7  4905
12 8  4909
12 9  4914
12 10  4917
12 11  4920
12 12  4925
13 0  4929
13 1  4934
13 2  4941
13 3  4945
13 4  4952
13 5  4958
13 6  4963
13 7  4968
13 8  4975
13 9  4980
13 10  4985
13 11  4990
13 12  4994
14 0  4999
14 1  5006
14 2  5012
14 3  5016
14 4  5022
14 5  5026
14 6  5029
14 7  5033
14 8  5037
14 9  5040
14 10  5044
14 11  5049
14 12  5054
15 0  5059
15 1  5065
15 2  5070
15 3  5075
15 4  5076
15 5  5081
15 6  5085
15 7  5090
15 8  5097
15 9  5100
15 10  5106
15 11  5111
15 12  5117
16 0  5122
16 1  5128
16 2  5132
16 3  5138
16 4  5145
16 5  5150
16 6  5155
16 7  5159
16 8  5164
16 9  5170
16 10  5176
16 11  5182
16 12  5186
17 0  5191
17 1  5196
17 2  5201
17 3  5206
17 4  5211
17 5  5216
17 6  5221
17 7  5226
17 8  5230
17 9  5235
17 10  5240
17 11  5246
17 12  5250
18 0  5257
18 1  5262
18 2  5267
18 3  5271
18 4  5275
18 5  5280
18 6  5286
18 7  5291
18 8  5295
18 9  5300
18 10  5306
18 11  5311
18 12  5314
19 0  5319
19 1  5323
19 2  5331
19 3  5337
19 4  5344
19 5  5349
19 6  5354
19 7  5359
19 8  5366
19 9  5370
19 10  5373
19 11  5376
19 12  5380
20 0  5385
20 1  5390
20 2  5395
20 3  5400
20 4  5406
20 5  5411
20 6  5418
20 7  5423
20 8  5428
20 9  5432
20 10  5438
20 11  5443
20 12  5448
21 0  5452
21 1  5457
21 2  5461
21 3  5465
21 4  5470
21 5  5475
21 6  5479
21 7  5483
21 8  5488
21 9  5496
21 10  5501
21 11  5506
21 12  5512
22 0  5518
22 1  5524
22 2  5529
22 3  5533
22 4  5537
22 5  5541
22 6  5545
22 7  5551
22 8  5557
22 9  5562
22 10  5566
22 11  5572
22 12  5577
23 0  5581
23 1  5585
23 2  5588
23 3  5592
23 4  5596
23 5  5600
23 6  5606
23 7  5609
23 8  5614
23 9  5620
23 10  5625
23 11  5630
23 12  5633
24 0  5636
24 1  5642
24 2  5646
24 3  5651
24 4  5655
24 5  5660
24 6  5665
24 7  5669
24 8  5673
24 9  5678
24 10  5684
24 11  5687
24 12  5692
25 0  5697
25 1  5702
25 2  5706
25 3  5711
25 4  5716
25 5  5720
25 6  5725
25 7  5728
25 8  5734
25 9  5737
25 10  5743
25 11  5748
25 12  5753
26 0  5757
26 1  5762
26 2  5767
26 3  5773
26 4  5777
26 5  5778
26 6  5782
26 7  5786
26 8  5790
26 9  5794
26 10  5801
26 11  5806
26 12  5811
27 0  5815
27 1  5821
27 2  5825
27 3  5829
27 4  5834
27 5  5839
27 6  5844
27 7  5849
27 8  5855
27 9  5859
27 10  5862
27 11  5868
27 12  5873
28 0  5877
28 1  5880
28 2  5884
28 3  5891
28 4  5895
28 5  5901
28 6  5907
28 7  5914
28 8  5918
28 9  5919
28 10  5925
28 11  5930
28 12  5935
29 0  5941
29 1  5946
29 2  5951
29 3  5957
29 4  5964
29 5  5967
29 6  5971
29 7  5979
29 8  5984
29 9  5989
29 10  5994
29 11  5998
29 12  6005
30 0  6010
30 1  6015
30 2  6018
30 3  6021
30 4  6028
30 5  6033
30 6  6037
30 7  6043
30 8  6049
30 9  6053
30 10  6058
30 11  6063
30 12  6069
31 0  6072
31 1  6076
31 2  6083
31 3  6087
31 4  6092
31 5  6097
31 6  6103
31 7  6108
31 8  6113
31 9  6120
31 10  6124
31 11  6128
31 12  6133
32 0  6138
32 1  6142
32 2  6146
32 3  6151
32 4  6159
32 5  6163
32 6  6169
32 7  6174
32 8  6179
32 9  6183
32 10  6188
32 11  6194
32 12  6199
33 0  6203
33 1  6208
33 2  6212
33 3  6217
33 4  6223
33 5  6228
33 6  6231
33 7  6235
33 8  6241
33 9  6246
33 10  6252
33 11  6257
33 12  6263
34 0  6266
34 1  6272
34 2  6277
34 3  6281
34 4  6286
34 5  6291
34 6  6297
34 7  6298
34 8  6303
34 9  6309
34 10  6314
34 11  6319
34 12  6324
35 0  6329
35 1  6334
35 2  6337
35 3  6341
35 4  6346
35 5  6352
35 6  6356
35 7  6360
35 8  6365
35 9  6370
35 10  6375
35 11  6380
35 12  6384
36 0  6389
36 1  6394
36 2  6398
36 3  6403
36 4  6408
36 5  6414
36 6  6420
36 7  6423
36 8  6428
36 9  6432
36 10  6438
36 11  6444
36 12  6447
37 0  6450
37 1  6454
37 2  6458
37 3  6459
37 4  6465
37 5  6471
37 6  6474
37 7  6480
37 8  6486
37 9  6489
37 10  6497
37 11  6502
37 12  6507
38 0  6510
38 1  6514
38 2  6518
38 3  6524
38 4  6527
38 5  6532
38 6  6536
38 7  6541
38 8  6544
38 9  6550
38 10  6557
38 11  6561
38 12  6566
39 0  6570
39 1  6577
39 2  6584
39 3  6589
39 4  6592
39 5  6597
39 6  6604
39 7  6609
39 8  6614
39 9  6618
39 10  6623
39 11  6628
39 12  6634
40 0  6635
40 1  6639
40 2  6645
40 3  6649
40 4  6655
40 5  6658
40 6  6664
40 7  6670
40 8  6673
40 9  6677
40 10  6682
40 11  6685
40 12  6693
41 0  6698
41 1  6701
41 2  6707
41 3  6712
41 4  6717
41 5  6724
41 6  6728
41 7  6732
41 8  6735
41 9  6741
41 10  6746
41 11  6749
41 12  6752
42 0  6755
42 1  6762
42 2  6767
42 3  6772
42 4  6777
42 5  6782
42 6  6787
42 7  6792
42 8  6795
42 9  6799
42 10  6804
42 11  6809
42 12  6812
43 0  6817
43 1  6822
43 2  6827
43 3  6832
43 4  6836
43 5  6841
43 6  6846
43 7  6850
43 8  6854
43 9  6859
43 10  6863
43 11  6864
43 12  6869
44 0  6874
44 1  6880
44 2  6885
44 3  6890
44 4  6894
44 5  6900
44 6  6905
44 7  6912
44 8  6917
44 9  6922
44 10  6928
44 11  6934
44 12  6940
45 0  6946
45 1  6951
45 2  6954
45 3  6957
45 4  6964
45 5  6969
45 6  6973
45 7  6977
45 8  6983
45 9  6989
45 10  6993
45 11  6997
45 12  7002
46 0  7006
46 1  7012
46 2  7017
46 3  7020
46 4  7025
46 5  7031
46 6  7036
46 7  7041
46 8  7045
46 9  7053
46 10  7059
46 11  7060
46 12  7065
47 0  7066
47 1  7072
47 2  7079
47 3  7080
47 4  7084
47 5  7089
47 6  7093
47 7  7096
47 8  7099
47 9  7104
47 10  7109
47 11  7114
47 12  7119
48 0  7124
48 1  7128
48 2  7132
48 3  7135
48 4  7138
48 5  7142
48 6  7146
48 7  7149
48 8  7156
48 9  7161
48 10  7166
48 11  7171
48 12  7176
49 0  7182
49 1  7187
49 2  7192
49 3  7196
49 4  7199
49 5  7204
49 6  7208
49 7  7212
49 8  7216
49 9  7220
49 10  7225
49 11  7231
49 12  7236
50 0  7241
50 1  7242
50 2  7248
50 3  7253
50 4  7257
50 5  7261
50 6  7265
50 7  7271
50 8  7277
50 9  7280
50 10  7288
50 11  7298
50 12  7299
51 0  7305
51 1  7311
51 2  7316
51 3  7320
51 4  7328
51 5  7333
51 6  7338
51 7  7342
51 8  7349
51 9  7354
51 10  7359
51 11  7363
51 12  7368
52 0  7371
52 1  7372
52 2  7373
52 3  7379
52 4  7384
52 5  7390
52 6  7394
52 7  7398
52 8  7405
52 9  7406
52 10  7412
52 11  7419
52 12  7423
53 0  7428
53 1  7433
53 2  7439
53 3  7443
53 4  7448
53 5  7453
53 6  7456
53 7  7462
53 8  7468
53 9  7473
53 10  7478
53 11  7483
53 12  7488
54 0  7492
54 1  7498
54 2  7502
54 3  7508
54 4  7513
54 5  7518
54 6  7522
54 7  7529
54 8  7534
54 9  7537
54 10  7542
54 11  7547
54 12  7553
55 0  7559
55 1  7565
55 2  7568
55 3  7575
55 4  7578
55 5  7582
55 6  7587
55 7  7590
55 8  7595
55 9  7599
55 10  7603
55 11  7609
55 12  7615
56 0  7620
56 1  7624
56 2  7630
56 3  7635
56 4  7638
56 5  7642
56 6  7646
56 7  7651
56 8  7658
56 9  7661
56 10  7662
56 11  7668
56 12  7672
57 0  7680
57 1  7684
57 2  7689
57 3  7694
57 4  7700
57 5  7705
57 6  7709
57 7  7713
57 8  7718
57 9  7723
57 10  7729
57 11  7733
57 12  7740
58 0  7745
58 1  7749
58 2  7754
58 3  7758
58 4  7763
58 5  7772
58 6  7778
58 7  7782
58 8  7785
58 9  7791
58 10  7792
58 11  7797
58 12  7803
59 0  7807
59 1  7812
59 2  7815
59 3  7820
59 4  7826
59 5  7830
59 6  7834
59 7  7839
59 8  7844
59 9  7847
59 10  7855
59 11  7861
59 12  7866
60 0  7869
60 1  7875
60 2  7882
60 3  7886
60 4  7891
60 5  7896
60 6  7902
60 7  7907
60 8  7908
60 9  7913
60 10  7917
60 11  7921
60 12  7927
61 0  7931
61 1  7936
61 2  7942
61 3  7948
61 4  7952
61 5  7957
61 6  7960
61 7  7965
61 8  7970
61 9  7976
61 10  7980
61 11  7987
61 12  7992
62 0  7997
62 1  8003
62 2  8010
62 3  8015
62 4  8020
62 5  8025
62 6  8029
62 7  8033
62 8  8038
62 9  8041
62 10  8047
62 11  8052
62 12  8058
63 0  8061
63 1  8065
63 2  8069
63 3  8076
63 4  8082
63 5  8088
63 6  8092
63 7  8097
63 8  8103
63 9  8109
63 10  8114
63 11  8118
63 12  8122
