size: 1024
Tuples
0 0  2012
0 1  3922
0 2  1015
0 3  2508
0 4  4293
0 5  4719
0 6  4803
0 7  4990
0 8  148
0 9  1016
0 10  1438
0 11  1662
0 12  2095
0 13  100
0 14  809
0 15  1017
1 0  2282
1 1  6466
1 2  1018
1 3  5
1 4  55
1 5  1019
1 6  1136
1 7  1702
1 8  1020
1 9  1113
1 10  2786
1 11  5225
1 12  1021
1 13  4214
1 14  4300
1 15  4329
2 0  4588
2 1  494
2 2  1022
2 3  1621
2 4  3795
2 5  4467
2 6  5561
2 7  5974
2 8  491
2 9  1023
2 10  6515
2 11  1024
2 12  2518
2 13  3435
2 14  3841
2 15  6112
3 0  6517
3 1  1006
3 2  1025
3 3  1120
3 4  1481
3 5  2662
3 6  536
3 7  1026
3 8  2133
3 9  2390
3 10  4908
3 11  4958
3 12  1027
3 13  2851
3 14  5191
3 15  5521
4 0  6022
4 1  651
4 2  1028
4 3  2345
4 4  4379
4 5  5284
4 6  6478
4 7  693
4 8  1029
4 9  1903
4 10  1972
4 11  1030
4 12  2215
4 13  3162
4 14  4971
4 15  5615
5 0  5662
5 1  367
5 2  1031
5 3  1666
5 4  2107
5 5  2178
5 6  4010
5 7  4969
5 8  1032
5 9  2053
5 10  3904
5 11  5892
5 12  6438
5 13  845
5 14  1033
5 15  1427
6 0  3524
6 1  5620
6 2  1034
6 3  2080
6 4  3082
6 5  3759
6 6  1035
6 7  2899
6 8  3492
6 9  5488
6 10  5522
6 11  666
6 12  781
6 13  1036
6 14  2803
6 15  3758
7 0  5622
7 1  1037
7 2  2081
7 3  5852
7 4  5947
7 5  5948
7 6  6033
7 7  926
7 8  1038
7 9  2164
7 10  4055
7 11  4237
7 12  5714
7 13  1039
7 14  4063
7 15  6035
8 0  6086
8 1  1040
8 2  2185
8 3  3083
8 4  3446
8 5  4571
8 6  1041
8 7  2813
8 8  2996
8 9  4541
8 10  5389
8 11  1042
8 12  1060
8 13  3313
8 14  5955
8 15  5957
9 0  289
9 1  672
9 2  1043
9 3  4028
9 4  6361
9 5  1044
9 6  4316
9 7  4448
9 8  5491
9 9  6219
9 10  881
9 11  1045
9 12  1785
9 13  1838
9 14  6417
9 15  1046
10 0  3709
10 1  4358
10 2  5490
10 3  5813
10 4  300
10 5  1047
10 6  3361
10 7  4286
10 8  6671
10 9  1048
10 10  2542
10 11  3002
10 12  6467
10 13  802
10 14  1049
10 15  2510
11 0  3367
11 1  6369
11 2  1050
11 3  2830
11 4  4509
11 5  5261
11 6  6180
11 7  1051
11 8  1065
11 9  1331
11 10  1512
11 11  1670
11 12  5589
11 13  1052
11 14  3889
11 15  4216
12 0  6506
12 1  1053
12 2  3060
12 3  5143
12 4  5149
12 5  5650
12 6  5971
12 7  6476
12 8  1054
12 9  2476
12 10  4212
12 11  4462
12 12  4629
12 13  863
12 14  1055
12 15  2931
13 0  3250
13 1  4555
13 2  1056
13 3  3115
13 4  3695
13 5  6396
13 6  1057
13 7  2442
13 8  4001
13 9  6205
13 10  1058
13 11  4133
13 12  4904
13 13  4909
13 14  5659
13 15  247
14 0  1059
14 1  1650
14 2  4011
14 3  4051
14 4  5385
14 5  409
14 6  1060
14 7  3725
14 8  5580
14 9  5955
14 10  1061
14 11  3182
14 12  3542
14 13  5959
14 14  1062
14 15  2012
15 0  3621
15 1  3922
15 2  6413
15 3  1063
15 4  2412
15 5  3719
15 6  6003
15 7  6176
15 8  6223
15 9  1064
15 10  2311
15 11  2908
15 12  3619
15 13  6265
15 14  68
15 15  1065
16 0  1670
16 1  1066
16 2  4942
16 3  5220
16 4  5632
16 5  6280
16 6  795
16 7  1067
16 8  3007
16 9  4581
16 10  3
16 11  97
16 12  1068
16 13  1336
16 14  1745
16 15  1754
17 0  5461
17 1  5968
17 2  1069
17 3  1755
17 4  2150
17 5  2196
17 6  2512
17 7  5178
17 8  195
17 9  1070
17 10  2746
17 11  3152
17 12  4553
17 13  5423
17 14  6670
17 15  1071
18 0  1734
18 1  3158
18 2  5093
18 3  5746
18 4  1072
18 5  1342
18 6  1596
18 7  1782
18 8  6148
18 9  221
18 10  1073
18 11  1282
18 12  1478
18 13  6669
18 14  1074
18 15  1218
19 0  2134
19 1  4471
19 2  4562
19 3  5611
19 4  6527
19 5  1075
19 6  2755
19 7  3950
19 8  5662
19 9  715
19 10  1076
19 11  1638
19 12  897
19 13  1077
19 14  1583
19 15  35
20 0  1078
20 1  1303
20 2  3974
20 3  21
20 4  133
20 5  1079
20 6  1183
20 7  3974
20 8  1080
20 9  1952
20 10  3924
20 11  4156
20 12  5727
20 13  296
20 14  1081
20 15  1223
21 0  1657
21 1  2999
21 2  1082
21 3  2632
21 4  3712
21 5  4243
21 6  4658
21 7  95
21 8  131
21 9  1083
21 10  2273
21 11  3453
21 12  5405
21 13  1084
21 14  3004
21 15  4158
22 0  5302
22 1  6320
22 2  1085
22 3  1823
22 4  2365
22 5  2916
22 6  3925
22 7  4763
22 8  6323
22 9  1086
22 10  2168
22 11  2508
22 12  3189
22 13  3581
22 14  1087
22 15  1435
23 0  5272
23 1  5639
23 2  6230
23 3  171
23 4  1088
23 5  2961
23 6  6375
23 7  184
23 8  1089
23 9  1663
23 10  3837
23 11  4728
23 12  6668
23 13  1090
23 14  2203
23 15  2879
24 0  3285
24 1  6238
24 2  101
24 3  769
24 4  1091
24 5  1695
24 6  2703
24 7  200
24 8  1092
24 9  3559
24 10  4085
24 11  1093
24 12  3107
24 13  4901
24 14  5004
24 15  5368
25 0  1094
25 1  3604
25 2  3694
25 3  5325
25 4  776
25 5  1095
25 6  3752
25 7  5791
25 8  91
25 9  814
25 10  1096
25 11  1707
25 12  4916
25 13  812
25 14  1097
25 15  4566
26 0  5155
26 1  5439
26 2  401
26 3  1098
26 4  4834
26 5  5807
26 6  585
26 7  1099
26 8  4152
26 9  5400
26 10  1100
26 11  1700
26 12  1882
26 13  2458
26 14  3132
26 15  1042
27 0  1101
27 1  2956
27 2  4278
27 3  4439
27 4  4924
27 5  5955
27 6  6039
27 7  1083
27 8  1102
27 9  1210
27 10  3620
27 11  5405
27 12  850
27 13  1103
27 14  1469
27 15  1785
28 0  4355
28 1  1104
28 2  1360
28 3  2089
28 4  2818
28 5  4933
28 6  5033
28 7  74
28 8  924
28 9  1105
28 10  1375
28 11  1833
28 12  2088
28 13  1106
28 14  2120
28 15  3627
29 0  4117
29 1  5173
29 2  5780
29 3  162
29 4  1107
29 5  2093
29 6  4508
29 7  6667
29 8  1108
29 9  1310
29 10  4204
29 11  6326
29 12  1109
29 13  2044
29 14  2509
29 15  6181
30 0  349
30 1  1110
30 2  3980
30 3  4804
30 4  1111
30 5  4366
30 6  5736
30 7  6007
30 8  766
30 9  1112
30 10  1436
30 11  1900
30 12  5358
30 13  6011
30 14  1113
30 15  1747
31 0  1824
31 1  2786
31 2  3104
31 3  5225
31 4  803
31 5  1114
31 6  1212
31 7  4408
31 8  5874
31 9  1115
31 10  2046
31 11  4215
31 12  5094
31 13  1116
31 14  1425
31 15  1777
32 0  4213
32 1  4810
32 2  4859
32 3  1117
32 4  4004
32 5  4404
32 6  4549
32 7  6432
32 8  1118
32 9  2485
32 10  2929
32 11  5836
32 12  1119
32 13  3598
32 14  4222
32 15  4633
33 0  88
33 1  1120
33 2  5711
33 3  979
33 4  1121
33 5  2036
33 6  5796
33 7  1122
33 8  2668
33 9  4638
33 10  4911
33 11  12
33 12  1123
33 13  1416
33 14  1481
33 15  1124
34 0  2988
34 1  4007
34 2  4107
34 3  6038
34 4  6160
34 5  1125
34 6  2584
34 7  5619
34 8  1126
34 9  3707
34 10  5807
34 11  5849
34 12  5900
34 13  1127
34 14  2864
34 15  5078
35 0  5079
35 1  5580
35 2  6130
35 3  1128
35 4  1486
35 5  4608
35 6  4659
35 7  5629
35 8  1129
35 9  2822
35 10  3364
35 11  5217
35 12  6455
35 13  908
35 14  1130
35 15  1353
36 0  94
36 1  1131
36 2  1303
36 3  1132
36 4  2324
36 5  4443
36 6  4544
36 7  4840
36 8  6351
36 9  1133
36 10  3977
36 11  6046
36 12  6047
36 13  47
36 14  58
36 15  1134
37 0  1504
37 1  2866
37 2  446
37 3  1135
37 4  3094
37 5  4120
37 6  55
37 7  60
37 8  1136
37 9  3631
37 10  3670
37 11  1137
37 12  3057
37 13  4615
37 14  5826
37 15  6419
38 0  1138
38 1  2559
38 2  4250
38 3  5550
38 4  1139
38 5  3055
38 6  6245
38 7  6418
38 8  1140
38 9  2832
38 10  5227
38 11  5314
38 12  5876
38 13  1141
38 14  4510
38 15  4765
39 0  5639
39 1  5917
39 2  6324
39 3  183
39 4  1142
39 5  5506
39 6  574
39 7  1143
39 8  3796
39 9  5424
39 10  6191
39 11  1144
39 12  1611
39 13  3284
39 14  5877
39 15  5977
40 0  1145
40 1  2070
40 2  2126
40 3  5140
40 4  5874
40 5  80
40 6  1146
40 7  1497
40 8  1536
40 9  465
40 10  1147
40 11  2291
40 12  3642
40 13  6020
40 14  1148
40 15  4076
41 0  4735
41 1  5145
41 2  5278
41 3  1149
41 4  1196
41 5  2573
41 6  4219
41 7  76
41 8  130
41 9  1150
41 10  1350
41 11  3538
41 12  1025
41 13  1151
41 14  1481
41 15  1152
42 0  2628
42 1  4304
42 2  4338
42 3  6076
42 4  6393
42 5  71
42 6  1153
42 7  3297
42 8  1154
42 9  2980
42 10  3806
42 11  5804
42 12  6034
42 13  6114
42 14  1155
42 15  1203
43 0  5077
43 1  5621
43 2  6165
43 3  253
43 4  1156
43 5  3172
43 6  3758
43 7  5848
43 8  1157
43 9  1544
43 10  5896
43 11  5949
43 12  1158
43 13  2491
43 14  3535
43 15  3901
44 0  6300
44 1  1159
44 2  2455
44 3  4920
44 4  5485
44 5  6167
44 6  401
44 7  1160
44 8  3043
44 9  3135
44 10  3573
44 11  5397
44 12  480
44 13  1161
44 14  5674
44 15  5770
45 0  1162
45 1  993
45 2  1163
45 3  1389
45 4  1840
45 5  293
45 6  1164
45 7  1603
45 8  6666
45 9  752
45 10  1165
45 11  2499
45 12  4979
45 13  955
45 14  1166
45 15  4198
46 0  5122
46 1  301
46 2  1167
46 3  1589
46 4  2686
46 5  3361
46 6  5031
46 7  6665
46 8  67
46 9  138
46 10  1168
46 11  3000
46 12  5258
46 13  1169
46 14  3050
46 15  3314
47 0  4984
47 1  6351
47 2  1170
47 3  4579
47 4  5038
47 5  6416
47 6  131
47 7  1171
47 8  1389
47 9  1625
47 10  3620
47 11  4574
47 12  314
47 13  1172
47 14  3777
47 15  4839
48 0  1173
48 1  5046
48 2  6367
48 3  6465
48 4  1174
48 5  4584
48 6  5136
48 7  5736
48 8  6185
48 9  1175
48 10  1494
48 11  5508
48 12  5739
48 13  6471
48 14  1176
48 15  2104
49 0  2746
49 1  4949
49 2  5697
49 3  322
49 4  1177
49 5  4514
49 6  4898
49 7  5744
49 8  1178
49 9  2105
49 10  2173
49 11  3739
49 12  5701
49 13  6338
49 14  1179
49 15  3399
50 0  6074
50 1  6490
50 2  1180
50 3  3813
50 4  5667
50 5  1181
50 6  2496
50 7  3127
50 8  5380
50 9  5798
50 10  6530
50 11  331
50 12  1182
50 13  2409
50 14  4786
50 15  6443
51 0  133
51 1  1183
51 2  1504
51 3  2543
51 4  1184
51 5  2182
51 6  5900
51 7  279
51 8  1185
51 9  4491
51 10  5162
51 11  290
51 12  988
51 13  1186
51 14  1306
51 15  1588
52 0  1952
52 1  4156
52 2  1164
52 3  1187
52 4  1358
52 5  1573
52 6  1188
52 7  3138
52 8  3919
52 9  5341
52 10  5343
52 11  6319
52 12  1189
52 13  2548
52 14  4166
52 15  4801
53 0  4943
53 1  5595
53 2  97
53 3  829
53 4  1190
53 5  1732
53 6  1781
53 7  3145
53 8  4244
53 9  1191
53 10  1593
53 11  2122
53 12  6052
53 13  1192
53 14  1193
53 15  2280
54 0  3096
54 1  4361
54 2  4805
54 3  4945
54 4  1194
54 5  3060
54 6  5143
54 7  5270
54 8  6188
54 9  359
54 10  1195
54 11  3024
54 12  3337
54 13  5280
54 14  518
54 15  1196
55 0  1267
55 1  1566
55 2  2573
55 3  3028
55 4  1197
55 5  3124
55 6  4869
55 7  5199
55 8  6438
55 9  1198
55 10  1482
55 11  4975
55 12  5795
55 13  5891
55 14  812
55 15  1199
56 0  2667
56 1  3301
56 2  3606
56 3  5155
56 4  845
56 5  1200
56 6  1944
56 7  2801
56 8  3524
56 9  5843
56 10  6440
56 11  70
56 12  1201
56 13  1707
56 14  1202
56 15  2009
57 0  3964
57 1  5853
57 2  555
57 3  1203
57 4  1302
57 5  4390
57 6  4973
57 7  5395
57 8  5484
57 9  6165
57 10  1204
57 11  2057
57 12  2811
57 13  4827
57 14  6408
57 15  951
58 0  1205
58 1  2954
58 2  4154
58 3  4492
58 4  1206
58 5  2998
58 6  4062
58 7  5346
58 8  6412
58 9  1207
58 10  2419
58 11  5122
58 12  6178
58 13  443
58 14  993
58 15  1208
59 0  1840
59 1  2778
59 2  3824
59 3  4932
59 4  1209
59 5  2142
59 6  4884
59 7  6175
59 8  6272
59 9  141
59 10  1210
59 11  1509
59 12  3091
59 13  3620
59 14  81
59 15  1211
60 0  1851
60 1  192
60 2  1212
60 3  1789
60 4  1213
60 5  1611
60 6  3105
60 7  4083
60 8  5187
60 9  5552
60 10  6480
60 11  1214
60 12  2208
60 13  2753
60 14  3479
60 15  5275
61 0  1055
61 1  1215
61 2  1933
61 3  2131
61 4  1216
61 5  2343
61 6  3064
61 7  3903
61 8  5703
61 9  6195
61 10  657
61 11  1217
61 12  2846
61 13  4632
61 14  4693
61 15  6021
62 0  1218
62 1  1800
62 2  4471
62 3  6395
62 4  865
62 5  923
62 6  1219
62 7  1966
62 8  6116
62 9  1220
62 10  1272
62 11  2534
62 12  4531
62 13  4536
62 14  1184
62 15  1221
63 0  1418
63 1  2182
63 2  3226
63 3  4059
63 4  1222
63 5  2320
63 6  4529
63 7  296
63 8  1223
63 9  6087
63 10  6088
63 11  1224
63 12  1987
63 13  2905
63 14  4241
63 15  4534
