size: 1024
Tuples
0 0  3082
0 1  3569
0 2  4147
0 3  5247
0 4  615
0 5  2304
0 6  2946
0 7  3653
0 8  4310
0 9  4486
0 10  5525
0 11  6535
0 12  616
0 13  2040
0 14  5071
0 15  6492
1 0  617
1 1  1537
1 2  2277
1 3  3240
1 4  618
1 5  1958
1 6  3354
1 7  3490
1 8  619
1 9  2772
1 10  5201
1 11  5716
1 12  420
1 13  620
1 14  2993
1 15  2994
2 0  4710
2 1  5769
2 2  621
2 3  3323
2 4  4074
2 5  5547
2 6  622
2 7  1522
2 8  3880
2 9  623
2 10  2607
2 11  3470
2 12  3798
2 13  4165
2 14  624
2 15  3737
3 0  5638
3 1  6236
3 2  6418
3 3  625
3 4  1526
3 5  1991
3 6  3680
3 7  5265
3 8  5693
3 9  481
3 10  626
3 11  3309
3 12  5163
3 13  5340
3 14  291
3 15  627
4 0  2042
4 1  2230
4 2  4444
4 3  4497
4 4  5727
4 5  628
4 6  2430
4 7  4550
4 8  6098
4 9  629
4 10  4761
4 11  4796
4 12  5082
4 13  5684
4 14  6223
4 15  405
5 0  630
5 1  1663
5 2  2069
5 3  4617
5 4  631
5 5  2835
5 6  3060
5 7  5357
5 8  5648
5 9  5737
5 10  5830
5 11  160
5 12  632
5 13  1806
5 14  4072
5 15  6682
6 0  633
6 1  767
6 2  3149
6 3  6332
6 4  634
6 5  2739
6 6  3097
6 7  3466
6 8  3990
6 9  5914
6 10  635
6 11  2350
6 12  4994
6 13  6339
6 14  636
6 15  3413
7 0  4364
7 1  6375
7 2  637
7 3  1174
7 4  1524
7 5  4584
7 6  6185
7 7  6464
7 8  638
7 9  3732
7 10  4127
7 11  4295
7 12  4373
7 13  6146
7 14  6182
7 15  6284
8 0  639
8 1  3419
8 2  3548
8 3  3789
8 4  5501
8 5  640
8 6  999
8 7  1525
8 8  2876
8 9  6056
8 10  641
8 11  2376
8 12  2832
8 13  4208
8 14  456
8 15  642
9 0  2005
9 1  3936
9 2  5137
9 3  5223
9 4  643
9 5  1054
9 6  4629
9 7  644
9 8  1892
9 9  3431
9 10  3511
9 11  3513
9 12  645
9 13  3158
9 14  3740
9 15  4519
10 0  5093
10 1  5512
10 2  195
10 3  646
10 4  5510
10 5  199
10 6  647
10 7  1725
10 8  3559
10 9  5928
10 10  648
10 11  1648
10 12  2154
10 13  3150
10 14  3593
10 15  649
11 0  2342
11 1  4130
11 2  4413
11 3  650
11 4  653
11 5  698
11 6  5002
11 7  6336
11 8  651
11 9  2384
11 10  2614
11 11  2982
11 12  5056
11 13  5284
11 14  6205
11 15  403
12 0  652
12 1  1401
12 2  3935
12 3  5362
12 4  6278
12 5  6474
12 6  653
12 7  1579
12 8  5002
12 9  6336
12 10  654
12 11  1965
12 12  3252
12 13  3253
12 14  5277
12 15  5884
13 0  655
13 1  3697
13 2  5375
13 3  5514
13 4  656
13 5  1341
13 6  2072
13 7  2701
13 8  5931
13 9  657
13 10  2709
13 11  3291
13 12  5373
13 13  6021
13 14  6434
13 15  658
14 0  3077
14 1  3858
14 2  3950
14 3  5708
14 4  5940
14 5  6250
14 6  659
14 7  3693
14 8  4597
14 9  6021
14 10  660
14 11  726
14 12  1006
14 13  1120
14 14  1711
14 15  3956
15 0  54
15 1  65
15 2  661
15 3  764
15 4  1557
15 5  3641
15 6  13
15 7  99
15 8  662
15 9  2335
15 10  4375
15 11  66
15 12  107
15 13  663
15 14  865
15 15  1201
16 0  1219
16 1  664
16 2  1454
16 3  4008
16 4  4381
16 5  5710
16 6  5793
16 7  28
16 8  44
16 9  665
16 10  755
16 11  1668
16 12  3538
16 13  254
16 14  666
16 15  1240
17 0  3526
17 1  123
17 2  667
17 3  706
17 4  1541
17 5  1711
17 6  1966
17 7  269
17 8  668
17 9  2453
17 10  2904
17 11  5158
17 12  669
17 13  2112
17 14  2773
17 15  4488
18 0  5201
18 1  5292
18 2  539
18 3  670
18 4  2673
18 5  5116
18 6  5448
18 7  144
18 8  671
18 9  947
18 10  1077
18 11  3705
18 12  672
18 13  1485
18 14  1773
18 15  4028
19 0  5346
19 1  673
19 2  3270
19 3  4396
19 4  6137
19 5  674
19 6  3923
19 7  4311
19 8  5157
19 9  5493
19 10  675
19 11  1361
19 12  2822
19 13  5342
19 14  5912
19 15  6172
20 0  676
20 1  1250
20 2  3004
20 3  3233
20 4  3546
20 5  5031
20 6  677
20 7  1689
20 8  2274
20 9  2641
20 10  4616
20 11  5309
20 12  5339
20 13  6462
20 14  308
20 15  678
21 0  827
21 1  2685
21 2  5125
21 3  5964
21 4  6681
21 5  679
21 6  1658
21 7  3366
21 8  3727
21 9  6368
21 10  6461
21 11  680
21 12  732
21 13  1806
21 14  2917
21 15  3462
22 0  81
22 1  681
22 2  1211
22 3  450
22 4  682
22 5  4117
22 6  5458
22 7  5822
22 8  683
22 9  2920
22 10  4365
22 11  5304
22 12  5915
22 13  6281
22 14  684
22 15  854
23 0  1618
23 1  3465
23 2  4324
23 3  4326
23 4  171
23 5  685
23 6  1088
23 7  2961
23 8  3465
23 9  6680
23 10  686
23 11  997
23 12  2920
23 13  5549
23 14  6371
23 15  148
24 0  687
24 1  1330
24 2  3145
24 3  3830
24 4  6465
24 5  606
24 6  688
24 7  2374
24 8  2550
24 9  2559
24 10  2926
24 11  4405
24 12  689
24 13  1193
24 14  4361
24 15  5411
25 0  5733
25 1  5925
25 2  690
25 3  4031
25 4  6193
25 5  6512
25 6  691
25 7  1620
25 8  3888
25 9  4123
25 10  4407
25 11  6190
25 12  15
25 13  692
25 14  1344
25 15  3274
26 0  87
26 1  693
26 2  738
26 3  1151
26 4  1972
26 5  694
26 6  1564
26 7  2128
26 8  4625
26 9  5228
26 10  5470
26 11  695
26 12  2751
26 13  3098
26 14  5092
26 15  5426
27 0  696
27 1  768
27 2  1440
27 3  2435
27 4  3593
27 5  5883
27 6  697
27 7  3474
27 8  4370
27 9  5924
27 10  6477
27 11  205
27 12  698
27 13  1580
27 14  1680
27 15  5002
28 0  115
28 1  699
28 2  703
28 3  968
28 4  1363
28 5  700
28 6  1662
28 7  4507
28 8  6466
28 9  491
28 10  701
28 11  1023
28 12  1433
28 13  1892
28 14  129
28 15  702
29 0  1123
29 1  1153
29 2  1559
29 3  14
29 4  85
29 5  703
29 6  707
29 7  1514
29 8  704
29 9  3700
29 10  3856
29 11  4088
29 12  4774
29 13  5192
29 14  518
29 15  705
30 0  2796
30 1  4219
30 2  5150
30 3  154
30 4  706
30 5  1541
30 6  6158
30 7  38
30 8  707
30 9  842
30 10  970
30 11  1890
30 12  708
30 13  934
30 14  1452
30 15  3431
31 0  709
31 1  2579
31 2  3523
31 3  3531
31 4  4148
31 5  5062
31 6  129
31 7  710
31 8  1300
31 9  2662
31 10  5711
31 11  711
31 12  2578
31 13  5889
31 14  6207
31 15  77
32 0  712
32 1  1096
32 2  1783
32 3  4916
32 4  112
32 5  665
32 6  713
32 7  871
32 8  3538
32 9  256
32 10  714
32 11  1584
32 12  4876
32 13  4974
32 14  23
32 15  713
33 0  715
33 1  1162
33 2  1638
33 3  3538
33 4  389
33 5  716
33 6  2627
33 7  2948
33 8  3528
33 9  717
33 10  3446
33 11  4312
33 12  4652
33 13  6534
33 14  718
33 15  3862
34 0  4393
34 1  6032
34 2  383
34 3  719
34 4  2534
34 5  5486
34 6  5992
34 7  671
34 8  720
34 9  1011
34 10  1077
34 11  1599
34 12  1707
34 13  286
34 14  721
34 15  5254
35 0  722
35 1  2064
35 2  3229
35 3  4539
35 4  5581
35 5  5808
35 6  723
35 7  789
35 8  790
35 9  847
35 10  879
35 11  724
35 12  2358
35 13  3318
35 14  5540
35 15  5996
36 0  23
36 1  91
36 2  725
36 3  790
36 4  1076
36 5  1599
36 6  3705
36 7  123
36 8  130
36 9  726
36 10  780
36 11  1783
36 12  3956
36 13  45
36 14  727
36 15  1303
37 0  1430
37 1  728
37 2  3193
37 3  4403
37 4  4506
37 5  5263
37 6  5415
37 7  5637
37 8  5691
37 9  687
37 10  729
37 11  792
37 12  855
37 13  2095
37 14  2824
37 15  3553
38 0  5417
38 1  159
38 2  730
38 3  1309
38 4  1608
38 5  4072
38 6  4938
38 7  731
38 8  3056
38 9  3582
38 10  4857
38 11  5128
38 12  161
38 13  732
38 14  1806
38 15  2093
39 0  2917
39 1  6679
39 2  733
39 3  1909
39 4  3099
39 5  4670
39 6  6233
39 7  6369
39 8  734
39 9  3468
39 10  3681
39 11  4254
39 12  735
39 13  3927
39 14  4325
39 15  6138
40 0  736
40 1  4089
40 2  4461
40 3  5747
40 4  737
40 5  1971
40 6  3104
40 7  3418
40 8  6380
40 9  20
40 10  738
40 11  978
40 12  1029
40 13  1151
40 14  739
40 15  3690
41 0  3937
41 1  4556
41 2  740
41 3  2443
41 4  4903
41 5  5557
41 6  5750
41 7  741
41 8  1515
41 9  2885
41 10  3945
41 11  5931
41 12  742
41 13  973
41 14  1029
41 15  1903
42 0  1972
42 1  2792
42 2  743
42 3  1901
42 4  3111
42 5  4418
42 6  6108
42 7  744
42 8  1750
42 9  2176
42 10  5007
42 11  5237
42 12  5981
42 13  134
42 14  745
42 15  853
43 0  7
43 1  746
43 2  934
43 3  1192
43 4  1567
43 5  1695
43 6  365
43 7  747
43 8  3517
43 9  5887
43 10  5939
43 11  748
43 12  3867
43 13  4140
43 14  4744
43 15  6397
44 0  749
44 1  1984
44 2  3440
44 3  5792
44 4  6025
44 5  750
44 6  3486
44 7  4237
44 8  5286
44 9  751
44 10  1503
44 11  2032
44 12  2033
44 13  4651
44 14  5671
44 15  25
45 0  752
45 1  758
45 2  1885
45 3  4979
45 4  753
45 5  785
45 6  1484
45 7  5162
45 8  6269
45 9  6496
45 10  754
45 11  2664
45 12  4146
45 13  4231
45 14  6489
45 15  69
46 0  755
46 1  1299
46 2  2256
46 3  756
46 4  2901
46 5  3913
46 6  4575
46 7  5211
46 8  6354
46 9  757
46 10  4105
46 11  5404
46 12  5628
46 13  6135
46 14  108
46 15  140
47 0  758
47 1  879
47 2  1885
47 3  759
47 4  2684
47 5  4716
47 6  4764
47 7  760
47 8  2771
47 9  5089
47 10  5456
47 11  5966
47 12  761
47 13  3461
47 14  5084
47 15  6140
48 0  762
48 1  1421
48 2  5916
48 3  6013
48 4  763
48 5  3010
48 6  5272
48 7  5641
48 8  6139
48 9  6328
48 10  764
48 11  765
48 12  2512
48 13  3934
48 14  4853
48 15  766
49 0  1900
49 1  2647
49 2  3736
49 3  3936
49 4  4252
49 5  5358
49 6  767
49 7  2026
49 8  2653
49 9  4299
49 10  4300
49 11  4588
49 12  6332
49 13  648
49 14  768
49 15  1997
50 0  2154
50 1  2435
50 2  3593
50 3  708
50 4  769
50 5  1480
50 6  1695
50 7  6068
50 8  770
50 9  1750
50 10  1835
50 11  4558
50 12  5884
50 13  771
50 14  4132
50 15  5057
51 0  5656
51 1  6152
51 2  772
51 3  4267
51 4  5100
51 5  5372
51 6  6164
51 7  773
51 8  2703
51 9  3213
51 10  4592
51 11  6343
51 12  774
51 13  2796
51 14  3115
51 15  4135
52 0  4219
52 1  44
52 2  130
52 3  775
52 4  1150
52 5  1668
52 6  6028
52 7  118
52 8  776
52 9  978
52 10  1268
52 11  3752
52 12  4177
52 13  5791
52 14  777
52 15  2106
53 0  5437
53 1  5710
53 2  6297
53 3  778
53 4  1809
53 5  4696
53 6  5847
53 7  111
53 8  738
53 9  779
53 10  978
53 11  1006
53 12  1541
53 13  88
53 14  775
53 15  780
54 0  1300
54 1  3956
54 2  781
54 3  2139
54 4  2803
54 5  3760
54 6  5622
54 7  379
54 8  782
54 9  3816
54 10  4914
54 11  5757
54 12  6255
54 13  783
54 14  5200
54 15  5951
55 0  6080
55 1  6531
55 2  784
55 3  4872
55 4  5076
55 5  5763
55 6  785
55 7  1185
55 8  2063
55 9  3178
55 10  4491
55 11  5162
55 12  786
55 13  4155
55 14  4353
55 15  4922
56 0  5721
56 1  6126
56 2  787
56 3  1506
56 4  3459
56 5  4758
56 6  6411
56 7  426
56 8  788
56 9  2634
56 10  5908
56 11  6047
56 12  67
56 13  789
56 14  879
56 15  1168
57 0  3000
57 1  113
57 2  790
57 3  1162
57 4  791
57 5  3237
57 6  4319
57 7  4612
57 8  5170
57 9  6504
57 10  687
57 11  792
57 12  6465
57 13  793
57 14  1086
57 15  3581
58 0  4889
58 1  5729
58 2  6461
58 3  10
58 4  115
58 5  794
58 6  1363
58 7  1514
58 8  795
58 9  1929
58 10  1969
58 11  3322
58 12  4508
58 13  4581
58 14  354
58 15  796
59 0  5872
59 1  6468
59 2  797
59 3  2966
59 4  3464
59 5  3547
59 6  4726
59 7  5351
59 8  5730
59 9  6374
59 10  317
59 11  798
59 12  1709
59 13  3927
59 14  4993
59 15  6367
60 0  799
60 1  3691
60 2  4768
60 3  5600
60 4  6236
60 5  800
60 6  1630
60 7  1941
60 8  2428
60 9  4675
60 10  801
60 11  1862
60 12  2023
60 13  3195
60 14  3469
60 15  3509
61 0  802
61 1  1051
61 2  1701
61 3  5589
61 4  6051
61 5  803
61 6  1212
61 7  1678
61 8  2517
61 9  5874
61 10  6147
61 11  6333
61 12  6379
61 13  804
61 14  862
61 15  1347
62 0  1694
62 1  1972
62 2  2792
62 3  4635
62 4  805
62 5  3105
62 6  3146
62 7  3636
62 8  5607
62 9  6334
62 10  806
62 11  2965
62 12  3843
62 13  3994
62 14  4162
62 15  4894
63 0  807
63 1  2388
63 2  4734
63 3  6479
63 4  808
63 5  3519
63 6  5559
63 7  5838
63 8  6251
63 9  106
63 10  809
63 11  836
63 12  1192
63 13  1662
63 14  2282
63 15  804
