size: 832
Tuples
0 0  15910
0 1  15918
0 2  15922
0 3  15927
0 4  15931
0 5  15935
0 6  15941
0 7  15944
0 8  15948
0 9  15952
0 10  15955
0 11  15960
0 12  15964
1 0  15965
1 1  15970
1 2  15977
1 3  15978
1 4  15983
1 5  15988
1 6  15993
1 7  15998
1 8  16001
1 9  16006
1 10  16011
1 11  16016
1 12  16020
2 0  16024
2 1  16029
2 2  16032
2 3  16037
2 4  16041
2 5  16045
2 6  16052
2 7  16055
2 8  16059
2 9  16064
2 10  16067
2 11  16070
2 12  16073
3 0  16076
3 1  16081
3 2  16086
3 3  16092
3 4  16096
3 5  16101
3 6  16104
3 7  16107
3 8  16111
3 9  16114
3 10  16117
3 11  16120
3 12  16121
4 0  16124
4 1  16131
4 2  16134
4 3  16139
4 4  16144
4 5  16150
4 6  16156
4 7  16160
4 8  16166
4 9  16171
4 10  16172
4 11  16175
4 12  16179
5 0  16185
5 1  16189
5 2  16196
5 3  16199
5 4  16206
5 5  16209
5 6  16213
5 7  16216
5 8  16221
5 9  16226
5 10  16230
5 11  16234
5 12  16240
6 0  16245
6 1  16250
6 2  16256
6 3  16259
6 4  16263
6 5  16266
6 6  16273
6 7  16278
6 8  16281
6 9  16286
6 10  16290
6 11  16293
6 12  16296
7 0  16301
7 1  16305
7 2  16310
7 3  16314
7 4  16317
7 5  16321
7 6  16325
7 7  16330
7 8  16335
7 9  16340
7 10  16344
7 11  16349
7 12  16352
8 0  16356
8 1  16360
8 2  16363
8 3  16367
8 4  16372
8 5  16378
8 6  16381
8 7  16386
8 8  16393
8 9  16399
8 10  16403
8 11  16407
8 12  16410
9 0  16415
9 1  16419
9 2  16424
9 3  16427
9 4  16432
9 5  16440
9 6  16446
9 7  16452
9 8  16456
9 9  16461
9 10  16468
9 11  16471
9 12  16477
10 0  16480
10 1  16484
10 2  16489
10 3  16495
10 4  16502
10 5  16508
10 6  16512
10 7  16517
10 8  16518
10 9  16522
10 10  16528
10 11  16532
10 12  16536
11 0  16540
11 1  16544
11 2  16548
11 3  16553
11 4  16556
11 5  16561
11 6  16566
11 7  16569
11 8  16572
11 9  16579
11 10  16582
11 11  16583
11 12  16590
12 0  16593
12 1  16598
12 2  16601
12 3  16607
12 4  16610
12 5  16616
12 6  16620
12 7  16625
12 8  16628
12 9  16635
12 10  16639
12 11  16643
12 12  16647
13 0  16650
13 1  16655
13 2  16660
13 3  16661
13 4  16665
13 5  16672
13 6  16675
13 7  16679
13 8  16683
13 9  16689
13 10  16694
13 11  16699
13 12  16703
14 0  16709
14 1  16712
14 2  16716
14 3  16719
14 4  16722
14 5  16727
14 6  16733
14 7  16738
14 8  16742
14 9  16747
14 10  16751
14 11  16756
14 12  16757
15 0  16762
15 1  16766
15 2  16771
15 3  16774
15 4  16781
15 5  16785
15 6  16790
15 7  16795
15 8  16800
15 9  16806
15 10  16810
15 11  16816
15 12  16821
16 0  16824
16 1  16827
16 2  16832
16 3  16835
16 4  16840
16 5  16843
16 6  16850
16 7  16854
16 8  16857
16 9  16861
16 10  16866
16 11  16871
16 12  16878
17 0  16883
17 1  16888
17 2  16889
17 3  16893
17 4  16896
17 5  16901
17 6  16907
17 7  16914
17 8  16919
17 9  16922
17 10  16925
17 11  16928
17 12  16932
18 0  16935
18 1  16941
18 2  16946
18 3  16951
18 4  16955
18 5  16961
18 6  16964
18 7  16967
18 8  16973
18 9  16978
18 10  16982
18 11  16987
18 12  16992
19 0  16995
19 1  17000
19 2  17005
19 3  17010
19 4  17013
19 5  17014
19 6  17020
19 7  17024
19 8  17027
19 9  17031
19 10  17037
19 11  17040
19 12  17044
20 0  17052
20 1  17058
20 2  17062
20 3  17066
20 4  17070
20 5  17075
20 6  17079
20 7  17084
20 8  17087
20 9  17090
20 10  17093
20 11  17100
20 12  17105
21 0  17108
21 1  17112
21 2  17116
21 3  17119
21 4  17125
21 5  17130
21 6  17135
21 7  17140
21 8  17143
21 9  17147
21 10  17152
21 11  17155
21 12  17161
22 0  17165
22 1  17170
22 2  17173
22 3  17176
22 4  17181
22 5  17184
22 6  17188
22 7  17193
22 8  17197
22 9  17201
22 10  17206
22 11  17211
22 12  17213
23 0  17217
23 1  17224
23 2  17229
23 3  17232
23 4  17237
23 5  17238
23 6  17239
23 7  17243
23 8  17249
23 9  17252
23 10  17258
23 11  17262
23 12  17268
24 0  17273
24 1  17276
24 2  17280
24 3  17286
24 4  17287
24 5  17292
24 6  17297
24 7  17300
24 8  17303
24 9  17306
24 10  17310
24 11  17312
24 12  17315
25 0  17318
25 1  17319
25 2  17322
25 3  17328
25 4  17333
25 5  17337
25 6  17342
25 7  17346
25 8  17351
25 9  17356
25 10  17361
25 11  17364
25 12  17368
26 0  17372
26 1  17375
26 2  17380
26 3  17383
26 4  17388
26 5  17389
26 6  17393
26 7  17397
26 8  17401
26 9  17407
26 10  17412
26 11  17416
26 12  17420
27 0  17426
27 1  17431
27 2  17435
27 3  17439
27 4  17440
27 5  17444
27 6  17449
27 7  17455
27 8  17461
27 9  17466
27 10  17470
27 11  17475
27 12  17481
28 0  17486
28 1  17491
28 2  17496
28 3  17500
28 4  17506
28 5  17507
28 6  17510
28 7  17513
28 8  17517
28 9  17522
28 10  17527
28 11  17533
28 12  17537
29 0  17542
29 1  17547
29 2  17552
29 3  17557
29 4  17560
29 5  17565
29 6  17570
29 7  17575
29 8  17581
29 9  17585
29 10  17588
29 11  17594
29 12  17599
30 0  17600
30 1  17605
30 2  17611
30 3  17616
30 4  17622
30 5  17625
30 6  17629
30 7  17635
30 8  17640
30 9  17643
30 10  17647
30 11  17650
30 12  17654
31 0  17657
31 1  17665
31 2  17670
31 3  17676
31 4  17681
31 5  17685
31 6  17690
31 7  17694
31 8  17697
31 9  17702
31 10  17708
31 11  17713
31 12  17716
32 0  17721
32 1  17725
32 2  17726
32 3  17731
32 4  17736
32 5  17742
32 6  17748
32 7  17753
32 8  17757
32 9  17763
32 10  17767
32 11  17770
32 12  17773
33 0  17778
33 1  17781
33 2  17784
33 3  17787
33 4  17791
33 5  17794
33 6  17799
33 7  17804
33 8  17805
33 9  17809
33 10  17814
33 11  17819
33 12  17823
34 0  17826
34 1  17828
34 2  17835
34 3  17838
34 4  17839
34 5  17844
34 6  17850
34 7  17855
34 8  17859
34 9  17865
34 10  17868
34 11  17875
34 12  17879
35 0  17884
35 1  17889
35 2  17892
35 3  17898
35 4  17903
35 5  17908
35 6  17913
35 7  17916
35 8  17921
35 9  17922
35 10  17925
35 11  17930
35 12  17936
36 0  17939
36 1  17943
36 2  17947
36 3  17952
36 4  17957
36 5  17962
36 6  17966
36 7  17970
36 8  17976
36 9  17981
36 10  17986
36 11  17989
36 12  17994
37 0  17997
37 1  18002
37 2  18005
37 3  18010
37 4  18014
37 5  18020
37 6  18024
37 7  18030
37 8  18034
37 9  18041
37 10  18045
37 11  18048
37 12  18052
38 0  18057
38 1  18064
38 2  18068
38 3  18073
38 4  18078
38 5  18083
38 6  18087
38 7  18092
38 8  18095
38 9  18099
38 10  18104
38 11  18107
38 12  18110
39 0  18113
39 1  18118
39 2  18123
39 3  18126
39 4  18127
39 5  18133
39 6  18138
39 7  18145
39 8  18150
39 9  18154
39 10  18157
39 11  18162
39 12  18167
40 0  18173
40 1  18177
40 2  18181
40 3  18186
40 4  18192
40 5  18199
40 6  18204
40 7  18208
40 8  18213
40 9  18216
40 10  18220
40 11  18223
40 12  18229
41 0  18235
41 1  18240
41 2  18246
41 3  18252
41 4  18257
41 5  18262
41 6  18267
41 7  18272
41 8  18277
41 9  18280
41 10  18284
41 11  18288
41 12  18294
42 0  18300
42 1  18303
42 2  18310
42 3  18313
42 4  18318
42 5  18323
42 6  18327
42 7  18332
42 8  18337
42 9  18338
42 10  18343
42 11  18348
42 12  18353
43 0  18357
43 1  18362
43 2  18363
43 3  18368
43 4  18372
43 5  18377
43 6  18382
43 7  18386
43 8  18390
43 9  18395
43 10  18399
43 11  18403
43 12  18406
44 0  18411
44 1  18416
44 2  18419
44 3  18424
44 4  18429
44 5  18434
44 6  18437
44 7  18442
44 8  18446
44 9  18451
44 10  18456
44 11  18460
44 12  18463
45 0  18466
45 1  18469
45 2  18473
45 3  18477
45 4  18482
45 5  18483
45 6  18487
45 7  18488
45 8  18489
45 9  18494
45 10  18495
45 11  18499
45 12  18504
46 0  18509
46 1  18514
46 2  18519
46 3  18522
46 4  18528
46 5  18531
46 6  18537
46 7  18542
46 8  18547
46 9  18550
46 10  18555
46 11  18558
46 12  18562
47 0  18565
47 1  18570
47 2  18575
47 3  18581
47 4  18585
47 5  18589
47 6  18593
47 7  18600
47 8  18603
47 9  18607
47 10  18608
47 11  18611
47 12  18615
48 0  18618
48 1  18623
48 2  18627
48 3  18630
48 4  18634
48 5  18639
48 6  18642
48 7  18647
48 8  18650
48 9  18653
48 10  18658
48 11  18659
48 12  18662
49 0  18667
49 1  18672
49 2  18677
49 3  18681
49 4  18682
49 5  18686
49 6  18692
49 7  18697
49 8  18703
49 9  18707
49 10  18710
49 11  18714
49 12  18719
50 0  18725
50 1  18729
50 2  18734
50 3  18739
50 4  18744
50 5  18747
50 6  18748
50 7  18751
50 8  18757
50 9  18758
50 10  18764
50 11  18767
50 12  18772
51 0  18779
51 1  18784
51 2  18789
51 3  18794
51 4  18800
51 5  18804
51 6  18808
51 7  18811
51 8  18817
51 9  18822
51 10  18827
51 11  18832
51 12  18837
52 0  18841
52 1  18845
52 2  18849
52 3  18854
52 4  18858
52 5  18861
52 6  18868
52 7  18872
52 8  18875
52 9  18880
52 10  18885
52 11  18889
52 12  18893
53 0  18897
53 1  18902
53 2  18906
53 3  18909
53 4  18912
53 5  18917
53 6  18920
53 7  18923
53 8  18929
53 9  18932
53 10  18933
53 11  18937
53 12  18940
54 0  18946
54 1  18949
54 2  18955
54 3  18960
54 4  18964
54 5  18968
54 6  18972
54 7  18977
54 8  18980
54 9  18986
54 10  18987
54 11  18988
54 12  18991
55 0  18995
55 1  19002
55 2  19006
55 3  19011
55 4  19017
55 5  19022
55 6  19025
55 7  19031
55 8  19035
55 9  19039
55 10  19043
55 11  19047
55 12  19052
56 0  19056
56 1  19060
56 2  19066
56 3  19071
56 4  19072
56 5  19075
56 6  19080
56 7  19083
56 8  19085
56 9  19088
56 10  19094
56 11  19099
56 12  19102
57 0  19108
57 1  19113
57 2  19117
57 3  19121
57 4  19124
57 5  19127
57 6  19130
57 7  19134
57 8  19137
57 9  19143
57 10  19148
57 11  19152
57 12  19155
58 0  19159
58 1  19162
58 2  19166
58 3  19167
58 4  19171
58 5  19178
58 6  19181
58 7  19184
58 8  19190
58 9  19193
58 10  19198
58 11  19202
58 12  19205
59 0  19210
59 1  19215
59 2  19220
59 3  19224
59 4  19227
59 5  19229
59 6  19233
59 7  19236
59 8  19241
59 9  19246
59 10  19249
59 11  19252
59 12  19255
60 0  19262
60 1  19265
60 2  19268
60 3  19275
60 4  19280
60 5  19284
60 6  19290
60 7  19294
60 8  19299
60 9  19305
60 10  19311
60 11  19316
60 12  19321
61 0  19326
61 1  19331
61 2  19338
61 3  19341
61 4  19345
61 5  19351
61 6  19354
61 7  19360
61 8  19363
61 9  19368
61 10  19371
61 11  19372
61 12  19373
62 0  19378
62 1  19381
62 2  19384
62 3  19388
62 4  19393
62 5  19399
62 6  19402
62 7  19407
62 8  19410
62 9  19411
62 10  19416
62 11  19419
62 12  19424
63 0  19427
63 1  19430
63 2  19433
63 3  19436
63 4  19440
63 5  19446
63 6  19451
63 7  19455
63 8  19458
63 9  19464
63 10  19470
63 11  19474
63 12  19479
