size: 832
Tuples
0 0  12073
0 1  12078
0 2  12082
0 3  12086
0 4  12090
0 5  12095
0 6  12101
0 7  12105
0 8  12110
0 9  12115
0 10  12118
0 11  12121
0 12  12126
1 0  12132
1 1  12139
1 2  12145
1 3  12146
1 4  12151
1 5  12156
1 6  12162
1 7  12166
1 8  12170
1 9  12175
1 10  12179
1 11  12184
1 12  12187
2 0  12194
2 1  12199
2 2  12205
2 3  12208
2 4  12214
2 5  12220
2 6  12225
2 7  12230
2 8  12233
2 9  12239
2 10  12243
2 11  12248
2 12  12253
3 0  12257
3 1  12263
3 2  12266
3 3  12271
3 4  12275
3 5  12279
3 6  12284
3 7  12289
3 8  12295
3 9  12301
3 10  12305
3 11  12310
3 12  12315
4 0  12320
4 1  12325
4 2  12329
4 3  12335
4 4  12340
4 5  12344
4 6  12349
4 7  12357
4 8  12361
4 9  12366
4 10  12370
4 11  12376
4 12  12381
5 0  12388
5 1  12393
5 2  12398
5 3  12403
5 4  12408
5 5  12412
5 6  12418
5 7  12422
5 8  12426
5 9  12432
5 10  12435
5 11  12440
5 12  12445
6 0  12452
6 1  12456
6 2  12462
6 3  12467
6 4  12474
6 5  12477
6 6  12482
6 7  12483
6 8  12487
6 9  12492
6 10  12498
6 11  12504
6 12  12508
7 0  12512
7 1  12518
7 2  12522
7 3  12527
7 4  12534
7 5  12539
7 6  12544
7 7  12551
7 8  12556
7 9  12563
7 10  12568
7 11  12572
7 12  12577
8 0  12581
8 1  12585
8 2  12586
8 3  12591
8 4  12595
8 5  12600
8 6  12605
8 7  12608
8 8  12612
8 9  12617
8 10  12624
8 11  12630
8 12  12634
9 0  12640
9 1  12645
9 2  12650
9 3  12653
9 4  12658
9 5  12662
9 6  12667
9 7  12671
9 8  12675
9 9  12681
9 10  12691
9 11  12695
9 12  12700
10 0  12703
10 1  12706
10 2  12711
10 3  12716
10 4  12724
10 5  12728
10 6  12733
10 7  12738
10 8  12743
10 9  12749
10 10  12755
10 11  12761
10 12  12765
11 0  12771
11 1  12776
11 2  12781
11 3  12784
11 4  12790
11 5  12795
11 6  12800
11 7  12804
11 8  12811
11 9  12815
11 10  12819
11 11  12824
11 12  12830
12 0  12833
12 1  12837
12 2  12844
12 3  12848
12 4  12854
12 5  12857
12 6  12862
12 7  12867
12 8  12870
12 9  12874
12 10  12879
12 11  12883
12 12  12887
13 0  12894
13 1  12899
13 2  12904
13 3  12908
13 4  12915
13 5  12920
13 6  12925
13 7  12931
13 8  12934
13 9  12935
13 10  12938
13 11  12943
13 12  12947
14 0  12952
14 1  12956
14 2  12960
14 3  12965
14 4  12971
14 5  12975
14 6  12980
14 7  12985
14 8  12989
14 9  12992
14 10  12997
14 11  13002
14 12  13005
15 0  13010
15 1  13015
15 2  13020
15 3  13025
15 4  13030
15 5  13034
15 6  13041
15 7  13044
15 8  13048
15 9  13053
15 10  13056
15 11  13061
15 12  13065
16 0  13068
16 1  13072
16 2  13078
16 3  13083
16 4  13089
16 5  13094
16 6  13098
16 7  13102
16 8  13106
16 9  13109
16 10  13114
16 11  13119
16 12  13125
17 0  13131
17 1  13137
17 2  13143
17 3  13149
17 4  13154
17 5  13158
17 6  13161
17 7  13165
17 8  13171
17 9  13176
17 10  13180
17 11  13184
17 12  13190
18 0  13195
18 1  13200
18 2  13205
18 3  13211
18 4  13215
18 5  13219
18 6  13225
18 7  13228
18 8  13233
18 9  13240
18 10  13248
18 11  13253
18 12  13256
19 0  13260
19 1  13266
19 2  13271
19 3  13275
19 4  13278
19 5  13282
19 6  13287
19 7  13290
19 8  13295
19 9  13299
19 10  13304
19 11  13309
19 12  13314
20 0  13317
20 1  13323
20 2  13328
20 3  13333
20 4  13339
20 5  13344
20 6  13349
20 7  13355
20 8  13360
20 9  13364
20 10  13368
20 11  13375
20 12  13385
21 0  13390
21 1  13394
21 2  13398
21 3  13403
21 4  13409
21 5  13414
21 6  13419
21 7  13422
21 8  13427
21 9  13432
21 10  13437
21 11  13442
21 12  13446
22 0  13450
22 1  13454
22 2  13460
22 3  13466
22 4  13471
22 5  13474
22 6  13479
22 7  13483
22 8  13488
22 9  13492
22 10  13497
22 11  13501
22 12  13507
23 0  13511
23 1  13516
23 2  13518
23 3  13522
23 4  13523
23 5  13527
23 6  13532
23 7  13536
23 8  13540
23 9  13546
23 10  13547
23 11  13552
23 12  13557
24 0  13561
24 1  13566
24 2  13567
24 3  13572
24 4  13578
24 5  13582
24 6  13586
24 7  13593
24 8  13597
24 9  13600
24 10  13604
24 11  13610
24 12  13616
25 0  13621
25 1  13624
25 2  13629
25 3  13634
25 4  13635
25 5  13640
25 6  13646
25 7  13651
25 8  13656
25 9  13662
25 10  13663
25 11  13667
25 12  13671
26 0  13675
26 1  13681
26 2  13687
26 3  13691
26 4  13695
26 5  13701
26 6  13704
26 7  13708
26 8  13712
26 9  13717
26 10  13720
26 11  13724
26 12  13729
27 0  13734
27 1  13739
27 2  13744
27 3  13745
27 4  13750
27 5  13754
27 6  13761
27 7  13767
27 8  13772
27 9  13777
27 10  13784
27 11  13788
27 12  13792
28 0  13795
28 1  13801
28 2  13807
28 3  13813
28 4  13818
28 5  13822
28 6  13829
28 7  13832
28 8  13836
28 9  13842
28 10  13847
28 11  13850
28 12  13854
29 0  13858
29 1  13862
29 2  13865
29 3  13869
29 4  13874
29 5  13881
29 6  13882
29 7  13886
29 8  13893
29 9  13898
29 10  13903
29 11  13910
29 12  13913
30 0  13917
30 1  13922
30 2  13923
30 3  13924
30 4  13932
30 5  13936
30 6  13939
30 7  13945
30 8  13949
30 9  13953
30 10  13960
30 11  13965
30 12  13970
31 0  13975
31 1  13982
31 2  13988
31 3  13993
31 4  13998
31 5  14005
31 6  14009
31 7  14014
31 8  14019
31 9  14024
31 10  14028
31 11  14032
31 12  14037
32 0  14043
32 1  14048
32 2  14054
32 3  14058
32 4  14059
32 5  14060
32 6  14067
32 7  14068
32 8  14073
32 9  14080
32 10  14083
32 11  14088
32 12  14092
33 0  14096
33 1  14097
33 2  14101
33 3  14105
33 4  14110
33 5  14113
33 6  14118
33 7  14121
33 8  14127
33 9  14131
33 10  14137
33 11  14143
33 12  14148
34 0  14152
34 1  14155
34 2  14161
34 3  14165
34 4  14171
34 5  14176
34 6  14180
34 7  14185
34 8  14188
34 9  14192
34 10  14198
34 11  14203
34 12  14208
35 0  14212
35 1  14216
35 2  14222
35 3  14225
35 4  14231
35 5  14235
35 6  14238
35 7  14243
35 8  14248
35 9  14252
35 10  14255
35 11  14259
35 12  14265
36 0  14272
36 1  14280
36 2  14285
36 3  14286
36 4  14290
36 5  14294
36 6  14297
36 7  14300
36 8  14305
36 9  14310
36 10  14314
36 11  14318
36 12  14322
37 0  14326
37 1  14330
37 2  14335
37 3  14339
37 4  14344
37 5  14349
37 6  14352
37 7  14357
37 8  14362
37 9  14367
37 10  14371
37 11  14377
37 12  14382
38 0  14383
38 1  14387
38 2  14394
38 3  14398
38 4  14403
38 5  14406
38 6  14410
38 7  14414
38 8  14417
38 9  14420
38 10  14423
38 11  14428
38 12  14434
39 0  14440
39 1  14445
39 2  14448
39 3  14452
39 4  14457
39 5  14463
39 6  14467
39 7  14474
39 8  14478
39 9  14482
39 10  14483
39 11  14487
39 12  14491
40 0  14496
40 1  14500
40 2  14506
40 3  14511
40 4  14512
40 5  14517
40 6  14522
40 7  14526
40 8  14531
40 9  14537
40 10  14541
40 11  14545
40 12  14550
41 0  14555
41 1  14560
41 2  14564
41 3  14570
41 4  14574
41 5  14578
41 6  14584
41 7  14590
41 8  14595
41 9  14600
41 10  14604
41 11  14608
41 12  14613
42 0  14618
42 1  14623
42 2  14627
42 3  14632
42 4  14637
42 5  14641
42 6  14646
42 7  14649
42 8  14653
42 9  14657
42 10  14662
42 11  14666
42 12  14672
43 0  14675
43 1  14680
43 2  14686
43 3  14692
43 4  14697
43 5  14702
43 6  14707
43 7  14713
43 8  14717
43 9  14721
43 10  14726
43 11  14729
43 12  14734
44 0  14739
44 1  14743
44 2  14750
44 3  14757
44 4  14760
44 5  14766
44 6  14771
44 7  14775
44 8  14778
44 9  14781
44 10  14784
44 11  14788
44 12  14792
45 0  14795
45 1  14799
45 2  14805
45 3  14812
45 4  14817
45 5  14821
45 6  14828
45 7  14832
45 8  14837
45 9  14842
45 10  14847
45 11  14854
45 12  14858
46 0  14864
46 1  14869
46 2  14874
46 3  14880
46 4  14885
46 5  14888
46 6  14893
46 7  14898
46 8  14903
46 9  14908
46 10  14911
46 11  14916
46 12  14918
47 0  14922
47 1  14923
47 2  14928
47 3  14933
47 4  14938
47 5  14945
47 6  14949
47 7  14954
47 8  14958
47 9  14963
47 10  14966
47 11  14972
47 12  14976
48 0  14981
48 1  14986
48 2  14990
48 3  14996
48 4  15000
48 5  15005
48 6  15011
48 7  15017
48 8  15022
48 9  15026
48 10  15032
48 11  15036
48 12  15041
49 0  15046
49 1  15049
49 2  15053
49 3  15057
49 4  15065
49 5  15068
49 6  15073
49 7  15081
49 8  15087
49 9  15091
49 10  15097
49 11  15102
49 12  15105
50 0  15110
50 1  15114
50 2  15117
50 3  15121
50 4  15126
50 5  15129
50 6  15134
50 7  15138
50 8  15141
50 9  15147
50 10  15152
50 11  15158
50 12  15162
51 0  15166
51 1  15170
51 2  15175
51 3  15179
51 4  15182
51 5  15186
51 6  15189
51 7  15193
51 8  15198
51 9  15203
51 10  15206
51 11  15211
51 12  15216
52 0  15220
52 1  15224
52 2  15228
52 3  15233
52 4  15239
52 5  15246
52 6  15250
52 7  15255
52 8  15261
52 9  15268
52 10  15272
52 11  15278
52 12  15285
53 0  15291
53 1  15296
53 2  15299
53 3  15304
53 4  15309
53 5  15314
53 6  15317
53 7  15323
53 8  15326
53 9  15332
53 10  15337
53 11  15341
53 12  15347
54 0  15350
54 1  15359
54 2  15365
54 3  15370
54 4  15375
54 5  15380
54 6  15385
54 7  15391
54 8  15394
54 9  15398
54 10  15399
54 11  15403
54 12  15407
55 0  15413
55 1  15417
55 2  15422
55 3  15425
55 4  15430
55 5  15435
55 6  15439
55 7  15442
55 8  15449
55 9  15450
55 10  15452
55 11  15456
55 12  15460
56 0  15464
56 1  15467
56 2  15471
56 3  15477
56 4  15481
56 5  15486
56 6  15491
56 7  15495
56 8  15499
56 9  15505
56 10  15506
56 11  15510
56 12  15513
57 0  15518
57 1  15521
57 2  15526
57 3  15529
57 4  15533
57 5  15536
57 6  15541
57 7  15544
57 8  15550
57 9  15553
57 10  15557
57 11  15562
57 12  15567
58 0  15571
58 1  15575
58 2  15581
58 3  15582
58 4  15589
58 5  15592
58 6  15597
58 7  15602
58 8  15607
58 9  15612
58 10  15618
58 11  15621
58 12  15624
59 0  15627
59 1  15630
59 2  15636
59 3  15639
59 4  15643
59 5  15648
59 6  15652
59 7  15657
59 8  15661
59 9  15665
59 10  15670
59 11  15671
59 12  15677
60 0  15684
60 1  15688
60 2  15692
60 3  15696
60 4  15700
60 5  15703
60 6  15708
60 7  15714
60 8  15719
60 9  15722
60 10  15729
60 11  15730
60 12  15733
61 0  15736
61 1  15743
61 2  15747
61 3  15751
61 4  15755
61 5  15760
61 6  15765
61 7  15770
61 8  15773
61 9  15776
61 10  15782
61 11  15785
61 12  15790
62 0  15794
62 1  15798
62 2  15802
62 3  15806
62 4  15811
62 5  15816
62 6  15820
62 7  15825
62 8  15826
62 9  15832
62 10  15837
62 11  15843
62 12  15846
63 0  15851
63 1  15855
63 2  15859
63 3  15865
63 4  15871
63 5  15875
63 6  15881
63 7  15885
63 8  15890
63 9  15893
63 10  15897
63 11  15901
63 12  15906
