size: 1024
Tuples
0 0  4408
0 1  5269
0 2  6632
0 3  193
0 4  470
0 5  1578
0 6  1789
0 7  6061
0 8  6647
0 9  194
0 10  1070
0 11  5423
0 12  6670
0 13  195
0 14  1926
0 15  3152
1 0  5510
1 1  6550
1 2  196
1 3  1777
1 4  4213
1 5  5094
1 6  5510
1 7  6633
1 8  197
1 9  1021
1 10  4300
1 11  4329
1 12  4859
1 13  6566
1 14  198
1 15  3065
2 0  4299
2 1  4300
2 2  6385
2 3  6539
2 4  199
2 5  596
2 6  3559
2 7  6385
2 8  6578
2 9  200
2 10  1871
2 11  3559
2 12  5511
2 13  6624
2 14  201
2 15  1451
3 0  3249
3 1  3635
3 2  6653
3 3  202
3 4  2568
3 5  3845
3 6  6572
3 7  203
3 8  1649
3 9  2789
3 10  3066
3 11  4414
3 12  4465
3 13  6585
3 14  204
3 15  967
4 0  3066
4 1  4087
4 2  6568
4 3  205
4 4  1580
4 5  1680
4 6  4087
4 7  6640
4 8  206
4 9  1295
4 10  1798
4 11  2174
4 12  2837
4 13  6631
4 14  207
4 15  938
5 0  1933
5 1  3067
5 2  6616
5 3  208
5 4  1264
5 5  1933
5 6  4687
5 7  6562
5 8  209
5 9  1964
5 10  4418
5 11  4687
5 12  6611
5 13  210
5 14  1581
5 15  1834
6 0  1901
6 1  1964
6 2  6626
6 3  211
6 4  2175
6 5  6605
6 6  212
6 7  2290
6 8  6431
6 9  6598
6 10  213
6 11  1415
6 12  1799
6 13  2290
6 14  6655
6 15  214
7 0  1415
7 1  4332
7 2  6564
7 3  215
7 4  971
7 5  3638
7 6  4332
7 7  6576
7 8  216
7 9  1296
7 10  1965
7 11  2176
7 12  3638
7 13  6658
7 14  217
7 15  4176
8 0  5277
8 1  6567
8 2  218
8 3  3023
8 4  4176
8 5  6587
8 6  219
8 7  1265
8 8  5190
8 9  6660
8 10  220
8 11  1073
8 12  1453
8 13  6669
8 14  221
8 15  3208
9 0  6581
9 1  222
9 2  1479
9 3  3208
9 4  6652
9 5  223
9 6  5239
9 7  6555
9 8  224
9 9  1267
9 10  1998
9 11  5239
9 12  6659
9 13  225
9 14  4906
9 15  6558
10 0  226
10 1  4906
10 2  6395
10 3  6538
10 4  227
10 5  5611
10 6  6395
10 7  6548
10 8  228
10 9  6252
10 10  6542
10 11  229
10 12  2754
10 13  6527
10 14  6592
10 15  230
11 0  2754
11 1  6593
11 2  231
11 3  3117
11 4  5432
11 5  6583
11 6  232
11 7  3117
11 8  6582
11 9  233
11 10  2979
11 11  3117
11 12  6589
11 13  234
11 14  2979
11 15  6588
12 0  235
12 1  4598
12 2  6563
12 3  236
12 4  1727
12 5  2216
12 6  4598
12 7  6603
12 8  237
12 9  2216
12 10  6602
12 11  238
12 12  1819
12 13  2216
12 14  6630
12 15  239
13 0  2487
13 1  6594
13 2  240
13 3  3346
13 4  6579
13 5  241
13 6  1613
13 7  3346
13 8  6644
13 9  242
13 10  979
13 11  1121
13 12  1613
13 13  6672
13 14  243
13 15  1944
14 0  6614
14 1  244
14 2  845
14 3  1944
14 4  6676
14 5  245
14 6  5620
14 7  6547
14 8  246
14 9  1237
14 10  4051
14 11  5620
14 12  6569
14 13  247
14 14  4051
14 15  5385
15 0  6553
15 1  248
15 2  846
15 3  1238
15 4  5385
15 5  6664
15 6  249
15 7  2038
15 8  2354
15 9  6609
15 10  250
15 11  428
15 12  2030
15 13  2038
15 14  6610
15 15  251
16 0  2219
16 1  3907
16 2  6601
16 3  252
16 4  1301
16 5  1894
16 6  2219
16 7  6622
16 8  253
16 9  1894
16 10  3758
16 11  6575
16 12  254
16 13  1036
16 14  1240
16 15  3758
17 0  6663
17 1  255
17 2  1637
17 3  3910
17 4  6643
17 5  256
17 6  1010
17 7  1637
17 8  4876
17 9  6560
17 10  257
17 11  1820
17 12  1949
17 13  5851
17 14  6613
17 15  258
18 0  5111
18 1  5853
18 2  6545
18 3  259
18 4  1600
18 5  3815
18 6  5442
18 7  5853
18 8  6645
18 9  260
18 10  1369
18 11  1927
18 12  4484
18 13  6618
18 14  261
18 15  389
19 0  716
19 1  1927
19 2  2948
19 3  6690
19 4  262
19 5  433
19 6  3864
19 7  6689
19 8  263
19 9  1157
19 10  1544
19 11  5896
19 12  6649
19 13  264
19 14  1544
19 15  1919
20 0  4918
20 1  6620
20 2  265
20 3  950
20 4  1919
20 5  2903
20 6  6674
20 7  266
20 8  2225
20 9  6600
20 10  267
20 11  3613
20 12  6577
20 13  268
20 14  504
20 15  1828
21 0  1905
21 1  1951
21 2  3613
21 3  6629
21 4  269
21 5  598
21 6  1751
21 7  1828
21 8  2904
21 9  6683
21 10  270
21 11  1244
21 12  1856
21 13  6662
21 14  271
21 15  1752
22 0  4788
22 1  5671
22 2  6561
22 3  272
22 4  1920
22 5  2083
22 6  2315
22 7  4788
22 8  5396
22 9  6619
22 10  273
22 11  983
22 12  1720
22 13  1920
22 14  3311
22 15  4018
23 0  6638
23 1  274
23 2  874
23 3  1652
23 4  1720
23 5  6642
23 6  275
23 7  565
23 8  1829
23 9  2812
23 10  4350
23 11  6628
23 12  276
23 13  542
23 14  4835
23 15  5447
24 0  6686
24 1  277
24 2  1602
24 3  3180
24 4  5770
24 5  6546
24 6  278
24 7  406
24 8  1699
24 9  5400
24 10  5770
24 11  6495
24 12  6552
24 13  279
24 14  4236
24 15  5162
25 0  5400
25 1  6557
25 2  280
25 3  1431
25 4  1468
25 5  1975
25 6  4061
25 7  6269
25 8  6654
25 9  281
25 10  1100
25 11  1882
25 12  2458
25 13  4881
25 14  6559
25 15  282
26 0  1937
26 1  6040
26 2  6615
26 3  283
26 4  1356
26 5  1830
26 6  1937
26 7  3822
26 8  4025
26 9  6657
26 10  284
26 11  341
26 12  1572
26 13  6691
26 14  285
26 15  3315
27 0  5401
27 1  6580
27 2  286
27 3  878
27 4  3315
27 5  5254
27 6  6220
27 7  6543
27 8  287
27 9  2186
27 10  2768
27 11  4883
27 12  6220
27 13  6604
27 14  288
27 15  482
28 0  1274
28 1  1912
28 2  2186
28 3  6688
28 4  289
28 5  2362
28 6  6361
28 7  6595
28 8  290
28 9  1588
28 10  1952
28 11  2362
28 12  6612
28 13  291
28 14  1952
28 15  2042
29 0  6608
29 1  292
29 2  1164
29 3  1187
29 4  1358
29 5  2042
29 6  6666
29 7  293
29 8  5494
29 9  6551
29 10  294
29 11  850
29 12  1103
29 13  4355
29 14  5494
29 15  6675
30 0  295
30 1  547
30 2  1014
30 3  1507
30 4  4027
30 5  6685
30 6  296
30 7  6088
30 8  6544
30 9  297
30 10  1884
30 11  2117
30 12  6088
30 13  6623
30 14  298
30 15  1884
31 0  3049
31 1  5680
31 2  6586
31 3  299
31 4  1047
31 5  3051
31 6  6671
31 7  300
31 8  1167
31 9  3361
31 10  6665
31 11  301
31 12  485
31 13  4664
31 14  5031
31 15  6687
32 0  302
32 1  2233
32 2  4158
32 3  6599
32 4  303
32 5  1251
32 6  1832
32 7  2233
32 8  6627
32 9  304
32 10  826
32 11  851
32 12  1832
32 13  6678
32 14  305
32 15  1535
33 0  6500
33 1  6650
33 2  306
33 3  6322
33 4  6541
33 5  307
33 6  678
33 7  5964
33 8  6460
33 9  6681
33 10  308
33 11  1560
33 12  2685
33 13  6648
33 14  309
33 15  2316
34 0  4357
34 1  4482
34 2  6119
34 3  6444
34 4  310
34 5  951
34 6  4240
34 7  4882
34 8  6042
34 9  311
34 10  786
34 11  1846
34 12  3714
34 13  4155
34 14  5721
34 15  5772
35 0  312
35 1  906
35 2  4352
35 3  4354
35 4  4717
35 5  5538
35 6  6171
35 7  313
35 8  1805
35 9  4836
35 10  5215
35 11  5543
35 12  6044
35 13  314
35 14  2542
35 15  3772
36 0  3874
36 1  4839
36 2  315
36 3  2593
36 4  5217
36 5  316
36 6  438
36 7  1795
36 8  4848
36 9  317
36 10  2918
36 11  3927
36 12  4325
36 13  5871
36 14  318
36 15  4084
37 0  4295
37 1  4360
37 2  5594
37 3  319
37 4  487
37 5  3192
37 6  3369
37 7  3783
37 8  320
37 9  511
37 10  3420
37 11  321
37 12  1115
37 13  2742
37 14  4215
37 15  6238
38 0  322
38 1  1553
38 2  1981
38 3  4624
38 4  4898
38 5  323
38 6  2657
38 7  6200
38 8  6205
38 9  324
38 10  4002
38 11  6149
38 12  6251
38 13  325
38 14  935
38 15  3592
39 0  3843
39 1  3981
39 2  5507
39 3  326
39 4  1879
39 5  6436
39 6  327
39 7  416
39 8  4001
39 9  6073
39 10  6292
39 11  328
39 12  1943
39 13  3118
39 14  4341
39 15  4389
40 0  4782
40 1  329
40 2  3810
40 3  4268
40 4  4777
40 5  5793
40 6  330
40 7  1182
40 8  6160
40 9  6443
40 10  331
40 11  2409
40 12  4101
40 13  5105
40 14  6218
40 15  332
41 0  1737
41 1  2853
41 2  3870
41 3  6535
41 4  333
41 5  1455
41 6  1771
41 7  4781
41 8  5440
41 9  334
41 10  2010
41 11  2082
41 12  4346
41 13  4530
41 14  335
41 15  2950
42 0  4347
42 1  5805
42 2  336
42 3  3174
42 4  4487
42 5  4787
42 6  5019
42 7  5487
42 8  337
42 9  785
42 10  3178
42 11  281
42 12  338
42 13  2676
42 14  4881
42 15  5489
43 0  5535
43 1  339
43 2  753
43 3  2002
43 4  4277
43 5  6269
43 6  340
43 7  572
43 8  3660
43 9  4492
43 10  6410
43 11  285
43 12  341
43 13  1572
43 14  2766
43 15  6497
44 0  6691
44 1  342
44 2  1245
44 3  2498
44 4  5578
44 5  6311
44 6  343
44 7  572
44 8  951
44 9  4154
44 10  5904
44 11  6355
44 12  344
44 13  1129
44 14  3665
44 15  5348
45 0  5679
45 1  5912
45 2  345
45 3  677
45 4  4247
45 5  5824
45 6  6462
45 7  346
45 8  3191
45 9  6374
45 10  347
45 11  1859
45 12  5359
45 13  5410
45 14  348
45 15  3989
46 0  6099
46 1  349
46 2  2567
46 3  3372
46 4  5132
46 5  5354
46 6  6507
46 7  350
46 8  449
46 9  4854
46 10  5128
46 11  351
46 12  510
46 13  5740
46 14  5821
46 15  352
47 0  2197
47 1  3241
47 2  3798
47 3  5349
47 4  6372
47 5  353
47 6  2513
47 7  3331
47 8  4372
47 9  5051
47 10  354
47 11  2425
47 12  3501
47 13  3632
47 14  3729
47 15  4850
48 0  6468
48 1  355
48 2  2434
48 3  5505
48 4  6236
48 5  6428
48 6  204
48 7  356
48 8  2152
48 9  4087
48 10  4130
48 11  357
48 12  4691
48 13  5230
48 14  5877
48 15  358
49 0  3557
49 1  4404
49 2  4961
49 3  5933
49 4  359
49 5  2570
49 6  3941
49 7  6204
49 8  360
49 9  1462
49 10  2978
49 11  3436
49 12  3951
49 13  4038
49 14  361
49 15  2571
50 0  3070
50 1  4428
50 2  4867
50 3  362
50 4  4262
50 5  4772
50 6  5982
50 7  363
50 8  370
50 9  1792
50 10  5526
50 11  5897
50 12  364
50 13  1026
50 14  4908
50 15  5519
51 0  365
51 1  2204
51 2  3517
51 3  5431
51 4  5887
51 5  6075
51 6  366
51 7  1349
51 8  4140
51 9  4430
51 10  6023
51 11  367
51 12  894
51 13  1666
51 14  2178
51 15  368
52 0  1827
52 1  4969
52 2  369
52 3  711
52 4  4477
52 5  5202
52 6  5524
52 7  370
52 8  4833
52 9  6344
52 10  371
52 11  2053
52 12  6528
52 13  139
52 14  372
52 15  1569
53 0  1583
53 1  4273
53 2  5766
53 3  373
53 4  2317
53 5  3126
53 6  3971
53 7  5525
53 8  333
53 9  374
53 10  1455
53 11  4781
53 12  6350
53 13  375
53 14  2983
53 15  4395
54 0  5076
54 1  5890
54 2  376
54 3  2220
54 4  2803
54 5  3351
54 6  3526
54 7  3910
54 8  377
54 9  944
54 10  3122
54 11  4782
54 12  5326
54 13  5983
54 14  378
54 15  1875
55 0  2272
55 1  3006
55 2  3715
55 3  5817
55 4  6005
55 5  6090
55 6  379
55 7  2720
55 8  4914
55 9  5478
55 10  5757
55 11  380
55 12  2260
55 13  4485
55 14  5760
55 15  381
56 0  1545
56 1  3354
56 2  5248
56 3  5445
56 4  382
56 5  1239
56 6  3908
56 7  5985
56 8  383
56 9  1751
56 10  1946
56 11  2453
56 12  2904
56 13  5577
56 14  384
56 15  3038
57 0  3527
57 1  5576
57 2  5890
57 3  385
57 4  2318
57 5  4351
57 6  5449
57 7  5529
57 8  386
57 9  872
57 10  3033
57 11  3036
57 12  3908
57 13  387
57 14  1305
57 15  2406
58 0  2763
58 1  3227
58 2  3976
58 3  388
58 4  1736
58 5  4778
58 6  4781
58 7  4874
58 8  5712
58 9  262
58 10  389
58 11  2627
58 12  6690
58 13  390
58 14  1458
58 15  3268
59 0  3823
59 1  5910
59 2  391
59 3  1839
59 4  2188
59 5  2867
59 6  4798
59 7  6273
59 8  392
59 9  2586
59 10  3121
59 11  5568
59 12  6358
59 13  393
59 14  1545
59 15  3654
60 0  4346
60 1  394
60 2  2776
60 3  4841
60 4  4886
60 5  5867
60 6  6366
60 7  395
60 8  3401
60 9  5121
60 10  5451
60 11  396
60 12  2145
60 13  4284
60 14  6047
60 15  397
61 0  1935
61 1  4752
61 2  6208
61 3  6452
61 4  398
61 5  1384
61 6  2810
61 7  5158
61 8  399
61 9  2464
61 10  3093
61 11  6049
61 12  6368
61 13  400
61 14  3623
61 15  4997
62 0  6390
62 1  401
62 2  984
62 3  2269
62 4  2772
62 5  3135
62 6  5807
62 7  167
62 8  402
62 9  2096
62 10  3882
62 11  5308
62 12  5688
62 13  403
62 14  2739
62 15  2793
63 0  3279
63 1  5643
63 2  6278
63 3  404
63 4  4589
63 5  5425
63 6  6231
63 7  6383
63 8  6518
63 9  405
63 10  2069
63 11  3103
63 12  4297
63 13  4617
63 14  406
63 15  1161
