size: 832
Tuples
0 0  24885
0 1  24889
0 2  24890
0 3  24893
0 4  24896
0 5  24899
0 6  24900
0 7  24903
0 8  24906
0 9  24911
0 10  24912
0 11  24916
0 12  24919
1 0  24920
1 1  24923
1 2  24924
1 3  24925
1 4  24928
1 5  24932
1 6  24935
1 7  24940
1 8  24943
1 9  24948
1 10  24949
1 11  24954
1 12  24955
2 0  24956
2 1  24957
2 2  24958
2 3  24961
2 4  24964
2 5  24967
2 6  24970
2 7  24974
2 8  24979
2 9  24982
2 10  24983
2 11  24984
2 12  24987
3 0  24990
3 1  24991
3 2  24995
3 3  24997
3 4  24998
3 5  25001
3 6  25007
3 7  25008
3 8  25011
3 9  25015
3 10  25016
3 11  25019
3 12  25022
4 0  25025
4 1  25029
4 2  25033
4 3  25036
4 4  25039
4 5  25040
4 6  25043
4 7  25044
4 8  25045
4 9  25046
4 10  25051
4 11  25054
4 12  25057
5 0  25058
5 1  25059
5 2  25062
5 3  25063
5 4  25066
5 5  25067
5 6  25070
5 7  25071
5 8  25072
5 9  25073
5 10  25076
5 11  25079
5 12  25080
6 0  25083
6 1  25084
6 2  25085
6 3  25088
6 4  25089
6 5  25092
6 6  25095
6 7  25096
6 8  25097
6 9  25098
6 10  25101
6 11  25102
6 12  25105
7 0  25106
7 1  25109
7 2  25112
7 3  25115
7 4  25118
7 5  25123
7 6  25124
7 7  25125
7 8  25128
7 9  25133
7 10  25134
7 11  25137
7 12  25138
8 0  25141
8 1  25142
8 2  25143
8 3  25146
8 4  25149
8 5  25150
8 6  25155
8 7  25156
8 8  25157
8 9  25160
8 10  25161
8 11  25164
8 12  25165
9 0  25168
9 1  25169
9 2  25174
9 3  25175
9 4  25179
9 5  25182
9 6  25185
9 7  25186
9 8  25187
9 9  25188
9 10  25191
9 11  25194
9 12  25195
10 0  25200
10 1  25201
10 2  25204
10 3  25209
10 4  25213
10 5  25214
10 6  25215
10 7  25218
10 8  25219
10 9  25222
10 10  25225
10 11  25228
10 12  25231
11 0  25234
11 1  25235
11 2  25239
11 3  25240
11 4  25241
11 5  25242
11 6  25243
11 7  25244
11 8  25245
11 9  25246
11 10  25249
11 11  25250
11 12  25253
12 0  25256
12 1  25257
12 2  25260
12 3  25263
12 4  25266
12 5  25267
12 6  25270
12 7  25271
12 8  25274
12 9  25275
12 10  25276
12 11  25279
12 12  25282
13 0  25283
13 1  25284
13 2  25285
13 3  25286
13 4  25287
13 5  25288
13 6  25289
13 7  25292
13 8  25293
13 9  25294
13 10  25295
13 11  25296
13 12  25297
14 0  25298
14 1  25301
14 2  25304
14 3  25305
14 4  25308
14 5  25309
14 6  25312
14 7  25315
14 8  25316
14 9  25321
14 10  25324
14 11  25327
14 12  25328
15 0  25331
15 1  25332
15 2  25333
15 3  25334
15 4  25337
15 5  25338
15 6  25343
15 7  25344
15 8  25345
15 9  25348
15 10  25349
15 11  25350
15 12  25353
16 0  25354
16 1  25355
16 2  25356
16 3  25359
16 4  25362
16 5  25366
16 6  25367
16 7  25368
16 8  25369
16 9  25370
16 10  25373
16 11  25374
16 12  25375
17 0  25376
17 1  25377
17 2  25382
17 3  25385
17 4  25386
17 5  25387
17 6  25388
17 7  25389
17 8  25390
17 9  25393
17 10  25394
17 11  25397
17 12  25398
18 0  25399
18 1  25400
18 2  25401
18 3  25402
18 4  25403
18 5  25404
18 6  25405
18 7  25408
18 8  25409
18 9  25413
18 10  25416
18 11  25419
18 12  25420
19 0  25423
19 1  25424
19 2  25425
19 3  25426
19 4  25427
19 5  25428
19 6  25429
19 7  25432
19 8  25435
19 9  25436
19 10  25437
19 11  25438
19 12  25441
20 0  25442
20 1  25443
20 2  25444
20 3  25447
20 4  25448
20 5  25451
20 6  25454
20 7  25457
20 8  25460
20 9  25463
20 10  25464
20 11  25467
20 12  25470
21 0  25471
21 1  25472
21 2  25473
21 3  25476
21 4  25480
21 5  25481
21 6  25484
21 7  25485
21 8  25486
21 9  25487
21 10  25491
21 11  25492
21 12  25493
22 0  25496
22 1  25497
22 2  25500
22 3  25503
22 4  25504
22 5  25505
22 6  25506
22 7  25507
22 8  25508
22 9  25509
22 10  25512
22 11  25513
22 12  25514
23 0  25515
23 1  25516
23 2  25517
23 3  25518
23 4  25521
23 5  25522
23 6  25523
23 7  25526
23 8  25527
23 9  25528
23 10  25529
23 11  25532
23 12  25533
24 0  25536
24 1  25539
24 2  25542
24 3  25545
24 4  25546
24 5  25547
24 6  25548
24 7  25549
24 8  25552
24 9  25553
24 10  25556
24 11  25560
24 12  25561
25 0  25564
25 1  25565
25 2  25566
25 3  25567
25 4  25568
25 5  25571
25 6  25574
25 7  25580
25 8  25581
25 9  25584
25 10  25585
25 11  25591
25 12  25592
26 0  25595
26 1  25596
26 2  25599
26 3  25600
26 4  25601
26 5  25604
26 6  25605
26 7  25608
26 8  25609
26 9  25610
26 10  25611
26 11  25616
26 12  25619
27 0  25620
27 1  25621
27 2  25622
27 3  25623
27 4  25626
27 5  25627
27 6  25628
27 7  25632
27 8  25633
27 9  25636
27 10  25637
27 11  25640
27 12  25641
28 0  25642
28 1  25645
28 2  25648
28 3  25649
28 4  25652
28 5  25653
28 6  25656
28 7  25657
28 8  25658
28 9  25659
28 10  25662
28 11  25663
28 12  25666
29 0  25667
29 1  25672
29 2  25673
29 3  25674
29 4  25675
29 5  25676
29 6  25679
29 7  25682
29 8  25683
29 9  25684
29 10  25685
29 11  25686
29 12  25689
30 0  25692
30 1  25693
30 2  25694
30 3  25695
30 4  25696
30 5  25697
30 6  25698
30 7  25701
30 8  25704
30 9  25705
30 10  25708
30 11  25711
30 12  25714
31 0  25715
31 1  25716
31 2  25717
31 3  25718
31 4  25719
31 5  25720
31 6  25722
31 7  25725
31 8  25726
31 9  25727
31 10  25730
31 11  25731
31 12  25734
32 0  25737
32 1  25738
32 2  25741
32 3  25742
32 4  25745
32 5  25746
32 6  25747
32 7  25750
32 8  25755
32 9  25758
32 10  25762
32 11  25763
32 12  25764
33 0  25767
33 1  25768
33 2  25769
33 3  25770
33 4  25771
33 5  25774
33 6  25775
33 7  25776
33 8  25777
33 9  25778
33 10  25779
33 11  25782
33 12  25786
34 0  25787
34 1  25788
34 2  25789
34 3  25790
34 4  25791
34 5  25792
34 6  25795
34 7  25796
34 8  25797
34 9  25798
34 10  25801
34 11  25802
34 12  25803
35 0  25804
35 1  25805
35 2  25808
35 3  25809
35 4  25810
35 5  25811
35 6  25812
35 7  25813
35 8  25814
35 9  25815
35 10  25819
35 11  25820
35 12  25821
36 0  25822
36 1  25823
36 2  25824
36 3  25827
36 4  25828
36 5  25831
36 6  25832
36 7  25833
36 8  25836
36 9  25837
36 10  25840
36 11  25843
36 12  25844
37 0  25845
37 1  25848
37 2  25849
37 3  25850
37 4  25851
37 5  25852
37 6  25853
37 7  25854
37 8  25855
37 9  25858
37 10  25859
37 11  25860
37 12  25861
38 0  25862
38 1  25863
38 2  25864
38 3  25865
38 4  25866
38 5  25867
38 6  25868
38 7  25869
38 8  25870
38 9  25871
38 10  25874
38 11  25875
38 12  25878
39 0  25879
39 1  25880
39 2  25881
39 3  25882
39 4  25886
39 5  25887
39 6  25888
39 7  25889
39 8  25890
39 9  25891
39 10  25892
39 11  25895
39 12  25896
40 0  25901
40 1  25902
40 2  25903
40 3  25904
40 4  25905
40 5  25906
40 6  25907
40 7  25908
40 8  25909
40 9  25910
40 10  25913
40 11  25916
40 12  25917
41 0  25918
41 1  25919
41 2  25920
41 3  25921
41 4  25922
41 5  25923
41 6  25924
41 7  25925
41 8  25926
41 9  25927
41 10  25928
41 11  25929
41 12  25930
42 0  25931
42 1  25932
42 2  25935
42 3  25936
42 4  25937
42 5  25938
42 6  25939
42 7  25940
42 8  25941
42 9  25942
42 10  25943
42 11  25946
42 12  25947
43 0  25948
43 1  25949
43 2  25952
43 3  25953
43 4  25954
43 5  25955
43 6  25957
43 7  25958
43 8  25959
43 9  25960
43 10  25961
43 11  25962
43 12  25963
44 0  25964
44 1  25965
44 2  25967
44 3  25968
44 4  25971
44 5  25972
44 6  25973
44 7  25974
44 8  25975
44 9  25976
44 10  25977
44 11  25978
44 12  25980
45 0  25981
45 1  25982
45 2  25983
45 3  25984
45 4  25985
45 5  25986
45 6  25987
45 7  25988
45 8  25991
45 9  25992
45 10  25993
45 11  25994
45 12  25995
46 0  25998
46 1  25999
46 2  26000
46 3  26001
46 4  26002
46 5  26003
46 6  26004
46 7  26005
46 8  26006
46 9  26007
46 10  26008
46 11  26009
46 12  26010
47 0  26013
47 1  26014
47 2  26015
47 3  26016
47 4  26017
47 5  26018
47 6  26019
47 7  26020
47 8  26021
47 9  26022
47 10  26023
47 11  26024
47 12  26025
48 0  26026
48 1  26027
48 2  26028
48 3  26029
48 4  26030
48 5  26031
48 6  26032
48 7  26033
48 8  26036
48 9  26037
48 10  26038
48 11  26039
48 12  26040
49 0  26041
49 1  26042
49 2  26043
49 3  26044
49 4  26045
49 5  26046
49 6  26047
49 7  26048
49 8  26049
49 9  26050
49 10  26051
49 11  26052
49 12  26053
50 0  26054
50 1  26055
50 2  26056
50 3  26057
50 4  26058
50 5  26059
50 6  26060
50 7  26061
50 8  26062
50 9  26063
50 10  26064
50 11  26065
50 12  26066
51 0  26067
51 1  26068
51 2  26069
51 3  26070
51 4  26071
51 5  26072
51 6  26073
51 7  26074
51 8  26075
51 9  26076
51 10  26077
51 11  26078
51 12  26079
52 0  26082
52 1  26083
52 2  26084
52 3  26085
52 4  26086
52 5  26087
52 6  26088
52 7  26089
52 8  26090
52 9  26091
52 10  26092
52 11  26093
52 12  26094
53 0  26095
53 1  26096
53 2  26097
53 3  26098
53 4  26099
53 5  26100
53 6  26101
53 7  26102
53 8  26103
53 9  26104
53 10  26105
53 11  26106
53 12  26107
54 0  26108
54 1  26109
54 2  26110
54 3  26111
54 4  26112
54 5  26113
54 6  26114
54 7  26115
54 8  26116
54 9  26117
54 10  26118
54 11  26119
54 12  26120
55 0  26121
55 1  26122
55 2  26123
55 3  26124
55 4  26125
55 5  26126
55 6  26127
55 7  26128
55 8  26129
55 9  26130
55 10  26131
55 11  26132
55 12  26134
56 0  26136
56 1  26138
56 2  26140
56 3  26142
56 4  26144
56 5  26146
56 6  26148
56 7  26150
56 8  26152
56 9  26154
56 10  26156
56 11  26158
56 12  26160
57 0  26162
57 1  26164
57 2  26166
57 3  26168
57 4  26170
57 5  26172
57 6  26174
57 7  26176
57 8  26178
57 9  26180
57 10  26182
57 11  26184
57 12  26186
58 0  26188
58 1  26190
58 2  26192
58 3  26194
58 4  26196
58 5  26198
58 6  26200
58 7  26202
58 8  26204
58 9  26206
58 10  26208
58 11  26210
58 12  26212
59 0  26214
59 1  26216
59 2  26218
59 3  26220
59 4  26222
59 5  26224
59 6  26226
59 7  26228
59 8  26230
59 9  26232
59 10  26234
59 11  26236
59 12  26238
60 0  26240
60 1  26242
60 2  26244
60 3  26246
60 4  26248
60 5  26250
60 6  26252
60 7  26254
60 8  26256
60 9  26258
60 10  26260
60 11  26262
60 12  26264
61 0  26266
61 1  26268
61 2  26270
61 3  26272
61 4  26274
61 5  26276
61 6  26278
61 7  26280
61 8  26282
61 9  26284
61 10  26286
61 11  26288
61 12  26290
62 0  26292
62 1  26294
62 2  26296
62 3  26298
62 4  26300
62 5  26302
62 6  26304
62 7  26306
62 8  26308
62 9  26310
62 10  26312
62 11  26314
62 12  26316
63 0  26318
63 1  26320
63 2  26322
63 3  26324
63 4  26326
63 5  26328
63 6  26330
63 7  26332
63 8  26334
63 9  26336
63 10  26338
63 11  26340
63 12  26342
