size: 1024
Tuples
0 0  1812
0 1  5674
0 2  5770
0 3  407
0 4  2918
0 5  5871
0 6  6010
0 7  6053
0 8  408
0 9  835
0 10  6471
0 11  409
0 12  1042
0 13  4986
0 14  5537
0 15  5580
1 0  5581
1 1  410
1 2  1090
1 3  2928
1 4  6238
1 5  6519
1 6  411
1 7  2833
1 8  2884
1 9  4073
1 10  4582
1 11  4808
1 12  412
1 13  2143
1 14  2955
1 15  3924
2 0  413
2 1  3689
2 2  3793
2 3  4629
2 4  414
2 5  1616
2 6  3456
2 7  6221
2 8  6499
2 9  415
2 10  2286
2 11  4076
2 12  4417
2 13  416
2 14  3852
2 15  5324
3 0  5472
3 1  6073
3 2  417
3 3  2429
3 4  4036
3 5  4046
3 6  4172
3 7  4404
3 8  390
3 9  418
3 10  2595
3 11  4196
3 12  4793
3 13  419
3 14  2937
3 15  5476
4 0  5655
4 1  420
4 2  1385
4 3  2166
4 4  3183
4 5  4197
4 6  5769
4 7  421
4 8  2158
4 9  3516
4 10  4473
4 11  4775
4 12  422
4 13  1082
4 14  4658
4 15  5036
5 0  5300
5 1  5452
5 2  423
5 3  2294
5 4  3389
5 5  3899
5 6  4185
5 7  424
5 8  575
5 9  3827
5 10  4981
5 11  425
5 12  5666
5 13  6117
5 14  6120
5 15  426
6 0  1988
6 1  2145
6 2  2323
6 3  5633
6 4  5908
6 5  6175
6 6  427
6 7  2355
6 8  3171
6 9  5660
6 10  428
6 11  1483
6 12  1945
6 13  5107
6 14  429
6 15  3259
7 0  4527
7 1  5247
7 2  6030
7 3  6210
7 4  430
7 5  3026
7 6  5154
7 7  5526
7 8  5612
7 9  5617
7 10  431
7 11  2139
7 12  4343
7 13  4645
7 14  5245
7 15  432
8 0  4703
8 1  5014
8 2  5624
8 3  6122
8 4  6306
8 5  263
8 6  433
8 7  3866
8 8  6031
8 9  6689
8 10  434
8 11  4762
8 12  5864
8 13  5902
8 14  6048
8 15  435
9 0  3185
9 1  3273
9 2  4841
9 3  6494
9 4  436
9 5  1855
9 6  2180
9 7  2313
9 8  3175
9 9  4347
9 10  5114
9 11  437
9 12  984
9 13  4607
9 14  4644
9 15  5991
10 0  438
10 1  913
10 2  1391
10 3  6373
10 4  6470
10 5  346
10 6  439
10 7  1626
10 8  3410
10 9  5413
10 10  440
10 11  2402
10 12  4665
10 13  4797
10 14  5953
10 15  6001
11 0  6004
11 1  441
11 2  2146
11 3  3928
11 4  4581
11 5  442
11 6  1104
11 7  2189
11 8  4933
11 9  5033
11 10  5863
11 11  443
11 12  2770
11 13  2778
11 14  5407
11 15  5457
12 0  6362
12 1  444
12 2  2276
12 3  4891
12 4  4989
12 5  5259
12 6  5416
12 7  445
12 8  3883
12 9  6229
12 10  6468
12 11  446
12 12  1721
12 13  2191
12 14  3094
12 15  4120
13 0  5174
13 1  447
13 2  3190
13 3  6281
13 4  448
13 5  4894
13 6  5516
13 7  5747
13 8  6070
13 9  449
13 10  2744
13 11  4854
13 12  4941
13 13  450
13 14  828
13 15  5458
14 0  5544
14 1  451
14 2  3058
14 3  3987
14 4  4547
14 5  5262
14 6  5548
14 7  6421
14 8  452
14 9  1111
14 10  1174
14 11  4546
14 12  5136
14 13  5736
14 14  6007
14 15  453
15 0  1423
15 1  3733
15 2  4367
15 3  5088
15 4  454
15 5  1864
15 6  2519
15 7  5001
15 8  5182
15 9  5603
15 10  455
15 11  3548
15 12  4586
15 13  5923
15 14  456
15 15  1610
16 0  3936
16 1  5223
16 2  457
16 3  1513
16 4  2474
16 5  4217
16 6  4464
16 7  458
16 8  2023
16 9  3509
16 10  4297
16 11  459
16 12  3059
16 13  4327
16 14  4551
16 15  4851
17 0  460
17 1  3374
17 2  4587
17 3  5645
17 4  461
17 5  2024
17 6  6240
17 7  6333
17 8  6473
17 9  462
17 10  4369
17 11  6286
17 12  463
17 13  2974
17 14  5183
17 15  5834
18 0  6469
18 1  464
18 2  2279
18 3  3329
18 4  3684
18 5  4407
18 6  465
18 7  1072
18 8  1596
18 9  1782
18 10  4771
18 11  6020
18 12  466
18 13  1282
18 14  2797
18 15  3208
19 0  467
19 1  2248
19 2  3196
19 3  4262
19 4  4815
19 5  4865
19 6  5055
19 7  5323
19 8  468
19 9  2799
19 10  6110
19 11  6394
19 12  469
19 13  3029
19 14  6342
19 15  470
20 0  1450
20 1  1789
20 2  2517
20 3  4681
20 4  471
20 5  2297
20 6  5106
20 7  5383
20 8  5796
20 9  454
20 10  472
20 11  2610
20 12  6107
20 13  6335
20 14  473
20 15  2360
21 0  5663
21 1  5844
21 2  6530
21 3  474
21 4  4640
21 5  5530
21 6  475
21 7  1270
21 8  1465
21 9  3487
21 10  5985
21 11  476
21 12  4826
21 13  5573
21 14  5997
21 15  477
22 0  2448
22 1  3223
22 2  6262
22 3  6305
22 4  478
22 5  2401
22 6  4391
22 7  479
22 8  2316
22 9  3764
22 10  5575
22 11  6213
22 12  6360
22 13  480
22 14  1911
22 15  5674
23 0  5770
23 1  5857
23 2  6266
23 3  481
23 4  1962
23 5  2767
23 6  2909
23 7  3717
23 8  5163
23 9  289
23 10  482
23 11  1043
23 12  4028
23 13  6688
23 14  483
23 15  4437
24 0  4977
24 1  484
24 2  1988
24 3  2034
24 4  2774
24 5  5633
24 6  6089
24 7  302
24 8  485
24 9  676
24 10  1780
24 11  3004
24 12  4664
24 13  6687
24 14  486
24 15  882
25 0  2119
25 1  2506
25 2  4202
25 3  4936
25 4  5125
25 5  487
25 6  2652
25 7  4118
25 8  4726
25 9  5731
25 10  411
25 11  488
25 12  4808
25 13  489
25 14  2045
25 15  3835
26 0  4249
26 1  5127
26 2  5460
26 3  5919
26 4  490
26 5  1705
26 6  3988
26 7  5260
26 8  491
26 9  964
26 10  3277
26 11  4253
26 12  5920
26 13  6515
26 14  492
26 15  2101
27 0  2873
27 1  5421
27 2  493
27 3  964
27 4  2422
27 5  4807
27 6  5417
27 7  494
27 8  4520
27 9  4951
27 10  5232
27 11  5561
27 12  5652
27 13  495
27 14  2431
27 15  2433
28 0  2788
28 1  4126
28 2  5646
28 3  6241
28 4  496
28 5  4296
28 6  5320
28 7  5467
28 8  5781
28 9  497
28 10  647
28 11  5928
28 12  6104
28 13  498
28 14  3109
28 15  3199
29 0  4301
29 1  5187
29 2  6059
29 3  499
29 4  5057
29 5  6202
29 6  6243
29 7  500
29 8  3589
29 9  4900
29 10  5005
29 11  6339
29 12  501
29 13  2212
29 14  4134
29 15  5560
30 0  502
30 1  1697
30 2  2975
30 3  5434
30 4  6482
30 5  503
30 6  3440
30 7  5792
30 8  6124
30 9  6258
30 10  504
30 11  1951
30 12  2312
30 13  2404
30 14  2533
30 15  3613
31 0  505
31 1  2352
31 2  2440
31 3  5614
31 4  6294
31 5  506
31 6  4068
31 7  4435
31 8  5340
31 9  507
31 10  4036
31 11  4556
31 12  6188
31 13  508
31 14  2924
31 15  3788
32 0  4257
32 1  5419
32 2  509
32 3  3017
32 4  5783
32 5  510
32 6  1002
32 7  1842
32 8  2014
32 9  3328
32 10  5645
32 11  5740
32 12  511
32 13  2201
32 14  4624
32 15  6147
33 0  512
33 1  1178
33 2  6338
33 3  513
33 4  2390
33 5  2524
33 6  3160
33 7  3383
33 8  4692
33 9  514
33 10  1283
33 11  4005
33 12  4862
33 13  6249
33 14  515
33 15  3387
34 0  4136
34 1  4182
34 2  516
34 3  3205
34 4  3952
34 5  5475
34 6  517
34 7  2521
34 8  3754
34 9  4557
34 10  5240
34 11  5518
34 12  518
34 13  1149
34 14  1566
34 15  4219
35 0  388
35 1  519
35 2  4778
35 3  5483
35 4  5712
35 5  520
35 6  2263
35 7  2587
35 8  5794
35 9  5897
35 10  6484
35 11  521
35 12  3128
35 13  3260
35 14  4973
35 15  5534
36 0  6081
36 1  522
36 2  2348
36 3  5887
36 4  6110
36 5  523
36 6  3184
36 7  6315
36 8  524
36 9  1031
36 10  1999
36 11  3078
36 12  5066
36 13  5796
36 14  525
36 15  1108
37 0  5130
37 1  6326
37 2  526
37 3  2649
37 4  5303
37 5  5307
37 6  6012
37 7  6370
37 8  527
37 9  2424
37 10  3550
37 11  4075
37 12  4365
37 13  5311
37 14  5356
37 15  475
38 0  528
38 1  1465
38 2  3487
38 3  529
38 4  803
38 5  1756
38 6  2151
38 7  5874
38 8  6379
38 9  530
38 10  1584
38 11  4974
38 12  5287
38 13  531
38 14  1176
38 15  2746
39 0  4626
39 1  5697
39 2  532
39 3  1500
39 4  6210
39 5  533
39 6  3644
39 7  4303
39 8  5564
39 9  534
39 10  1528
39 11  3377
39 12  5512
39 13  535
39 14  2569
39 15  4041
40 0  4519
40 1  364
40 2  536
40 3  1147
40 4  3212
40 5  4420
40 6  5189
40 7  537
40 8  1466
40 9  4972
40 10  6348
40 11  538
40 12  2489
40 13  4048
40 14  5715
40 15  539
41 0  620
41 1  820
41 2  2994
41 3  4710
41 4  5116
41 5  540
41 6  1322
41 7  1927
41 8  1950
41 9  5071
41 10  541
41 11  2113
41 12  3445
41 13  4877
41 14  277
41 15  542
42 0  1520
42 1  3180
42 2  4707
42 3  4835
42 4  6686
42 5  543
42 6  1987
42 7  3319
42 8  3491
42 9  5159
42 10  5252
42 11  5906
42 12  544
42 13  3766
42 14  4230
42 15  5058
43 0  5070
43 1  6533
43 2  545
43 3  2187
43 4  4497
43 5  546
43 6  3455
43 7  6178
43 8  6498
43 9  296
43 10  547
43 11  1081
43 12  2999
43 13  6685
43 14  548
43 15  1518
44 0  3761
44 1  3902
44 2  5061
44 3  5944
44 4  6528
44 5  549
44 6  1334
44 7  3583
44 8  4245
44 9  4671
44 10  6419
44 11  550
44 12  1940
44 13  3794
44 14  6145
44 15  6184
45 0  551
45 1  642
45 2  1941
45 3  2013
45 4  5360
45 5  5422
45 6  552
45 7  1337
45 8  2647
45 9  553
45 10  800
45 11  1941
45 12  2334
45 13  6514
45 14  554
45 15  595
46 0  2283
46 1  5551
46 2  555
46 3  2448
46 4  5395
46 5  5484
46 6  556
46 7  768
46 8  1539
46 9  1997
46 10  2435
46 11  3156
46 12  5182
46 13  557
46 14  1515
46 15  4902
47 0  6338
47 1  558
47 2  1635
47 3  2052
47 4  3748
47 5  4178
47 6  5754
47 7  559
47 8  1443
47 9  2893
47 10  3905
47 11  560
47 12  2940
47 13  3650
47 14  5664
47 15  6254
48 0  6295
48 1  561
48 2  3659
48 3  4235
48 4  6214
48 5  562
48 6  3352
48 7  3911
48 8  4016
48 9  5395
48 10  6081
48 11  563
48 12  1669
48 13  5116
48 14  6312
48 15  564
49 0  2631
49 1  6450
49 2  565
49 3  2407
49 4  2497
49 5  4350
49 6  5250
49 7  5337
49 8  566
49 9  2597
49 10  4277
49 11  6084
49 12  567
49 13  2323
49 14  3271
49 15  4242
50 0  4757
50 1  568
50 2  3005
50 3  3494
50 4  5962
50 5  6005
50 6  569
50 7  2633
50 8  3235
50 9  4443
50 10  4605
50 11  4705
50 12  5255
50 13  570
50 14  2922
50 15  4547
51 0  175
51 1  571
51 2  886
51 3  1255
51 4  2827
51 5  6684
51 6  572
51 7  2630
51 8  4492
51 9  6410
51 10  573
51 11  1921
51 12  2906
51 13  4493
51 14  5535
51 15  574
52 0  1824
52 1  2281
52 2  2603
52 3  3796
52 4  3885
52 5  5821
52 6  575
52 7  3827
52 8  4318
52 9  4981
52 10  5538
52 11  6271
52 12  576
52 13  4863
52 14  4960
52 15  5935
53 0  577
53 1  1104
53 2  2686
53 3  2818
53 4  3546
53 5  6320
53 6  578
53 7  1605
53 8  3003
53 9  5499
53 10  524
53 11  579
53 12  2036
53 13  5796
53 14  6440
53 15  580
54 0  2460
54 1  4839
54 2  581
54 3  2111
54 4  2357
54 5  5016
54 6  6306
54 7  582
54 8  1651
54 9  2033
54 10  4788
54 11  5335
54 12  6036
54 13  583
54 14  1762
54 15  2629
55 0  4059
55 1  5396
55 2  584
55 3  1445
55 4  1895
55 5  4194
55 6  5160
55 7  278
55 8  585
55 9  2674
55 10  5400
55 11  586
55 12  876
55 13  877
55 14  3313
55 15  5119
56 0  5957
56 1  6039
56 2  311
56 3  587
56 4  1846
56 5  5254
56 6  5772
56 7  588
56 8  1457
56 9  5906
56 10  589
56 11  1963
56 12  2118
56 13  3264
56 14  3723
56 15  590
57 0  1907
57 1  2818
57 2  3361
57 3  591
57 4  2687
57 5  3503
57 6  3580
57 7  5868
57 8  6055
57 9  592
57 10  1510
57 11  4719
57 12  6279
57 13  593
57 14  1537
57 15  4891
58 0  6325
58 1  6326
58 2  594
58 3  621
58 4  4074
58 5  6101
58 6  189
58 7  595
58 8  2283
58 9  4731
58 10  5551
58 11  497
58 12  596
58 13  647
58 14  1693
58 15  2015
59 0  6385
59 1  336
59 2  597
59 3  3174
59 4  5487
59 5  270
59 6  598
59 7  1243
59 8  4531
59 9  5577
59 10  6683
59 11  599
59 12  1041
59 13  2140
59 14  5029
59 15  5856
60 0  6355
60 1  600
60 2  1187
60 3  1412
60 4  1573
60 5  3360
60 6  6359
60 7  601
60 8  1729
60 9  2775
60 10  4760
60 11  602
60 12  3877
60 13  5123
60 14  6459
60 15  603
61 0  1671
61 1  4399
61 2  4844
61 3  604
61 4  1606
61 5  6045
61 6  6316
61 7  605
61 8  760
61 9  1106
61 10  4294
61 11  5089
61 12  5686
61 13  5780
61 14  606
61 15  1257
62 0  4078
62 1  5265
62 2  6422
62 3  607
62 4  1808
62 5  5137
62 6  6057
62 7  608
62 8  641
62 9  3683
62 10  6098
62 11  609
62 12  3849
62 13  5102
62 14  6100
62 15  6197
63 0  610
63 1  1307
63 2  3366
63 3  3779
63 4  611
63 5  2565
63 6  6377
63 7  612
63 8  1902
63 9  3905
63 10  4429
63 11  4598
63 12  613
63 13  2622
63 14  5107
63 15  614
