size: 832
Tuples
0 0  22517
0 1  22520
0 2  22523
0 3  22528
0 4  22531
0 5  22536
0 6  22540
0 7  22543
0 8  22546
0 9  22550
0 10  22554
0 11  22557
0 12  22562
1 0  22565
1 1  22568
1 2  22569
1 3  22573
1 4  22576
1 5  22579
1 6  22583
1 7  22588
1 8  22593
1 9  22598
1 10  22599
1 11  22600
1 12  22603
2 0  22604
2 1  22608
2 2  22611
2 3  22614
2 4  22617
2 5  22621
2 6  22626
2 7  22629
2 8  22632
2 9  22637
2 10  22641
2 11  22642
2 12  22645
3 0  22648
3 1  22651
3 2  22654
3 3  22657
3 4  22658
3 5  22662
3 6  22667
3 7  22673
3 8  22678
3 9  22683
3 10  22688
3 11  22692
3 12  22697
4 0  22698
4 1  22699
4 2  22702
4 3  22703
4 4  22710
4 5  22711
4 6  22715
4 7  22720
4 8  22723
4 9  22724
4 10  22729
4 11  22733
4 12  22738
5 0  22743
5 1  22749
5 2  22755
5 3  22758
5 4  22761
5 5  22766
5 6  22771
5 7  22772
5 8  22775
5 9  22778
5 10  22781
5 11  22784
5 12  22787
6 0  22791
6 1  22796
6 2  22799
6 3  22804
6 4  22807
6 5  22808
6 6  22813
6 7  22818
6 8  22821
6 9  22824
6 10  22829
6 11  22832
6 12  22833
7 0  22836
7 1  22837
7 2  22841
7 3  22847
7 4  22850
7 5  22851
7 6  22854
7 7  22855
7 8  22858
7 9  22863
7 10  22864
7 11  22865
7 12  22869
8 0  22874
8 1  22875
8 2  22878
8 3  22879
8 4  22882
8 5  22883
8 6  22887
8 7  22893
8 8  22894
8 9  22899
8 10  22900
8 11  22903
8 12  22907
9 0  22911
9 1  22916
9 2  22919
9 3  22923
9 4  22930
9 5  22935
9 6  22939
9 7  22942
9 8  22945
9 9  22949
9 10  22952
9 11  22953
9 12  22957
10 0  22960
10 1  22961
10 2  22962
10 3  22967
10 4  22970
10 5  22971
10 6  22974
10 7  22975
10 8  22978
10 9  22983
10 10  22984
10 11  22988
10 12  22992
11 0  22993
11 1  22994
11 2  22998
11 3  23001
11 4  23006
11 5  23007
11 6  23010
11 7  23013
11 8  23014
11 9  23015
11 10  23018
11 11  23022
11 12  23025
12 0  23028
12 1  23031
12 2  23032
12 3  23036
12 4  23039
12 5  23042
12 6  23046
12 7  23047
12 8  23050
12 9  23053
12 10  23054
12 11  23055
12 12  23059
13 0  23062
13 1  23066
13 2  23069
13 3  23072
13 4  23077
13 5  23080
13 6  23085
13 7  23086
13 8  23091
13 9  23096
13 10  23097
13 11  23100
13 12  23101
14 0  23105
14 1  23109
14 2  23112
14 3  23117
14 4  23120
14 5  23121
14 6  23124
14 7  23127
14 8  23132
14 9  23137
14 10  23143
14 11  23148
14 12  23151
15 0  23155
15 1  23158
15 2  23159
15 3  23165
15 4  23168
15 5  23171
15 6  23174
15 7  23177
15 8  23180
15 9  23181
15 10  23184
15 11  23187
15 12  23190
16 0  23194
16 1  23197
16 2  23200
16 3  23201
16 4  23207
16 5  23210
16 6  23215
16 7  23218
16 8  23221
16 9  23222
16 10  23228
16 11  23234
16 12  23239
17 0  23242
17 1  23245
17 2  23248
17 3  23252
17 4  23255
17 5  23260
17 6  23264
17 7  23269
17 8  23273
17 9  23277
17 10  23280
17 11  23283
17 12  23288
18 0  23289
18 1  23290
18 2  23294
18 3  23297
18 4  23300
18 5  23303
18 6  23306
18 7  23309
18 8  23310
18 9  23314
18 10  23317
18 11  23320
18 12  23321
19 0  23324
19 1  23329
19 2  23332
19 3  23335
19 4  23339
19 5  23342
19 6  23345
19 7  23348
19 8  23351
19 9  23352
19 10  23353
19 11  23356
19 12  23359
20 0  23361
20 1  23362
20 2  23366
20 3  23369
20 4  23372
20 5  23377
20 6  23378
20 7  23379
20 8  23384
20 9  23387
20 10  23392
20 11  23395
20 12  23396
21 0  23399
21 1  23402
21 2  23403
21 3  23404
21 4  23407
21 5  23410
21 6  23411
21 7  23415
21 8  23418
21 9  23423
21 10  23429
21 11  23430
21 12  23431
22 0  23434
22 1  23435
22 2  23440
22 3  23443
22 4  23447
22 5  23450
22 6  23453
22 7  23458
22 8  23461
22 9  23465
22 10  23468
22 11  23473
22 12  23474
23 0  23477
23 1  23480
23 2  23483
23 3  23488
23 4  23491
23 5  23494
23 6  23497
23 7  23502
23 8  23505
23 9  23506
23 10  23507
23 11  23510
23 12  23511
24 0  23514
24 1  23517
24 2  23520
24 3  23521
24 4  23524
24 5  23525
24 6  23526
24 7  23527
24 8  23532
24 9  23533
24 10  23538
24 11  23541
24 12  23544
25 0  23545
25 1  23548
25 2  23551
25 3  23552
25 4  23553
25 5  23554
25 6  23559
25 7  23562
25 8  23565
25 9  23568
25 10  23571
25 11  23574
25 12  23577
26 0  23582
26 1  23585
26 2  23586
26 3  23589
26 4  23594
26 5  23598
26 6  23599
26 7  23602
26 8  23605
26 9  23606
26 10  23611
26 11  23616
26 12  23619
27 0  23622
27 1  23623
27 2  23626
27 3  23629
27 4  23632
27 5  23633
27 6  23634
27 7  23637
27 8  23640
27 9  23641
27 10  23644
27 11  23649
27 12  23652
28 0  23655
28 1  23658
28 2  23663
28 3  23666
28 4  23670
28 5  23675
28 6  23679
28 7  23683
28 8  23688
28 9  23691
28 10  23694
28 11  23695
28 12  23698
29 0  23699
29 1  23702
29 2  23703
29 3  23707
29 4  23708
29 5  23712
29 6  23713
29 7  23717
29 8  23718
29 9  23724
29 10  23725
29 11  23728
29 12  23733
30 0  23736
30 1  23740
30 2  23745
30 3  23750
30 4  23755
30 5  23758
30 6  23761
30 7  23765
30 8  23768
30 9  23771
30 10  23776
30 11  23777
30 12  23780
31 0  23783
31 1  23786
31 2  23789
31 3  23791
31 4  23794
31 5  23797
31 6  23800
31 7  23807
31 8  23812
31 9  23815
31 10  23816
31 11  23819
31 12  23822
32 0  23825
32 1  23826
32 2  23827
32 3  23828
32 4  23833
32 5  23835
32 6  23836
32 7  23839
32 8  23842
32 9  23847
32 10  23848
32 11  23853
32 12  23856
33 0  23857
33 1  23860
33 2  23865
33 3  23868
33 4  23871
33 5  23874
33 6  23875
33 7  23878
33 8  23879
33 9  23880
33 10  23886
33 11  23887
33 12  23890
34 0  23891
34 1  23892
34 2  23893
34 3  23896
34 4  23899
34 5  23900
34 6  23905
34 7  23908
34 8  23913
34 9  23916
34 10  23917
34 11  23918
34 12  23923
35 0  23924
35 1  23925
35 2  23928
35 3  23931
35 4  23932
35 5  23933
35 6  23934
35 7  23935
35 8  23938
35 9  23942
35 10  23947
35 11  23950
35 12  23953
36 0  23956
36 1  23959
36 2  23962
36 3  23968
36 4  23969
36 5  23972
36 6  23973
36 7  23976
36 8  23979
36 9  23982
36 10  23985
36 11  23986
36 12  23989
37 0  23992
37 1  23995
37 2  24001
37 3  24005
37 4  24009
37 5  24012
37 6  24017
37 7  24020
37 8  24024
37 9  24027
37 10  24030
37 11  24033
37 12  24036
38 0  24039
38 1  24042
38 2  24045
38 3  24046
38 4  24049
38 5  24050
38 6  24051
38 7  24057
38 8  24064
38 9  24068
38 10  24069
38 11  24072
38 12  24073
39 0  24076
39 1  24079
39 2  24082
39 3  24086
39 4  24089
39 5  24092
39 6  24095
39 7  24098
39 8  24102
39 9  24105
39 10  24110
39 11  24113
39 12  24114
40 0  24115
40 1  24118
40 2  24119
40 3  24122
40 4  24125
40 5  24129
40 6  24132
40 7  24133
40 8  24136
40 9  24137
40 10  24141
40 11  24143
40 12  24147
41 0  24148
41 1  24149
41 2  24153
41 3  24154
41 4  24159
41 5  24160
41 6  24163
41 7  24164
41 8  24167
41 9  24168
41 10  24169
41 11  24172
41 12  24175
42 0  24176
42 1  24179
42 2  24183
42 3  24184
42 4  24187
42 5  24190
42 6  24191
42 7  24192
42 8  24195
42 9  24196
42 10  24197
42 11  24200
42 12  24203
43 0  24204
43 1  24205
43 2  24208
43 3  24211
43 4  24214
43 5  24215
43 6  24216
43 7  24219
43 8  24220
43 9  24223
43 10  24224
43 11  24225
43 12  24226
44 0  24228
44 1  24231
44 2  24232
44 3  24235
44 4  24236
44 5  24239
44 6  24240
44 7  24243
44 8  24248
44 9  24251
44 10  24254
44 11  24257
44 12  24260
45 0  24264
45 1  24268
45 2  24271
45 3  24274
45 4  24277
45 5  24280
45 6  24285
45 7  24286
45 8  24287
45 9  24290
45 10  24291
45 11  24294
45 12  24299
46 0  24300
46 1  24301
46 2  24302
46 3  24303
46 4  24307
46 5  24308
46 6  24311
46 7  24312
46 8  24313
46 9  24316
46 10  24321
46 11  24322
46 12  24325
47 0  24326
47 1  24327
47 2  24330
47 3  24331
47 4  24332
47 5  24333
47 6  24336
47 7  24340
47 8  24343
47 9  24348
47 10  24349
47 11  24350
47 12  24353
48 0  24356
48 1  24359
48 2  24360
48 3  24364
48 4  24365
48 5  24368
48 6  24369
48 7  24370
48 8  24377
48 9  24380
48 10  24385
48 11  24389
48 12  24392
49 0  24396
49 1  24397
49 2  24402
49 3  24403
49 4  24405
49 5  24406
49 6  24407
49 7  24410
49 8  24415
49 9  24419
49 10  24422
49 11  24425
49 12  24428
50 0  24429
50 1  24430
50 2  24433
50 3  24434
50 4  24435
50 5  24438
50 6  24441
50 7  24444
50 8  24447
50 9  24450
50 10  24453
50 11  24458
50 12  24462
51 0  24466
51 1  24467
51 2  24470
51 3  24475
51 4  24476
51 5  24479
51 6  24482
51 7  24485
51 8  24486
51 9  24487
51 10  24490
51 11  24491
51 12  24494
52 0  24499
52 1  24503
52 2  24504
52 3  24508
52 4  24509
52 5  24512
52 6  24513
52 7  24514
52 8  24517
52 9  24518
52 10  24521
52 11  24524
52 12  24525
53 0  24530
53 1  24535
53 2  24538
53 3  24539
53 4  24543
53 5  24544
53 6  24547
53 7  24548
53 8  24549
53 9  24553
53 10  24556
53 11  24559
53 12  24560
54 0  24564
54 1  24567
54 2  24570
54 3  24571
54 4  24574
54 5  24577
54 6  24580
54 7  24581
54 8  24582
54 9  24583
54 10  24586
54 11  24589
54 12  24590
55 0  24596
55 1  24601
55 2  24604
55 3  24605
55 4  24606
55 5  24611
55 6  24614
55 7  24615
55 8  24618
55 9  24621
55 10  24626
55 11  24629
55 12  24632
56 0  24633
56 1  24638
56 2  24639
56 3  24640
56 4  24641
56 5  24642
56 6  24648
56 7  24649
56 8  24652
56 9  24655
56 10  24658
56 11  24662
56 12  24665
57 0  24668
57 1  24671
57 2  24674
57 3  24677
57 4  24680
57 5  24683
57 6  24684
57 7  24685
57 8  24686
57 9  24691
57 10  24694
57 11  24695
57 12  24696
58 0  24701
58 1  24704
58 2  24705
58 3  24706
58 4  24707
58 5  24710
58 6  24714
58 7  24717
58 8  24720
58 9  24723
58 10  24726
58 11  24727
58 12  24728
59 0  24731
59 1  24734
59 2  24735
59 3  24740
59 4  24741
59 5  24744
59 6  24745
59 7  24748
59 8  24749
59 9  24753
59 10  24756
59 11  24757
59 12  24760
60 0  24763
60 1  24766
60 2  24773
60 3  24777
60 4  24778
60 5  24779
60 6  24780
60 7  24783
60 8  24784
60 9  24787
60 10  24788
60 11  24790
60 12  24794
61 0  24795
61 1  24796
61 2  24801
61 3  24802
61 4  24807
61 5  24808
61 6  24811
61 7  24812
61 8  24813
61 9  24816
61 10  24819
61 11  24820
61 12  24825
62 0  24826
62 1  24830
62 2  24833
62 3  24834
62 4  24835
62 5  24840
62 6  24841
62 7  24842
62 8  24843
62 9  24846
62 10  24847
62 11  24848
62 12  24853
63 0  24856
63 1  24857
63 2  24860
63 3  24861
63 4  24862
63 5  24865
63 6  24870
63 7  24871
63 8  24872
63 9  24875
63 10  24876
63 11  24879
63 12  24882
