=== Tile (0,0) ===
size: 185
Tuples
0 0  1
0 1  4
0 2  6
0 3  9
0 4  11
0 5  13
0 6  15
0 7  18
0 8  20
0 9  23
0 10  26
0 11  28
0 12  31
0 13  34
0 14  36
0 15  39
0 16  42
0 17  45
0 18  48
0 19  51
0 20  53
0 21  57
0 22  59
0 23  62
0 24  67
0 25  70
0 26  73
0 27  75
0 28  77
0 29  79
0 30  82
0 31  85
0 32  88
0 33  90
0 34  93
0 35  95
0 36  98
0 37  101
0 38  103
0 39  108
0 40  110
0 41  112
0 42  114
0 43  116
0 44  119
0 45  121
0 46  124
0 47  127
0 48  130
0 49  132
0 50  137
0 51  139
0 52  142
0 53  144
0 54  147
0 55  151
0 56  153
0 57  155
0 58  157
0 59  160
0 60  164
0 61  168
0 62  171
0 63  173
1 0  4322
1 1  4327
1 2  4331
1 3  4339
1 4  4342
1 5  4347
1 6  4353
1 7  4358
1 8  4365
1 9  4371
1 10  4374
1 11  4377
1 12  4383
1 13  4389
1 14  4393
1 15  4396
1 16  4399
1 17  4405
1 18  4410
1 19  4413
1 20  4416
1 21  4421
1 22  4429
1 23  4432
1 24  4437
1 25  4445
1 26  4448
1 27  4454
1 28  4460
1 29  4464
1 30  4470
1 31  4472
1 32  4476
1 33  4496
1 34  4498
1 35  4503
1 36  4506
1 37  4511
1 38  4516
1 39  4521
1 40  4528
1 41  4531
1 42  4537
1 43  4543
1 44  4549
1 45  4554
1 46  4559
1 47  4565
1 48  4571
1 49  4574
1 50  4579
1 51  4582
1 52  4588
1 53  4594
1 54  4600
1 55  4606
1 56  4614
1 57  4616
1 58  4622
1 59  4625
1 60  4633
1 61  4639
1 62  4645
1 63  4652
2 0  403
2 1  1687
2 2  1787
2 3  85
2 4  341
2 5  403
2 6  1687
2 7  1787
2 8  86
2 9  1403
2 10  87
2 11  171
2 12  1398
2 13  88
2 14  909
2 15  89
2 16  913
2 17  90
2 18  91
2 19  1323
2 20  90
2 21  91
2 22  179
2 23  92
2 24  93
2 25  1323
2 26  92
2 27  93
2 28  179
2 29  317
2 30  94
2 31  1737
2 32  95
2 33  181
2 34  440
2 35  96
2 36  1322
2 37  97
2 38  1298
2 39  44
2 40  98
2 41  180
2 42  99
2 43  191
2 44  192
2 45  1182
2 46  1183
2 47  100
2 48  1720
2 49  101
2 50  366
2 51  386
2 52  1387
2 53  1787
2 54  0
2 55  0
2 56  0

=== Tile (0,1) ===
size: 128
Tuples
0 0  175
0 1  180
0 2  185
0 3  187
0 4  189
0 5  191
0 6  196
0 7  198
0 8  200
0 9  202
0 10  205
0 11  208
0 12  211
0 13  214
0 14  216
0 15  219
0 16  224
0 17  226
0 18  228
0 19  233
0 20  238
0 21  243
0 22  245
0 23  248
0 24  250
0 25  252
0 26  255
0 27  258
0 28  261
0 29  265
0 30  267
0 31  270
0 32  272
0 33  274
0 34  277
0 35  282
0 36  284
0 37  289
0 38  291
0 39  293
0 40  296
0 41  298
0 42  303
0 43  305
0 44  308
0 45  310
0 46  312
0 47  314
0 48  319
0 49  324
0 50  329
0 51  331
0 52  333
0 53  338
0 54  340
0 55  342
0 56  344
0 57  349
0 58  351
0 59  356
0 60  361
0 61  363
0 62  365
0 63  370
1 0  4657
1 1  4664
1 2  4668
1 3  4671
1 4  4677
1 5  4683
1 6  4689
1 7  4695
1 8  4699
1 9  4704
1 10  4711
1 11  4719
1 12  4728
1 13  4730
1 14  4733
1 15  4740
1 16  4747
1 17  4752
1 18  4756
1 19  4764
1 20  4768
1 21  4776
1 22  4780
1 23  4795
1 24  4800
1 25  4803
1 26  4806
1 27  4812
1 28  4816
1 29  4822
1 30  4825
1 31  4828
1 32  4834
1 33  4838
1 34  4846
1 35  4848
1 36  4852
1 37  4856
1 38  4866
1 39  4873
1 40  4876
1 41  4882
1 42  4885
1 43  4891
1 44  4898
1 45  4901
1 46  4910
1 47  4915
1 48  4935
1 49  4942
1 50  4945
1 51  4951
1 52  4957
1 53  4964
1 54  4970
1 55  4976
1 56  4979
1 57  4985
1 58  4989
1 59  4993
1 60  4998
1 61  5008
1 62  5013
1 63  5017

=== Tile (0,2) ===
size: 128
Tuples
0 0  372
0 1  377
0 2  379
0 3  382
0 4  384
0 5  386
0 6  390
0 7  394
0 8  397
0 9  402
0 10  407
0 11  409
0 12  414
0 13  419
0 14  421
0 15  423
0 16  425
0 17  430
0 18  435
0 19  440
0 20  445
0 21  447
0 22  449
0 23  451
0 24  454
0 25  459
0 26  461
0 27  464
0 28  466
0 29  468
0 30  471
0 31  476
0 32  479
0 33  483
0 34  488
0 35  493
0 36  495
0 37  500
0 38  503
0 39  506
0 40  510
0 41  513
0 42  517
0 43  520
0 44  523
0 45  525
0 46  527
0 47  531
0 48  533
0 49  535
0 50  537
0 51  541
0 52  545
0 53  549
0 54  553
0 55  556
0 56  559
0 57  562
0 58  566
0 59  569
0 60  571
0 61  576
0 62  581
0 63  586
1 0  5023
1 1  5027
1 2  5033
1 3  5036
1 4  5039
1 5  5042
1 6  5054
1 7  5057
1 8  5063
1 9  5069
1 10  5077
1 11  5094
1 12  5099
1 13  5103
1 14  5111
1 15  5114
1 16  5117
1 17  5125
1 18  5129
1 19  5146
1 20  5150
1 21  5162
1 22  5165
1 23  5168
1 24  5171
1 25  5174
1 26  5181
1 27  5184
1 28  5190
1 29  5196
1 30  5202
1 31  5208
1 32  5214
1 33  5217
1 34  5223
1 35  5229
1 36  5235
1 37  5238
1 38  5244
1 39  5250
1 40  5269
1 41  5272
1 42  5280
1 43  5287
1 44  5290
1 45  5296
1 46  5301
1 47  5303
1 48  5306
1 49  5311
1 50  5317
1 51  5323
1 52  5329
1 53  5334
1 54  5342
1 55  5348
1 56  5353
1 57  5359
1 58  5362
1 59  5365
1 60  5370
1 61  5373
1 62  5376
1 63  5382

=== Tile (0,3) ===
size: 128
Tuples
0 0  591
0 1  594
0 2  596
0 3  599
0 4  602
0 5  605
0 6  607
0 7  610
0 8  612
0 9  615
0 10  618
0 11  620
0 12  623
0 13  626
0 14  629
0 15  631
0 16  633
0 17  635
0 18  639
0 19  642
0 20  646
0 21  649
0 22  652
0 23  655
0 24  660
0 25  663
0 26  668
0 27  673
0 28  678
0 29  681
0 30  685
0 31  688
0 32  691
0 33  693
0 34  698
0 35  703
0 36  705
0 37  707
0 38  710
0 39  713
0 40  715
0 41  717
0 42  721
0 43  723
0 44  726
0 45  729
0 46  732
0 47  735
0 48  740
0 49  745
0 50  750
0 51  755
0 52  759
0 53  764
0 54  766
0 55  771
0 56  773
0 57  775
0 58  778
0 59  781
0 60  783
0 61  785
0 62  788
0 63  791
1 0  5388
1 1  5394
1 2  5396
1 3  5401
1 4  5404
1 5  5409
1 6  5416
1 7  5419
1 8  5425
1 9  5431
1 10  5437
1 11  5441
1 12  5448
1 13  5451
1 14  5456
1 15  5460
1 16  5472
1 17  5475
1 18  5483
1 19  5488
1 20  5494
1 21  5500
1 22  5503
1 23  5508
1 24  5514
1 25  5520
1 26  5525
1 27  5532
1 28  5538
1 29  5540
1 30  5543
1 31  5546
1 32  5548
1 33  5553
1 34  5555
1 35  5560
1 36  5562
1 37  5564
1 38  5572
1 39  5575
1 40  5577
1 41  5582
1 42  5584
1 43  5590
1 44  5596
1 45  5600
1 46  5606
1 47  5613
1 48  5618
1 49  5624
1 50  5630
1 51  5634
1 52  5638
1 53  5646
1 54  5648
1 55  5653
1 56  5657
1 57  5662
1 58  5668
1 59  5673
1 60  5680
1 61  5684
1 62  5690
1 63  5695

=== Tile (0,4) ===
size: 128
Tuples
0 0  796
0 1  801
0 2  806
0 3  809
0 4  812
0 5  815
0 6  818
0 7  821
0 8  824
0 9  827
0 10  830
0 11  833
0 12  836
0 13  841
0 14  846
0 15  851
0 16  853
0 17  856
0 18  858
0 19  861
0 20  864
0 21  867
0 22  869
0 23  872
0 24  876
0 25  879
0 26  884
0 27  888
0 28  891
0 29  894
0 30  898
0 31  900
0 32  902
0 33  904
0 34  907
0 35  909
0 36  912
0 37  915
0 38  920
0 39  925
0 40  927
0 41  930
0 42  933
0 43  935
0 44  937
0 45  942
0 46  944
0 47  948
0 48  953
0 49  958
0 50  963
0 51  965
0 52  970
0 53  975
0 54  980
0 55  985
0 56  989
0 57  993
0 58  995
0 59  1000
0 60  1002
0 61  1005
0 62  1008
0 63  1011
1 0  5701
1 1  5705
1 2  5714
1 3  5718
1 4  5729
1 5  5735
1 6  5741
1 7  5747
1 8  5750
1 9  5753
1 10  5759
1 11  5765
1 12  5768
1 13  5773
1 14  5780
1 15  5783
1 16  5789
1 17  5792
1 18  5799
1 19  5802
1 20  5806
1 21  5821
1 22  5827
1 23  5833
1 24  5837
1 25  5845
1 26  5848
1 27  5856
1 28  5860
1 29  5863
1 30  5866
1 31  5872
1 32  5875
1 33  5882
1 34  5885
1 35  5893
1 36  5899
1 37  5905
1 38  5909
1 39  5917
1 40  5934
1 41  5940
1 42  5946
1 43  5955
1 44  5958
1 45  5965
1 46  5968
1 47  5977
1 48  5983
1 49  6004
1 50  6007
1 51  6016
1 52  6021
1 53  6027
1 54  6034
1 55  6041
1 56  6045
1 57  6060
1 58  6063
1 59  6066
1 60  6074
1 61  6079
1 62  6084
1 63  6090

=== Tile (0,5) ===
size: 128
Tuples
0 0  1014
0 1  1016
0 2  1018
0 3  1021
0 4  1024
0 5  1026
0 6  1028
0 7  1030
0 8  1033
0 9  1036
0 10  1038
0 11  1041
0 12  1044
0 13  1047
0 14  1050
0 15  1053
0 16  1056
0 17  1058
0 18  1063
0 19  1065
0 20  1067
0 21  1072
0 22  1077
0 23  1082
0 24  1087
0 25  1092
0 26  1097
0 27  1101
0 28  1104
0 29  1109
0 30  1114
0 31  1119
0 32  1121
0 33  1123
0 34  1127
0 35  1129
0 36  1131
0 37  1136
0 38  1138
0 39  1140
0 40  1145
0 41  1147
0 42  1149
0 43  1154
0 44  1159
0 45  1164
0 46  1169
0 47  1171
0 48  1176
0 49  1181
0 50  1186
0 51  1191
0 52  1196
0 53  1199
0 54  1204
0 55  1207
0 56  1210
0 57  1212
0 58  1214
0 59  1217
0 60  1221
0 61  1226
0 62  1231
0 63  1233
1 0  6096
1 1  6102
1 2  6108
1 3  6116
1 4  6121
1 5  6125
1 6  6133
1 7  6138
1 8  6142
1 9  6150
1 10  6153
1 11  6158
1 12  6165
1 13  6168
1 14  6172
1 15  6178
1 16  6184
1 17  6190
1 18  6194
1 19  6202
1 20  6207
1 21  6210
1 22  6213
1 23  6222
1 24  6227
1 25  6233
1 26  6239
1 27  6244
1 28  6250
1 29  6253
1 30  6256
1 31  6259
1 32  6268
1 33  6275
1 34  6278
1 35  6283
1 36  6288
1 37  6296
1 38  6302
1 39  6305
1 40  6313
1 41  6318
1 42  6325
1 43  6329
1 44  6333
1 45  6345
1 46  6350
1 47  6356
1 48  6362
1 49  6368
1 50  6371
1 51  6376
1 52  6381
1 53  6387
1 54  6397
1 55  6403
1 56  6409
1 57  6412
1 58  6416
1 59  6422
1 60  6434
1 61  6437
1 62  6442
1 63  6448

=== Tile (0,6) ===
size: 128
Tuples
0 0  1235
0 1  1237
0 2  1242
0 3  1247
0 4  1249
0 5  1252
0 6  1256
0 7  1259
0 8  1261
0 9  1264
0 10  1266
0 11  1268
0 12  1271
0 13  1275
0 14  1278
0 15  1281
0 16  1284
0 17  1289
0 18  1294
0 19  1299
0 20  1304
0 21  1309
0 22  1314
0 23  1319
0 24  1321
0 25  1323
0 26  1325
0 27  1327
0 28  1329
0 29  1331
0 30  1333
0 31  1338
0 32  1340
0 33  1344
0 34  1347
0 35  1352
0 36  1355
0 37  1359
0 38  1361
0 39  1366
0 40  1371
0 41  1376
0 42  1381
0 43  1383
0 44  1385
0 45  1387
0 46  1389
0 47  1391
0 48  1393
0 49  1398
0 50  1400
0 51  1405
0 52  1410
0 53  1412
0 54  1417
0 55  1422
0 56  1425
0 57  1429
0 58  1433
0 59  1436
0 60  1441
0 61  1446
0 62  1451
0 63  1456
1 0  6454
1 1  6462
1 2  6471
1 3  6474
1 4  6478
1 5  6485
1 6  6492
1 7  6500
1 8  6504
1 9  6510
1 10  6518
1 11  6522
1 12  6525
1 13  6528
1 14  6533
1 15  6536
1 16  6539
1 17  6546
1 18  6552
1 19  6558
1 20  6564
1 21  6566
1 22  6569
1 23  6574
1 24  6580
1 25  6585
1 26  6591
1 27  6598
1 28  6605
1 29  6608
1 30  6615
1 31  6620
1 32  6635
1 33  6639
1 34  6643
1 35  6651
1 36  6668
1 37  6673
1 38  6678
1 39  6681
1 40  6684
1 41  6693
1 42  6700
1 43  6705
1 44  6708
1 45  6714
1 46  6716
1 47  6723
1 48  6730
1 49  6735
1 50  6738
1 51  6758
1 52  6763
1 53  6770
1 54  6776
1 55  6783
1 56  6787
1 57  6804
1 58  6811
1 59  6818
1 60  6825
1 61  6828
1 62  6831
1 63  6834

=== Tile (0,7) ===
size: 128
Tuples
0 0  1458
0 1  1463
0 2  1468
0 3  1473
0 4  1475
0 5  1477
0 6  1479
0 7  1484
0 8  1489
0 9  1492
0 10  1497
0 11  1502
0 12  1507
0 13  1512
0 14  1517
0 15  1520
0 16  1524
0 17  1527
0 18  1532
0 19  1535
0 20  1539
0 21  1541
0 22  1543
0 23  1544
0 24  1545
0 25  1546
0 26  1547
0 27  1548
0 28  1549
0 29  1550
0 30  1551
0 31  1556
0 32  1560
0 33  1564
0 34  1568
0 35  1571
0 36  1573
0 37  1576
0 38  1578
0 39  1582
0 40  1588
0 41  1594
0 42  1599
0 43  1603
0 44  1609
0 45  1612
0 46  1615
0 47  1618
0 48  1622
0 49  1624
0 50  1628
0 51  1630
0 52  1638
0 53  1642
0 54  1647
0 55  1652
0 56  1658
0 57  1664
0 58  1670
0 59  1673
0 60  1677
0 61  1681
0 62  1687
0 63  1691
1 0  6841
1 1  6844
1 2  6849
1 3  6856
1 4  6859
1 5  6865
1 6  6879
1 7  6884
1 8  6889
1 9  6891
1 10  6896
1 11  6902
1 12  6908
1 13  6911
1 14  6916
1 15  6922
1 16  6926
1 17  6935
1 18  6940
1 19  6943
1 20  6949
1 21  6956
1 22  6960
1 23  6963
1 24  6969
1 25  6975
1 26  6981
1 27  6985
1 28  6988
1 29  6994
1 30  7002
1 31  7010
1 32  7018
1 33  7030
1 34  7044
1 35  7047
1 36  7055
1 37  7063
1 38  7078
1 39  7086
1 40  7090
1 41  7096
1 42  7100
1 43  7107
1 44  7115
1 45  7119
1 46  7126
1 47  7131
1 48  7138
1 49  7141
1 50  7147
1 51  7150
1 52  7155
1 53  7161
1 54  7167
1 55  7175
1 56  7190
1 57  7209
1 58  7215
1 59  7221
1 60  7223
1 61  7256
1 62  7261
1 63  7267

=== Tile (0,8) ===
size: 128
Tuples
0 0  1697
0 1  1699
0 2  1705
0 3  1711
0 4  1715
0 5  1721
0 6  1729
0 7  1733
0 8  1739
0 9  1744
0 10  1746
0 11  1749
0 12  1755
0 13  1760
0 14  1766
0 15  1769
0 16  1775
0 17  1778
0 18  1781
0 19  1783
0 20  1786
0 21  1789
0 22  1792
0 23  1796
0 24  1798
0 25  1801
0 26  1805
0 27  1811
0 28  1817
0 29  1819
0 30  1822
0 31  1827
0 32  1831
0 33  1835
0 34  1839
0 35  1843
0 36  1849
0 37  1855
0 38  1861
0 39  1866
0 40  1871
0 41  1877
0 42  1883
0 43  1889
0 44  1895
0 45  1898
0 46  1902
0 47  1909
0 48  1915
0 49  1921
0 50  1924
0 51  1927
0 52  1932
0 53  1936
0 54  1941
0 55  1947
0 56  1953
0 57  1956
0 58  1959
0 59  1965
0 60  1972
0 61  1975
0 62  1978
0 63  1983
1 0  7293
1 1  7298
1 2  7302
1 3  7310
1 4  7315
1 5  7322
1 6  7330
1 7  7335
1 8  7339
1 9  7342
1 10  7350
1 11  7355
1 12  7359
1 13  7380
1 14  7383
1 15  7387
1 16  7393
1 17  7399
1 18  7404
1 19  7410
1 20  7413
1 21  7418
1 22  7421
1 23  7427
1 24  7430
1 25  7436
1 26  7441
1 27  7455
1 28  7458
1 29  7461
1 30  7467
1 31  7473
1 32  7476
1 33  7488
1 34  7495
1 35  7498
1 36  7501
1 37  7507
1 38  7513
1 39  7518
1 40  7525
1 41  7531
1 42  7538
1 43  7542
1 44  7557
1 45  7562
1 46  7581
1 47  7587
1 48  7593
1 49  7597
1 50  7607
1 51  7612
1 52  7619
1 53  7624
1 54  7626
1 55  7633
1 56  7638
1 57  7652
1 58  7655
1 59  7661
1 60  7667
1 61  7670
1 62  7672
1 63  7676

=== Tile (0,9) ===
size: 128
Tuples
0 0  1985
0 1  1991
0 2  1996
0 3  2002
0 4  2005
0 5  2007
0 6  2011
0 7  2014
0 8  2019
0 9  2025
0 10  2031
0 11  2037
0 12  2042
0 13  2048
0 14  2053
0 15  2058
0 16  2065
0 17  2071
0 18  2075
0 19  2079
0 20  2085
0 21  2089
0 22  2091
0 23  2099
0 24  2101
0 25  2104
0 26  2108
0 27  2111
0 28  2117
0 29  2120
0 30  2126
0 31  2130
0 32  2133
0 33  2137
0 34  2142
0 35  2146
0 36  2152
0 37  2156
0 38  2160
0 39  2167
0 40  2170
0 41  2174
0 42  2176
0 43  2180
0 44  2182
0 45  2186
0 46  2189
0 47  2195
0 48  2200
0 49  2203
0 50  2211
0 51  2215
0 52  2218
0 53  2223
0 54  2226
0 55  2232
0 56  2237
0 57  2242
0 58  2245
0 59  2247
0 60  2253
0 61  2255
0 62  2259
0 63  2263
1 0  7695
1 1  7700
1 2  7705
1 3  7713
1 4  7720
1 5  7724
1 6  7729
1 7  7737
1 8  7743
1 9  7747
1 10  7750
1 11  7758
1 12  7766
1 13  7769
1 14  7772
1 15  7778
1 16  7784
1 17  7790
1 18  7796
1 19  7799
1 20  7806
1 21  7809
1 22  7813
1 23  7816
1 24  7823
1 25  7826
1 26  7831
1 27  7839
1 28  7842
1 29  7908
1 30  7915
1 31  7933
1 32  7936
1 33  7941
1 34  7949
1 35  7952
1 36  7956
1 37  7971
1 38  7974
1 39  7982
1 40  7997
1 41  8015
1 42  8023
1 43  8027
1 44  8035
1 45  8039
1 46  8046
1 47  8054
1 48  8057
1 49  8061
1 50  8068
1 51  8071
1 52  8079
1 53  8086
1 54  8091
1 55  8097
1 56  8103
1 57  8112
1 58  8115
1 59  8121
1 60  8127
1 61  8131
1 62  8134
1 63  8141

=== Tile (0,10) ===
size: 128
Tuples
0 0  2266
0 1  2282
0 2  2286
0 3  2289
0 4  2295
0 5  2301
0 6  2311
0 7  2317
0 8  2321
0 9  2326
0 10  2332
0 11  2338
0 12  2343
0 13  2346
0 14  2350
0 15  2353
0 16  2359
0 17  2365
0 18  2371
0 19  2379
0 20  2383
0 21  2404
0 22  2407
0 23  2412
0 24  2418
0 25  2423
0 26  2426
0 27  2433
0 28  2436
0 29  2440
0 30  2444
0 31  2447
0 32  2452
0 33  2459
0 34  2464
0 35  2469
0 36  2472
0 37  2482
0 38  2487
0 39  2492
0 40  2499
0 41  2502
0 42  2508
0 43  2512
0 44  2514
0 45  2517
0 46  2522
0 47  2529
0 48  2532
0 49  2536
0 50  2545
0 51  2549
0 52  2554
0 53  2559
0 54  2564
0 55  2567
0 56  2571
0 57  2576
0 58  2579
0 59  2582
0 60  2587
0 61  2591
0 62  2594
0 63  2600
1 0  8148
1 1  8154
1 2  8160
1 3  8163
1 4  8169
1 5  8175
1 6  8190
1 7  8195
1 8  8202
1 9  8206
1 10  8213
1 11  8216
1 12  8220
1 13  8226
1 14  8232
1 15  8238
1 16  8240
1 17  8246
1 18  8267
1 19  8273
1 20  8279
1 21  8282
1 22  8288
1 23  8292
1 24  8297
1 25  8299
1 26  8304
1 27  8310
1 28  8315
1 29  8322
1 30  8328
1 31  8394
1 32  8397
1 33  8406
1 34  8410
1 35  8415
1 36  8421
1 37  8432
1 38  8438
1 39  8446
1 40  8449
1 41  8453
1 42  8465
1 43  8468
1 44  8476
1 45  8481
1 46  8487
1 47  8490
1 48  8495
1 49  8501
1 50  8506
1 51  8513
1 52  8518
1 53  8525
1 54  8531
1 55  8536
1 56  8543
1 57  8546
1 58  8558
1 59  8564
1 60  8570
1 61  8575
1 62  8582
1 63  8585

=== Tile (0,11) ===
size: 128
Tuples
0 0  2606
0 1  2609
0 2  2613
0 3  2616
0 4  2619
0 5  2622
0 6  2625
0 7  2630
0 8  2648
0 9  2654
0 10  2660
0 11  2663
0 12  2668
0 13  2670
0 14  2674
0 15  2677
0 16  2681
0 17  2684
0 18  2690
0 19  2702
0 20  2708
0 21  2712
0 22  2714
0 23  2722
0 24  2737
0 25  2740
0 26  2743
0 27  2746
0 28  2755
0 29  2761
0 30  2767
0 31  2771
0 32  2777
0 33  2783
0 34  2789
0 35  2794
0 36  2796
0 37  2800
0 38  2803
0 39  2806
0 40  2809
0 41  2812
0 42  2817
0 43  2820
0 44  2825
0 45  2829
0 46  2833
0 47  2839
0 48  2842
0 49  2854
0 50  2858
0 51  2864
0 52  2870
0 53  2872
0 54  2876
0 55  2882
0 56  2887
0 57  2893
0 58  2896
0 59  2902
0 60  2908
0 61  2914
0 62  2919
0 63  2926
1 0  8587
1 1  8621
1 2  8626
1 3  8633
1 4  8636
1 5  8642
1 6  8668
1 7  8673
1 8  8681
1 9  8688
1 10  8692
1 11  8700
1 12  8706
1 13  8710
1 14  8718
1 15  8726
1 16  8729
1 17  8733
1 18  8915
1 19  8918
1 20  8926
1 21  8941
1 22  8959
1 23  8962
1 24  8970
1 25  8975
1 26  8980
1 27  8988
1 28  8992
1 29  8998
1 30  9003
1 31  9006
1 32  9014
1 33  9018
1 34  9025
1 35  9031
1 36  9035
1 37  9053
1 38  9056
1 39  9075
1 40  9080
1 41  9209
1 42  9215
1 43  9218
1 44  9224
1 45  9232
1 46  9241
1 47  9252
1 48  9258
1 49  9265
1 50  9271
1 51  9275
1 52  9282
1 53  9287
1 54  9293
1 55  9298
1 56  9305
1 57  9311
1 58  9317
1 59  9671
1 60  9676
1 61  9690
1 62  9693
1 63  9698

=== Tile (0,12) ===
size: 128
Tuples
0 0  2929
0 1  2932
0 2  2935
0 3  2938
0 4  2943
0 5  2947
0 6  2952
0 7  2958
0 8  2962
0 9  2967
0 10  2971
0 11  2982
0 12  2986
0 13  2992
0 14  3000
0 15  3004
0 16  3009
0 17  3015
0 18  3023
0 19  3027
0 20  3033
0 21  3039
0 22  3045
0 23  3047
0 24  3050
0 25  3058
0 26  3060
0 27  3064
0 28  3068
0 29  3071
0 30  3074
0 31  3079
0 32  3082
0 33  3085
0 34  3089
0 35  3092
0 36  3097
0 37  3104
0 38  3108
0 39  3111
0 40  3115
0 41  3124
0 42  3130
0 43  3136
0 44  3139
0 45  3142
0 46  3150
0 47  3153
0 48  3158
0 49  3164
0 50  3170
0 51  3176
0 52  3191
0 53  3196
0 54  3202
0 55  3210
0 56  3213
0 57  3216
0 58  3225
0 59  3229
0 60  3235
0 61  3241
0 62  3246
0 63  3253
1 0  9700
1 1  9706
1 2  9712
1 3  9717
1 4  9724
1 5  9729
1 6  9732
1 7  9738
1 8  9744
1 9  9750
1 10  9757
1 11  9761
1 12  9767
1 13  9773
1 14  9779
1 15  9785
1 16  9789
1 17  9797
1 18  9812
1 19  9824
1 20  9825
1 21  11157
1 22  1
1 23  347
1 24  1409
1 25  2
1 26  697
1 27  3
1 28  354
1 29  1409
1 30  4
1 31  667
1 32  5
1 33  1377
1 34  6
1 35  700
1 36  7
1 37  23
1 38  1018
1 39  8
1 40  1045
1 41  9
1 42  134
1 43  389
1 44  10
1 45  181
1 46  1410
1 47  11
1 48  1222
1 49  12
1 50  336
1 51  716
1 52  13
1 53  21
1 54  1005
1 55  14
1 56  1467
1 57  15
1 58  161
1 59  1777
1 60  16
1 61  244
1 62  852
1 63  17

=== Tile (0,13) ===
size: 128
Tuples
0 0  3256
0 1  3261
0 2  3264
0 3  3270
0 4  3274
0 5  3282
0 6  3299
0 7  3303
0 8  3320
0 9  3324
0 10  3328
0 11  3335
0 12  3338
0 13  3341
0 14  3346
0 15  3353
0 16  3357
0 17  3362
0 18  3368
0 19  3371
0 20  3379
0 21  3382
0 22  3388
0 23  3392
0 24  3400
0 25  3405
0 26  3412
0 27  3419
0 28  3424
0 29  3436
0 30  3441
0 31  3446
0 32  3453
0 33  3460
0 34  3463
0 35  3468
0 36  3471
0 37  3475
0 38  3478
0 39  3481
0 40  3486
0 41  3492
0 42  3499
0 43  3505
0 44  3510
0 45  3513
0 46  3519
0 47  3522
0 48  3525
0 49  3539
0 50  3543
0 51  3547
0 52  3560
0 53  3563
0 54  3565
0 55  3570
0 56  3574
0 57  3579
0 58  3582
0 59  3590
0 60  3594
0 61  3602
0 62  3605
0 63  3611
1 0  237
1 1  852
1 2  18
1 3  283
1 4  1703
1 5  19
1 6  286
1 7  1703
1 8  20
1 9  831
1 10  13
1 11  21
1 12  205
1 13  739
1 14  22
1 15  865
1 16  7
1 17  23
1 18  468
1 19  24
1 20  294
1 21  357
1 22  925
1 23  1787
1 24  25
1 25  234
1 26  859
1 27  26
1 28  135
1 29  1327
1 30  27
1 31  1604
1 32  28
1 33  1653
1 34  29
1 35  1127
1 36  30
1 37  170
1 38  1398
1 39  31
1 40  55
1 41  823
1 42  32
1 43  61
1 44  823
1 45  33
1 46  584
1 47  34
1 48  75
1 49  313
1 50  35
1 51  1541
1 52  36
1 53  303
1 54  995
1 55  37
1 56  184
1 57  1725
1 58  38
1 59  843
1 60  39
1 61  368
1 62  374
1 63  689

=== Tile (0,14) ===
size: 128
Tuples
0 0  3616
0 1  3622
0 2  3625
0 3  3631
0 4  3633
0 5  3636
0 6  3644
0 7  3654
0 8  3659
0 9  3664
0 10  3668
0 11  3675
0 12  3680
0 13  3685
0 14  3688
0 15  3691
0 16  3694
0 17  3699
0 18  3704
0 19  3710
0 20  3715
0 21  3721
0 22  3724
0 23  3727
0 24  3733
0 25  3739
0 26  3742
0 27  3748
0 28  3751
0 29  3755
0 30  3761
0 31  3767
0 32  3779
0 33  3784
0 34  3790
0 35  3796
0 36  3801
0 37  3804
0 38  3810
0 39  3816
0 40  3820
0 41  3828
0 42  3832
0 43  3838
0 44  3842
0 45  3862
0 46  3867
0 47  3873
0 48  3876
0 49  3883
0 50  3886
0 51  3889
0 52  3893
0 53  3898
0 54  3903
0 55  3911
0 56  3915
0 57  3923
0 58  3929
0 59  3932
0 60  3938
0 61  3941
0 62  3949
0 63  3955
1 0  1787
1 1  40
1 2  1624
1 3  41
1 4  1263
1 5  42
1 6  1455
1 7  43
1 8  1468
1 9  44
1 10  98
1 11  1410
1 12  45
1 13  1665
1 14  46
1 15  60
1 16  1158
1 17  47
1 18  155
1 19  1148
1 20  48
1 21  212
1 22  217
1 23  49
1 24  1131
1 25  50
1 26  433
1 27  445
1 28  545
1 29  1787
1 30  51
1 31  1137
1 32  52
1 33  442
1 34  1449
1 35  53
1 36  663
1 37  54
1 38  328
1 39  421
1 40  31
1 41  55
1 42  61
1 43  399
1 44  56
1 45  1092
1 46  57
1 47  1656
1 48  58
1 49  1425
1 50  59
1 51  441
1 52  1449
1 53  46
1 54  60
1 55  260
1 56  421
1 57  32
1 58  55
1 59  61
1 60  1097
1 61  62
1 62  199
1 63  280

=== Tile (0,15) ===
size: 128
Tuples
0 0  3961
0 1  3968
0 2  3973
0 3  3977
0 4  3980
0 5  3984
0 6  3987
0 7  3990
0 8  3995
0 9  4002
0 10  4005
0 11  4012
0 12  4015
0 13  4020
0 14  4027
0 15  4033
0 16  4039
0 17  4043
0 18  4048
0 19  4055
0 20  4063
0 21  4069
0 22  4075
0 23  4078
0 24  4081
0 25  4084
0 26  4090
0 27  4094
0 28  4098
0 29  4105
0 30  4109
0 31  4114
0 32  4117
0 33  4120
0 34  4126
0 35  4134
0 36  4139
0 37  4144
0 38  4148
0 39  4162
0 40  4182
0 41  4185
0 42  4188
0 43  4191
0 44  4198
0 45  4206
0 46  4212
0 47  4215
0 48  4220
0 49  4228
0 50  4234
0 51  4237
0 52  4243
0 53  4249
0 54  4257
0 55  4262
0 56  4270
0 57  4275
0 58  4285
0 59  4293
0 60  4299
0 61  4307
0 62  4313
0 63  4316
1 0  63
1 1  1178
1 2  64
1 3  1520
1 4  65
1 5  140
1 6  141
1 7  982
1 8  1553
1 9  66
1 10  140
1 11  141
1 12  982
1 13  1553
1 14  67
1 15  1048
1 16  68
1 17  1020
1 18  69
1 19  1802
1 20  70
1 21  147
1 22  148
1 23  1180
1 24  1181
1 25  71
1 26  971
1 27  72
1 28  693
1 29  73
1 30  1228
1 31  74
1 32  313
1 33  1376
1 34  34
1 35  75
1 36  1376
1 37  76
1 38  77
1 39  1327
1 40  76
1 41  77
1 42  135
1 43  78
1 44  1646
1 45  79
1 46  312
1 47  1376
1 48  80
1 49  153
1 50  159
1 51  1677
1 52  1678
1 53  81
1 54  1762
1 55  82
1 56  559
1 57  83
1 58  165
1 59  424
1 60  1369
1 61  1370
1 62  84
1 63  341

=== Tile (1,0) ===
size: 0
Tuples

=== Tile (1,1) ===
size: 0
Tuples

=== Tile (1,2) ===
size: 0
Tuples

=== Tile (1,3) ===
size: 0
Tuples

=== Tile (1,4) ===
size: 0
Tuples

=== Tile (1,5) ===
size: 0
Tuples

=== Tile (1,6) ===
size: 0
Tuples

=== Tile (1,7) ===
size: 0
Tuples

=== Tile (1,8) ===
size: 0
Tuples

=== Tile (1,9) ===
size: 0
Tuples

=== Tile (1,10) ===
size: 0
Tuples

=== Tile (1,11) ===
size: 0
Tuples

=== Tile (1,12) ===
size: 0
Tuples

=== Tile (1,13) ===
size: 0
Tuples

=== Tile (1,14) ===
size: 0
Tuples

=== Tile (1,15) ===
size: 0
Tuples

=== Tile (2,0) ===
size: 0
Tuples

=== Tile (2,1) ===
size: 0
Tuples

=== Tile (2,2) ===
size: 0
Tuples

=== Tile (2,3) ===
size: 0
Tuples

=== Tile (2,4) ===
size: 0
Tuples

=== Tile (2,5) ===
size: 0
Tuples

=== Tile (2,6) ===
size: 0
Tuples

=== Tile (2,7) ===
size: 0
Tuples

=== Tile (2,8) ===
size: 0
Tuples

=== Tile (2,9) ===
size: 0
Tuples

=== Tile (2,10) ===
size: 0
Tuples

=== Tile (2,11) ===
size: 0
Tuples

=== Tile (2,12) ===
size: 0
Tuples

=== Tile (2,13) ===
size: 0
Tuples

=== Tile (2,14) ===
size: 0
Tuples

=== Tile (2,15) ===
size: 0
Tuples

=== Tile (3,0) ===
size: 0
Tuples

=== Tile (3,1) ===
size: 0
Tuples

=== Tile (3,2) ===
size: 0
Tuples

=== Tile (3,3) ===
size: 0
Tuples

=== Tile (3,4) ===
size: 0
Tuples

=== Tile (3,5) ===
size: 0
Tuples

=== Tile (3,6) ===
size: 0
Tuples

=== Tile (3,7) ===
size: 0
Tuples

=== Tile (3,8) ===
size: 0
Tuples

=== Tile (3,9) ===
size: 0
Tuples

=== Tile (3,10) ===
size: 0
Tuples

=== Tile (3,11) ===
size: 0
Tuples

=== Tile (3,12) ===
size: 0
Tuples

=== Tile (3,13) ===
size: 0
Tuples

=== Tile (3,14) ===
size: 0
Tuples

=== Tile (3,15) ===
size: 0
Tuples

=== Tile (4,0) ===
size: 0
Tuples

=== Tile (4,1) ===
size: 0
Tuples

=== Tile (4,2) ===
size: 0
Tuples

=== Tile (4,3) ===
size: 0
Tuples

=== Tile (4,4) ===
size: 0
Tuples

=== Tile (4,5) ===
size: 0
Tuples

=== Tile (4,6) ===
size: 0
Tuples

=== Tile (4,7) ===
size: 0
Tuples

=== Tile (4,8) ===
size: 0
Tuples

=== Tile (4,9) ===
size: 0
Tuples

=== Tile (4,10) ===
size: 0
Tuples

=== Tile (4,11) ===
size: 0
Tuples

=== Tile (4,12) ===
size: 0
Tuples

=== Tile (4,13) ===
size: 0
Tuples

=== Tile (4,14) ===
size: 0
Tuples

=== Tile (4,15) ===
size: 0
Tuples

=== Tile (5,0) ===
size: 0
Tuples

=== Tile (5,1) ===
size: 0
Tuples

=== Tile (5,2) ===
size: 0
Tuples

=== Tile (5,3) ===
size: 0
Tuples

=== Tile (5,4) ===
size: 0
Tuples

=== Tile (5,5) ===
size: 0
Tuples

=== Tile (5,6) ===
size: 0
Tuples

=== Tile (5,7) ===
size: 0
Tuples

=== Tile (5,8) ===
size: 0
Tuples

=== Tile (5,9) ===
size: 0
Tuples

=== Tile (5,10) ===
size: 0
Tuples

=== Tile (5,11) ===
size: 0
Tuples

=== Tile (5,12) ===
size: 0
Tuples

=== Tile (5,13) ===
size: 0
Tuples

=== Tile (5,14) ===
size: 0
Tuples

=== Tile (5,15) ===
size: 0
Tuples

=== Tile (6,0) ===
size: 0
Tuples

=== Tile (6,1) ===
size: 0
Tuples

=== Tile (6,2) ===
size: 0
Tuples

=== Tile (6,3) ===
size: 0
Tuples

=== Tile (6,4) ===
size: 0
Tuples

=== Tile (6,5) ===
size: 0
Tuples

=== Tile (6,6) ===
size: 0
Tuples

=== Tile (6,7) ===
size: 0
Tuples

=== Tile (6,8) ===
size: 0
Tuples

=== Tile (6,9) ===
size: 0
Tuples

=== Tile (6,10) ===
size: 0
Tuples

=== Tile (6,11) ===
size: 0
Tuples

=== Tile (6,12) ===
size: 0
Tuples

=== Tile (6,13) ===
size: 0
Tuples

=== Tile (6,14) ===
size: 0
Tuples

=== Tile (6,15) ===
size: 0
Tuples

=== Tile (7,0) ===
size: 0
Tuples

=== Tile (7,1) ===
size: 0
Tuples

=== Tile (7,2) ===
size: 0
Tuples

=== Tile (7,3) ===
size: 0
Tuples

=== Tile (7,4) ===
size: 0
Tuples

=== Tile (7,5) ===
size: 0
Tuples

=== Tile (7,6) ===
size: 0
Tuples

=== Tile (7,7) ===
size: 0
Tuples

=== Tile (7,8) ===
size: 0
Tuples

=== Tile (7,9) ===
size: 0
Tuples

=== Tile (7,10) ===
size: 0
Tuples

=== Tile (7,11) ===
size: 0
Tuples

=== Tile (7,12) ===
size: 0
Tuples

=== Tile (7,13) ===
size: 0
Tuples

=== Tile (7,14) ===
size: 0
Tuples

=== Tile (7,15) ===
size: 0
Tuples

=== Tile (8,0) ===
size: 0
Tuples

=== Tile (8,1) ===
size: 0
Tuples

=== Tile (8,2) ===
size: 0
Tuples

=== Tile (8,3) ===
size: 0
Tuples

=== Tile (8,4) ===
size: 0
Tuples

=== Tile (8,5) ===
size: 0
Tuples

=== Tile (8,6) ===
size: 0
Tuples

=== Tile (8,7) ===
size: 0
Tuples

=== Tile (8,8) ===
size: 0
Tuples

=== Tile (8,9) ===
size: 0
Tuples

=== Tile (8,10) ===
size: 0
Tuples

=== Tile (8,11) ===
size: 0
Tuples

=== Tile (8,12) ===
size: 0
Tuples

=== Tile (8,13) ===
size: 0
Tuples

=== Tile (8,14) ===
size: 0
Tuples

=== Tile (8,15) ===
size: 0
Tuples

=== Tile (9,0) ===
size: 0
Tuples

=== Tile (9,1) ===
size: 0
Tuples

=== Tile (9,2) ===
size: 0
Tuples

=== Tile (9,3) ===
size: 0
Tuples

=== Tile (9,4) ===
size: 0
Tuples

=== Tile (9,5) ===
size: 0
Tuples

=== Tile (9,6) ===
size: 0
Tuples

=== Tile (9,7) ===
size: 0
Tuples

=== Tile (9,8) ===
size: 0
Tuples

=== Tile (9,9) ===
size: 0
Tuples

=== Tile (9,10) ===
size: 0
Tuples

=== Tile (9,11) ===
size: 0
Tuples

=== Tile (9,12) ===
size: 0
Tuples

=== Tile (9,13) ===
size: 0
Tuples

=== Tile (9,14) ===
size: 0
Tuples

=== Tile (9,15) ===
size: 0
Tuples

=== Tile (10,0) ===
size: 0
Tuples

=== Tile (10,1) ===
size: 0
Tuples

=== Tile (10,2) ===
size: 0
Tuples

=== Tile (10,3) ===
size: 0
Tuples

=== Tile (10,4) ===
size: 0
Tuples

=== Tile (10,5) ===
size: 0
Tuples

=== Tile (10,6) ===
size: 0
Tuples

=== Tile (10,7) ===
size: 0
Tuples

=== Tile (10,8) ===
size: 0
Tuples

=== Tile (10,9) ===
size: 0
Tuples

=== Tile (10,10) ===
size: 0
Tuples

=== Tile (10,11) ===
size: 0
Tuples

=== Tile (10,12) ===
size: 0
Tuples

=== Tile (10,13) ===
size: 0
Tuples

=== Tile (10,14) ===
size: 0
Tuples

=== Tile (10,15) ===
size: 0
Tuples

=== Tile (11,0) ===
size: 0
Tuples

=== Tile (11,1) ===
size: 0
Tuples

=== Tile (11,2) ===
size: 0
Tuples

=== Tile (11,3) ===
size: 0
Tuples

=== Tile (11,4) ===
size: 0
Tuples

=== Tile (11,5) ===
size: 0
Tuples

=== Tile (11,6) ===
size: 0
Tuples

=== Tile (11,7) ===
size: 0
Tuples

=== Tile (11,8) ===
size: 0
Tuples

=== Tile (11,9) ===
size: 0
Tuples

=== Tile (11,10) ===
size: 0
Tuples

=== Tile (11,11) ===
size: 0
Tuples

=== Tile (11,12) ===
size: 0
Tuples

=== Tile (11,13) ===
size: 0
Tuples

=== Tile (11,14) ===
size: 0
Tuples

=== Tile (11,15) ===
size: 0
Tuples

=== Tile (12,0) ===
size: 0
Tuples

=== Tile (12,1) ===
size: 0
Tuples

=== Tile (12,2) ===
size: 0
Tuples

=== Tile (12,3) ===
size: 0
Tuples

=== Tile (12,4) ===
size: 0
Tuples

=== Tile (12,5) ===
size: 0
Tuples

=== Tile (12,6) ===
size: 0
Tuples

=== Tile (12,7) ===
size: 0
Tuples

=== Tile (12,8) ===
size: 0
Tuples

=== Tile (12,9) ===
size: 0
Tuples

=== Tile (12,10) ===
size: 0
Tuples

=== Tile (12,11) ===
size: 0
Tuples

=== Tile (12,12) ===
size: 0
Tuples

=== Tile (12,13) ===
size: 0
Tuples

=== Tile (12,14) ===
size: 0
Tuples

=== Tile (12,15) ===
size: 0
Tuples

=== Tile (13,0) ===
size: 0
Tuples

=== Tile (13,1) ===
size: 0
Tuples

=== Tile (13,2) ===
size: 0
Tuples

=== Tile (13,3) ===
size: 0
Tuples

=== Tile (13,4) ===
size: 0
Tuples

=== Tile (13,5) ===
size: 0
Tuples

=== Tile (13,6) ===
size: 0
Tuples

=== Tile (13,7) ===
size: 0
Tuples

=== Tile (13,8) ===
size: 0
Tuples

=== Tile (13,9) ===
size: 0
Tuples

=== Tile (13,10) ===
size: 0
Tuples

=== Tile (13,11) ===
size: 0
Tuples

=== Tile (13,12) ===
size: 0
Tuples

=== Tile (13,13) ===
size: 0
Tuples

=== Tile (13,14) ===
size: 0
Tuples

=== Tile (13,15) ===
size: 0
Tuples

=== Tile (14,0) ===
size: 0
Tuples

=== Tile (14,1) ===
size: 0
Tuples

=== Tile (14,2) ===
size: 0
Tuples

=== Tile (14,3) ===
size: 0
Tuples

=== Tile (14,4) ===
size: 0
Tuples

=== Tile (14,5) ===
size: 0
Tuples

=== Tile (14,6) ===
size: 0
Tuples

=== Tile (14,7) ===
size: 0
Tuples

=== Tile (14,8) ===
size: 0
Tuples

=== Tile (14,9) ===
size: 0
Tuples

=== Tile (14,10) ===
size: 0
Tuples

=== Tile (14,11) ===
size: 0
Tuples

=== Tile (14,12) ===
size: 0
Tuples

=== Tile (14,13) ===
size: 0
Tuples

=== Tile (14,14) ===
size: 0
Tuples

=== Tile (14,15) ===
size: 0
Tuples

=== Tile (15,0) ===
size: 0
Tuples

=== Tile (15,1) ===
size: 0
Tuples

=== Tile (15,2) ===
size: 0
Tuples

=== Tile (15,3) ===
size: 0
Tuples

=== Tile (15,4) ===
size: 0
Tuples

=== Tile (15,5) ===
size: 0
Tuples

=== Tile (15,6) ===
size: 0
Tuples

=== Tile (15,7) ===
size: 0
Tuples

=== Tile (15,8) ===
size: 0
Tuples

=== Tile (15,9) ===
size: 0
Tuples

=== Tile (15,10) ===
size: 0
Tuples

=== Tile (15,11) ===
size: 0
Tuples

=== Tile (15,12) ===
size: 0
Tuples

=== Tile (15,13) ===
size: 0
Tuples

=== Tile (15,14) ===
size: 0
Tuples

=== Tile (15,15) ===
size: 0
Tuples

