size: 128
Tuples
0 0  591
0 1  594
0 2  596
0 3  599
0 4  602
0 5  605
0 6  607
0 7  610
0 8  612
0 9  615
0 10  618
0 11  620
0 12  623
0 13  626
0 14  629
0 15  631
0 16  633
0 17  635
0 18  639
0 19  642
0 20  646
0 21  649
0 22  652
0 23  655
0 24  660
0 25  663
0 26  668
0 27  673
0 28  678
0 29  681
0 30  685
0 31  688
0 32  691
0 33  693
0 34  698
0 35  703
0 36  705
0 37  707
0 38  710
0 39  713
0 40  715
0 41  717
0 42  721
0 43  723
0 44  726
0 45  729
0 46  732
0 47  735
0 48  740
0 49  745
0 50  750
0 51  755
0 52  759
0 53  764
0 54  766
0 55  771
0 56  773
0 57  775
0 58  778
0 59  781
0 60  783
0 61  785
0 62  788
0 63  791
1 0  5388
1 1  5394
1 2  5396
1 3  5401
1 4  5404
1 5  5409
1 6  5416
1 7  5419
1 8  5425
1 9  5431
1 10  5437
1 11  5441
1 12  5448
1 13  5451
1 14  5456
1 15  5460
1 16  5472
1 17  5475
1 18  5483
1 19  5488
1 20  5494
1 21  5500
1 22  5503
1 23  5508
1 24  5514
1 25  5520
1 26  5525
1 27  5532
1 28  5538
1 29  5540
1 30  5543
1 31  5546
1 32  5548
1 33  5553
1 34  5555
1 35  5560
1 36  5562
1 37  5564
1 38  5572
1 39  5575
1 40  5577
1 41  5582
1 42  5584
1 43  5590
1 44  5596
1 45  5600
1 46  5606
1 47  5613
1 48  5618
1 49  5624
1 50  5630
1 51  5634
1 52  5638
1 53  5646
1 54  5648
1 55  5653
1 56  5657
1 57  5662
1 58  5668
1 59  5673
1 60  5680
1 61  5684
1 62  5690
1 63  5695
