size: 128
Tuples
0 0  3616
0 1  3622
0 2  3625
0 3  3631
0 4  3633
0 5  3636
0 6  3644
0 7  3654
0 8  3659
0 9  3664
0 10  3668
0 11  3675
0 12  3680
0 13  3685
0 14  3688
0 15  3691
0 16  3694
0 17  3699
0 18  3704
0 19  3710
0 20  3715
0 21  3721
0 22  3724
0 23  3727
0 24  3733
0 25  3739
0 26  3742
0 27  3748
0 28  3751
0 29  3755
0 30  3761
0 31  3767
0 32  3779
0 33  3784
0 34  3790
0 35  3796
0 36  3801
0 37  3804
0 38  3810
0 39  3816
0 40  3820
0 41  3828
0 42  3832
0 43  3838
0 44  3842
0 45  3862
0 46  3867
0 47  3873
0 48  3876
0 49  3883
0 50  3886
0 51  3889
0 52  3893
0 53  3898
0 54  3903
0 55  3911
0 56  3915
0 57  3923
0 58  3929
0 59  3932
0 60  3938
0 61  3941
0 62  3949
0 63  3955
1 0  1787
1 1  40
1 2  1624
1 3  41
1 4  1263
1 5  42
1 6  1455
1 7  43
1 8  1468
1 9  44
1 10  98
1 11  1410
1 12  45
1 13  1665
1 14  46
1 15  60
1 16  1158
1 17  47
1 18  155
1 19  1148
1 20  48
1 21  212
1 22  217
1 23  49
1 24  1131
1 25  50
1 26  433
1 27  445
1 28  545
1 29  1787
1 30  51
1 31  1137
1 32  52
1 33  442
1 34  1449
1 35  53
1 36  663
1 37  54
1 38  328
1 39  421
1 40  31
1 41  55
1 42  61
1 43  399
1 44  56
1 45  1092
1 46  57
1 47  1656
1 48  58
1 49  1425
1 50  59
1 51  441
1 52  1449
1 53  46
1 54  60
1 55  260
1 56  421
1 57  32
1 58  55
1 59  61
1 60  1097
1 61  62
1 62  199
1 63  280
