size: 128
Tuples
0 0  175
0 1  180
0 2  185
0 3  187
0 4  189
0 5  191
0 6  196
0 7  198
0 8  200
0 9  202
0 10  205
0 11  208
0 12  211
0 13  214
0 14  216
0 15  219
0 16  224
0 17  226
0 18  228
0 19  233
0 20  238
0 21  243
0 22  245
0 23  248
0 24  250
0 25  252
0 26  255
0 27  258
0 28  261
0 29  265
0 30  267
0 31  270
0 32  272
0 33  274
0 34  277
0 35  282
0 36  284
0 37  289
0 38  291
0 39  293
0 40  296
0 41  298
0 42  303
0 43  305
0 44  308
0 45  310
0 46  312
0 47  314
0 48  319
0 49  324
0 50  329
0 51  331
0 52  333
0 53  338
0 54  340
0 55  342
0 56  344
0 57  349
0 58  351
0 59  356
0 60  361
0 61  363
0 62  365
0 63  370
1 0  4657
1 1  4664
1 2  4668
1 3  4671
1 4  4677
1 5  4683
1 6  4689
1 7  4695
1 8  4699
1 9  4704
1 10  4711
1 11  4719
1 12  4728
1 13  4730
1 14  4733
1 15  4740
1 16  4747
1 17  4752
1 18  4756
1 19  4764
1 20  4768
1 21  4776
1 22  4780
1 23  4795
1 24  4800
1 25  4803
1 26  4806
1 27  4812
1 28  4816
1 29  4822
1 30  4825
1 31  4828
1 32  4834
1 33  4838
1 34  4846
1 35  4848
1 36  4852
1 37  4856
1 38  4866
1 39  4873
1 40  4876
1 41  4882
1 42  4885
1 43  4891
1 44  4898
1 45  4901
1 46  4910
1 47  4915
1 48  4935
1 49  4942
1 50  4945
1 51  4951
1 52  4957
1 53  4964
1 54  4970
1 55  4976
1 56  4979
1 57  4985
1 58  4989
1 59  4993
1 60  4998
1 61  5008
1 62  5013
1 63  5017
