size: 128
Tuples
0 0  1014
0 1  1016
0 2  1018
0 3  1021
0 4  1024
0 5  1026
0 6  1028
0 7  1030
0 8  1033
0 9  1036
0 10  1038
0 11  1041
0 12  1044
0 13  1047
0 14  1050
0 15  1053
0 16  1056
0 17  1058
0 18  1063
0 19  1065
0 20  1067
0 21  1072
0 22  1077
0 23  1082
0 24  1087
0 25  1092
0 26  1097
0 27  1101
0 28  1104
0 29  1109
0 30  1114
0 31  1119
0 32  1121
0 33  1123
0 34  1127
0 35  1129
0 36  1131
0 37  1136
0 38  1138
0 39  1140
0 40  1145
0 41  1147
0 42  1149
0 43  1154
0 44  1159
0 45  1164
0 46  1169
0 47  1171
0 48  1176
0 49  1181
0 50  1186
0 51  1191
0 52  1196
0 53  1199
0 54  1204
0 55  1207
0 56  1210
0 57  1212
0 58  1214
0 59  1217
0 60  1221
0 61  1226
0 62  1231
0 63  1233
1 0  6096
1 1  6102
1 2  6108
1 3  6116
1 4  6121
1 5  6125
1 6  6133
1 7  6138
1 8  6142
1 9  6150
1 10  6153
1 11  6158
1 12  6165
1 13  6168
1 14  6172
1 15  6178
1 16  6184
1 17  6190
1 18  6194
1 19  6202
1 20  6207
1 21  6210
1 22  6213
1 23  6222
1 24  6227
1 25  6233
1 26  6239
1 27  6244
1 28  6250
1 29  6253
1 30  6256
1 31  6259
1 32  6268
1 33  6275
1 34  6278
1 35  6283
1 36  6288
1 37  6296
1 38  6302
1 39  6305
1 40  6313
1 41  6318
1 42  6325
1 43  6329
1 44  6333
1 45  6345
1 46  6350
1 47  6356
1 48  6362
1 49  6368
1 50  6371
1 51  6376
1 52  6381
1 53  6387
1 54  6397
1 55  6403
1 56  6409
1 57  6412
1 58  6416
1 59  6422
1 60  6434
1 61  6437
1 62  6442
1 63  6448
