size: 128
Tuples
0 0  2929
0 1  2932
0 2  2935
0 3  2938
0 4  2943
0 5  2947
0 6  2952
0 7  2958
0 8  2962
0 9  2967
0 10  2971
0 11  2982
0 12  2986
0 13  2992
0 14  3000
0 15  3004
0 16  3009
0 17  3015
0 18  3023
0 19  3027
0 20  3033
0 21  3039
0 22  3045
0 23  3047
0 24  3050
0 25  3058
0 26  3060
0 27  3064
0 28  3068
0 29  3071
0 30  3074
0 31  3079
0 32  3082
0 33  3085
0 34  3089
0 35  3092
0 36  3097
0 37  3104
0 38  3108
0 39  3111
0 40  3115
0 41  3124
0 42  3130
0 43  3136
0 44  3139
0 45  3142
0 46  3150
0 47  3153
0 48  3158
0 49  3164
0 50  3170
0 51  3176
0 52  3191
0 53  3196
0 54  3202
0 55  3210
0 56  3213
0 57  3216
0 58  3225
0 59  3229
0 60  3235
0 61  3241
0 62  3246
0 63  3253
1 0  9700
1 1  9706
1 2  9712
1 3  9717
1 4  9724
1 5  9729
1 6  9732
1 7  9738
1 8  9744
1 9  9750
1 10  9757
1 11  9761
1 12  9767
1 13  9773
1 14  9779
1 15  9785
1 16  9789
1 17  9797
1 18  9812
1 19  9824
1 20  9825
1 21  11157
1 22  1
1 23  347
1 24  1409
1 25  2
1 26  697
1 27  3
1 28  354
1 29  1409
1 30  4
1 31  667
1 32  5
1 33  1377
1 34  6
1 35  700
1 36  7
1 37  23
1 38  1018
1 39  8
1 40  1045
1 41  9
1 42  134
1 43  389
1 44  10
1 45  181
1 46  1410
1 47  11
1 48  1222
1 49  12
1 50  336
1 51  716
1 52  13
1 53  21
1 54  1005
1 55  14
1 56  1467
1 57  15
1 58  161
1 59  1777
1 60  16
1 61  244
1 62  852
1 63  17
