size: 128
Tuples
0 0  3961
0 1  3968
0 2  3973
0 3  3977
0 4  3980
0 5  3984
0 6  3987
0 7  3990
0 8  3995
0 9  4002
0 10  4005
0 11  4012
0 12  4015
0 13  4020
0 14  4027
0 15  4033
0 16  4039
0 17  4043
0 18  4048
0 19  4055
0 20  4063
0 21  4069
0 22  4075
0 23  4078
0 24  4081
0 25  4084
0 26  4090
0 27  4094
0 28  4098
0 29  4105
0 30  4109
0 31  4114
0 32  4117
0 33  4120
0 34  4126
0 35  4134
0 36  4139
0 37  4144
0 38  4148
0 39  4162
0 40  4182
0 41  4185
0 42  4188
0 43  4191
0 44  4198
0 45  4206
0 46  4212
0 47  4215
0 48  4220
0 49  4228
0 50  4234
0 51  4237
0 52  4243
0 53  4249
0 54  4257
0 55  4262
0 56  4270
0 57  4275
0 58  4285
0 59  4293
0 60  4299
0 61  4307
0 62  4313
0 63  4316
1 0  63
1 1  1178
1 2  64
1 3  1520
1 4  65
1 5  140
1 6  141
1 7  982
1 8  1553
1 9  66
1 10  140
1 11  141
1 12  982
1 13  1553
1 14  67
1 15  1048
1 16  68
1 17  1020
1 18  69
1 19  1802
1 20  70
1 21  147
1 22  148
1 23  1180
1 24  1181
1 25  71
1 26  971
1 27  72
1 28  693
1 29  73
1 30  1228
1 31  74
1 32  313
1 33  1376
1 34  34
1 35  75
1 36  1376
1 37  76
1 38  77
1 39  1327
1 40  76
1 41  77
1 42  135
1 43  78
1 44  1646
1 45  79
1 46  312
1 47  1376
1 48  80
1 49  153
1 50  159
1 51  1677
1 52  1678
1 53  81
1 54  1762
1 55  82
1 56  559
1 57  83
1 58  165
1 59  424
1 60  1369
1 61  1370
1 62  84
1 63  341
