size: 185
Tuples
0 0  1
0 1  4
0 2  6
0 3  9
0 4  11
0 5  13
0 6  15
0 7  18
0 8  20
0 9  23
0 10  26
0 11  28
0 12  31
0 13  34
0 14  36
0 15  39
0 16  42
0 17  45
0 18  48
0 19  51
0 20  53
0 21  57
0 22  59
0 23  62
0 24  67
0 25  70
0 26  73
0 27  75
0 28  77
0 29  79
0 30  82
0 31  85
0 32  88
0 33  90
0 34  93
0 35  95
0 36  98
0 37  101
0 38  103
0 39  108
0 40  110
0 41  112
0 42  114
0 43  116
0 44  119
0 45  121
0 46  124
0 47  127
0 48  130
0 49  132
0 50  137
0 51  139
0 52  142
0 53  144
0 54  147
0 55  151
0 56  153
0 57  155
0 58  157
0 59  160
0 60  164
0 61  168
0 62  171
0 63  173
1 0  4322
1 1  4327
1 2  4331
1 3  4339
1 4  4342
1 5  4347
1 6  4353
1 7  4358
1 8  4365
1 9  4371
1 10  4374
1 11  4377
1 12  4383
1 13  4389
1 14  4393
1 15  4396
1 16  4399
1 17  4405
1 18  4410
1 19  4413
1 20  4416
1 21  4421
1 22  4429
1 23  4432
1 24  4437
1 25  4445
1 26  4448
1 27  4454
1 28  4460
1 29  4464
1 30  4470
1 31  4472
1 32  4476
1 33  4496
1 34  4498
1 35  4503
1 36  4506
1 37  4511
1 38  4516
1 39  4521
1 40  4528
1 41  4531
1 42  4537
1 43  4543
1 44  4549
1 45  4554
1 46  4559
1 47  4565
1 48  4571
1 49  4574
1 50  4579
1 51  4582
1 52  4588
1 53  4594
1 54  4600
1 55  4606
1 56  4614
1 57  4616
1 58  4622
1 59  4625
1 60  4633
1 61  4639
1 62  4645
1 63  4652
2 0  403
2 1  1687
2 2  1787
2 3  85
2 4  341
2 5  403
2 6  1687
2 7  1787
2 8  86
2 9  1403
2 10  87
2 11  171
2 12  1398
2 13  88
2 14  909
2 15  89
2 16  913
2 17  90
2 18  91
2 19  1323
2 20  90
2 21  91
2 22  179
2 23  92
2 24  93
2 25  1323
2 26  92
2 27  93
2 28  179
2 29  317
2 30  94
2 31  1737
2 32  95
2 33  181
2 34  440
2 35  96
2 36  1322
2 37  97
2 38  1298
2 39  44
2 40  98
2 41  180
2 42  99
2 43  191
2 44  192
2 45  1182
2 46  1183
2 47  100
2 48  1720
2 49  101
2 50  366
2 51  386
2 52  1387
2 53  1787
2 54  0
2 55  0
2 56  0
