size: 128
Tuples
0 0  1985
0 1  1991
0 2  1996
0 3  2002
0 4  2005
0 5  2007
0 6  2011
0 7  2014
0 8  2019
0 9  2025
0 10  2031
0 11  2037
0 12  2042
0 13  2048
0 14  2053
0 15  2058
0 16  2065
0 17  2071
0 18  2075
0 19  2079
0 20  2085
0 21  2089
0 22  2091
0 23  2099
0 24  2101
0 25  2104
0 26  2108
0 27  2111
0 28  2117
0 29  2120
0 30  2126
0 31  2130
0 32  2133
0 33  2137
0 34  2142
0 35  2146
0 36  2152
0 37  2156
0 38  2160
0 39  2167
0 40  2170
0 41  2174
0 42  2176
0 43  2180
0 44  2182
0 45  2186
0 46  2189
0 47  2195
0 48  2200
0 49  2203
0 50  2211
0 51  2215
0 52  2218
0 53  2223
0 54  2226
0 55  2232
0 56  2237
0 57  2242
0 58  2245
0 59  2247
0 60  2253
0 61  2255
0 62  2259
0 63  2263
1 0  7695
1 1  7700
1 2  7705
1 3  7713
1 4  7720
1 5  7724
1 6  7729
1 7  7737
1 8  7743
1 9  7747
1 10  7750
1 11  7758
1 12  7766
1 13  7769
1 14  7772
1 15  7778
1 16  7784
1 17  7790
1 18  7796
1 19  7799
1 20  7806
1 21  7809
1 22  7813
1 23  7816
1 24  7823
1 25  7826
1 26  7831
1 27  7839
1 28  7842
1 29  7908
1 30  7915
1 31  7933
1 32  7936
1 33  7941
1 34  7949
1 35  7952
1 36  7956
1 37  7971
1 38  7974
1 39  7982
1 40  7997
1 41  8015
1 42  8023
1 43  8027
1 44  8035
1 45  8039
1 46  8046
1 47  8054
1 48  8057
1 49  8061
1 50  8068
1 51  8071
1 52  8079
1 53  8086
1 54  8091
1 55  8097
1 56  8103
1 57  8112
1 58  8115
1 59  8121
1 60  8127
1 61  8131
1 62  8134
1 63  8141
