size: 128
Tuples
0 0  2266
0 1  2282
0 2  2286
0 3  2289
0 4  2295
0 5  2301
0 6  2311
0 7  2317
0 8  2321
0 9  2326
0 10  2332
0 11  2338
0 12  2343
0 13  2346
0 14  2350
0 15  2353
0 16  2359
0 17  2365
0 18  2371
0 19  2379
0 20  2383
0 21  2404
0 22  2407
0 23  2412
0 24  2418
0 25  2423
0 26  2426
0 27  2433
0 28  2436
0 29  2440
0 30  2444
0 31  2447
0 32  2452
0 33  2459
0 34  2464
0 35  2469
0 36  2472
0 37  2482
0 38  2487
0 39  2492
0 40  2499
0 41  2502
0 42  2508
0 43  2512
0 44  2514
0 45  2517
0 46  2522
0 47  2529
0 48  2532
0 49  2536
0 50  2545
0 51  2549
0 52  2554
0 53  2559
0 54  2564
0 55  2567
0 56  2571
0 57  2576
0 58  2579
0 59  2582
0 60  2587
0 61  2591
0 62  2594
0 63  2600
1 0  8148
1 1  8154
1 2  8160
1 3  8163
1 4  8169
1 5  8175
1 6  8190
1 7  8195
1 8  8202
1 9  8206
1 10  8213
1 11  8216
1 12  8220
1 13  8226
1 14  8232
1 15  8238
1 16  8240
1 17  8246
1 18  8267
1 19  8273
1 20  8279
1 21  8282
1 22  8288
1 23  8292
1 24  8297
1 25  8299
1 26  8304
1 27  8310
1 28  8315
1 29  8322
1 30  8328
1 31  8394
1 32  8397
1 33  8406
1 34  8410
1 35  8415
1 36  8421
1 37  8432
1 38  8438
1 39  8446
1 40  8449
1 41  8453
1 42  8465
1 43  8468
1 44  8476
1 45  8481
1 46  8487
1 47  8490
1 48  8495
1 49  8501
1 50  8506
1 51  8513
1 52  8518
1 53  8525
1 54  8531
1 55  8536
1 56  8543
1 57  8546
1 58  8558
1 59  8564
1 60  8570
1 61  8575
1 62  8582
1 63  8585
