size: 128
Tuples
0 0  1697
0 1  1699
0 2  1705
0 3  1711
0 4  1715
0 5  1721
0 6  1729
0 7  1733
0 8  1739
0 9  1744
0 10  1746
0 11  1749
0 12  1755
0 13  1760
0 14  1766
0 15  1769
0 16  1775
0 17  1778
0 18  1781
0 19  1783
0 20  1786
0 21  1789
0 22  1792
0 23  1796
0 24  1798
0 25  1801
0 26  1805
0 27  1811
0 28  1817
0 29  1819
0 30  1822
0 31  1827
0 32  1831
0 33  1835
0 34  1839
0 35  1843
0 36  1849
0 37  1855
0 38  1861
0 39  1866
0 40  1871
0 41  1877
0 42  1883
0 43  1889
0 44  1895
0 45  1898
0 46  1902
0 47  1909
0 48  1915
0 49  1921
0 50  1924
0 51  1927
0 52  1932
0 53  1936
0 54  1941
0 55  1947
0 56  1953
0 57  1956
0 58  1959
0 59  1965
0 60  1972
0 61  1975
0 62  1978
0 63  1983
1 0  7293
1 1  7298
1 2  7302
1 3  7310
1 4  7315
1 5  7322
1 6  7330
1 7  7335
1 8  7339
1 9  7342
1 10  7350
1 11  7355
1 12  7359
1 13  7380
1 14  7383
1 15  7387
1 16  7393
1 17  7399
1 18  7404
1 19  7410
1 20  7413
1 21  7418
1 22  7421
1 23  7427
1 24  7430
1 25  7436
1 26  7441
1 27  7455
1 28  7458
1 29  7461
1 30  7467
1 31  7473
1 32  7476
1 33  7488
1 34  7495
1 35  7498
1 36  7501
1 37  7507
1 38  7513
1 39  7518
1 40  7525
1 41  7531
1 42  7538
1 43  7542
1 44  7557
1 45  7562
1 46  7581
1 47  7587
1 48  7593
1 49  7597
1 50  7607
1 51  7612
1 52  7619
1 53  7624
1 54  7626
1 55  7633
1 56  7638
1 57  7652
1 58  7655
1 59  7661
1 60  7667
1 61  7670
1 62  7672
1 63  7676
