size: 128
Tuples
0 0  2606
0 1  2609
0 2  2613
0 3  2616
0 4  2619
0 5  2622
0 6  2625
0 7  2630
0 8  2648
0 9  2654
0 10  2660
0 11  2663
0 12  2668
0 13  2670
0 14  2674
0 15  2677
0 16  2681
0 17  2684
0 18  2690
0 19  2702
0 20  2708
0 21  2712
0 22  2714
0 23  2722
0 24  2737
0 25  2740
0 26  2743
0 27  2746
0 28  2755
0 29  2761
0 30  2767
0 31  2771
0 32  2777
0 33  2783
0 34  2789
0 35  2794
0 36  2796
0 37  2800
0 38  2803
0 39  2806
0 40  2809
0 41  2812
0 42  2817
0 43  2820
0 44  2825
0 45  2829
0 46  2833
0 47  2839
0 48  2842
0 49  2854
0 50  2858
0 51  2864
0 52  2870
0 53  2872
0 54  2876
0 55  2882
0 56  2887
0 57  2893
0 58  2896
0 59  2902
0 60  2908
0 61  2914
0 62  2919
0 63  2926
1 0  8587
1 1  8621
1 2  8626
1 3  8633
1 4  8636
1 5  8642
1 6  8668
1 7  8673
1 8  8681
1 9  8688
1 10  8692
1 11  8700
1 12  8706
1 13  8710
1 14  8718
1 15  8726
1 16  8729
1 17  8733
1 18  8915
1 19  8918
1 20  8926
1 21  8941
1 22  8959
1 23  8962
1 24  8970
1 25  8975
1 26  8980
1 27  8988
1 28  8992
1 29  8998
1 30  9003
1 31  9006
1 32  9014
1 33  9018
1 34  9025
1 35  9031
1 36  9035
1 37  9053
1 38  9056
1 39  9075
1 40  9080
1 41  9209
1 42  9215
1 43  9218
1 44  9224
1 45  9232
1 46  9241
1 47  9252
1 48  9258
1 49  9265
1 50  9271
1 51  9275
1 52  9282
1 53  9287
1 54  9293
1 55  9298
1 56  9305
1 57  9311
1 58  9317
1 59  9671
1 60  9676
1 61  9690
1 62  9693
1 63  9698
