size: 128
Tuples
0 0  1235
0 1  1237
0 2  1242
0 3  1247
0 4  1249
0 5  1252
0 6  1256
0 7  1259
0 8  1261
0 9  1264
0 10  1266
0 11  1268
0 12  1271
0 13  1275
0 14  1278
0 15  1281
0 16  1284
0 17  1289
0 18  1294
0 19  1299
0 20  1304
0 21  1309
0 22  1314
0 23  1319
0 24  1321
0 25  1323
0 26  1325
0 27  1327
0 28  1329
0 29  1331
0 30  1333
0 31  1338
0 32  1340
0 33  1344
0 34  1347
0 35  1352
0 36  1355
0 37  1359
0 38  1361
0 39  1366
0 40  1371
0 41  1376
0 42  1381
0 43  1383
0 44  1385
0 45  1387
0 46  1389
0 47  1391
0 48  1393
0 49  1398
0 50  1400
0 51  1405
0 52  1410
0 53  1412
0 54  1417
0 55  1422
0 56  1425
0 57  1429
0 58  1433
0 59  1436
0 60  1441
0 61  1446
0 62  1451
0 63  1456
1 0  6454
1 1  6462
1 2  6471
1 3  6474
1 4  6478
1 5  6485
1 6  6492
1 7  6500
1 8  6504
1 9  6510
1 10  6518
1 11  6522
1 12  6525
1 13  6528
1 14  6533
1 15  6536
1 16  6539
1 17  6546
1 18  6552
1 19  6558
1 20  6564
1 21  6566
1 22  6569
1 23  6574
1 24  6580
1 25  6585
1 26  6591
1 27  6598
1 28  6605
1 29  6608
1 30  6615
1 31  6620
1 32  6635
1 33  6639
1 34  6643
1 35  6651
1 36  6668
1 37  6673
1 38  6678
1 39  6681
1 40  6684
1 41  6693
1 42  6700
1 43  6705
1 44  6708
1 45  6714
1 46  6716
1 47  6723
1 48  6730
1 49  6735
1 50  6738
1 51  6758
1 52  6763
1 53  6770
1 54  6776
1 55  6783
1 56  6787
1 57  6804
1 58  6811
1 59  6818
1 60  6825
1 61  6828
1 62  6831
1 63  6834
