size: 128
Tuples
0 0  3256
0 1  3261
0 2  3264
0 3  3270
0 4  3274
0 5  3282
0 6  3299
0 7  3303
0 8  3320
0 9  3324
0 10  3328
0 11  3335
0 12  3338
0 13  3341
0 14  3346
0 15  3353
0 16  3357
0 17  3362
0 18  3368
0 19  3371
0 20  3379
0 21  3382
0 22  3388
0 23  3392
0 24  3400
0 25  3405
0 26  3412
0 27  3419
0 28  3424
0 29  3436
0 30  3441
0 31  3446
0 32  3453
0 33  3460
0 34  3463
0 35  3468
0 36  3471
0 37  3475
0 38  3478
0 39  3481
0 40  3486
0 41  3492
0 42  3499
0 43  3505
0 44  3510
0 45  3513
0 46  3519
0 47  3522
0 48  3525
0 49  3539
0 50  3543
0 51  3547
0 52  3560
0 53  3563
0 54  3565
0 55  3570
0 56  3574
0 57  3579
0 58  3582
0 59  3590
0 60  3594
0 61  3602
0 62  3605
0 63  3611
1 0  237
1 1  852
1 2  18
1 3  283
1 4  1703
1 5  19
1 6  286
1 7  1703
1 8  20
1 9  831
1 10  13
1 11  21
1 12  205
1 13  739
1 14  22
1 15  865
1 16  7
1 17  23
1 18  468
1 19  24
1 20  294
1 21  357
1 22  925
1 23  1787
1 24  25
1 25  234
1 26  859
1 27  26
1 28  135
1 29  1327
1 30  27
1 31  1604
1 32  28
1 33  1653
1 34  29
1 35  1127
1 36  30
1 37  170
1 38  1398
1 39  31
1 40  55
1 41  823
1 42  32
1 43  61
1 44  823
1 45  33
1 46  584
1 47  34
1 48  75
1 49  313
1 50  35
1 51  1541
1 52  36
1 53  303
1 54  995
1 55  37
1 56  184
1 57  1725
1 58  38
1 59  843
1 60  39
1 61  368
1 62  374
1 63  689
