size: 128
Tuples
0 0  796
0 1  801
0 2  806
0 3  809
0 4  812
0 5  815
0 6  818
0 7  821
0 8  824
0 9  827
0 10  830
0 11  833
0 12  836
0 13  841
0 14  846
0 15  851
0 16  853
0 17  856
0 18  858
0 19  861
0 20  864
0 21  867
0 22  869
0 23  872
0 24  876
0 25  879
0 26  884
0 27  888
0 28  891
0 29  894
0 30  898
0 31  900
0 32  902
0 33  904
0 34  907
0 35  909
0 36  912
0 37  915
0 38  920
0 39  925
0 40  927
0 41  930
0 42  933
0 43  935
0 44  937
0 45  942
0 46  944
0 47  948
0 48  953
0 49  958
0 50  963
0 51  965
0 52  970
0 53  975
0 54  980
0 55  985
0 56  989
0 57  993
0 58  995
0 59  1000
0 60  1002
0 61  1005
0 62  1008
0 63  1011
1 0  5701
1 1  5705
1 2  5714
1 3  5718
1 4  5729
1 5  5735
1 6  5741
1 7  5747
1 8  5750
1 9  5753
1 10  5759
1 11  5765
1 12  5768
1 13  5773
1 14  5780
1 15  5783
1 16  5789
1 17  5792
1 18  5799
1 19  5802
1 20  5806
1 21  5821
1 22  5827
1 23  5833
1 24  5837
1 25  5845
1 26  5848
1 27  5856
1 28  5860
1 29  5863
1 30  5866
1 31  5872
1 32  5875
1 33  5882
1 34  5885
1 35  5893
1 36  5899
1 37  5905
1 38  5909
1 39  5917
1 40  5934
1 41  5940
1 42  5946
1 43  5955
1 44  5958
1 45  5965
1 46  5968
1 47  5977
1 48  5983
1 49  6004
1 50  6007
1 51  6016
1 52  6021
1 53  6027
1 54  6034
1 55  6041
1 56  6045
1 57  6060
1 58  6063
1 59  6066
1 60  6074
1 61  6079
1 62  6084
1 63  6090
