size: 128
Tuples
0 0  372
0 1  377
0 2  379
0 3  382
0 4  384
0 5  386
0 6  390
0 7  394
0 8  397
0 9  402
0 10  407
0 11  409
0 12  414
0 13  419
0 14  421
0 15  423
0 16  425
0 17  430
0 18  435
0 19  440
0 20  445
0 21  447
0 22  449
0 23  451
0 24  454
0 25  459
0 26  461
0 27  464
0 28  466
0 29  468
0 30  471
0 31  476
0 32  479
0 33  483
0 34  488
0 35  493
0 36  495
0 37  500
0 38  503
0 39  506
0 40  510
0 41  513
0 42  517
0 43  520
0 44  523
0 45  525
0 46  527
0 47  531
0 48  533
0 49  535
0 50  537
0 51  541
0 52  545
0 53  549
0 54  553
0 55  556
0 56  559
0 57  562
0 58  566
0 59  569
0 60  571
0 61  576
0 62  581
0 63  586
1 0  5023
1 1  5027
1 2  5033
1 3  5036
1 4  5039
1 5  5042
1 6  5054
1 7  5057
1 8  5063
1 9  5069
1 10  5077
1 11  5094
1 12  5099
1 13  5103
1 14  5111
1 15  5114
1 16  5117
1 17  5125
1 18  5129
1 19  5146
1 20  5150
1 21  5162
1 22  5165
1 23  5168
1 24  5171
1 25  5174
1 26  5181
1 27  5184
1 28  5190
1 29  5196
1 30  5202
1 31  5208
1 32  5214
1 33  5217
1 34  5223
1 35  5229
1 36  5235
1 37  5238
1 38  5244
1 39  5250
1 40  5269
1 41  5272
1 42  5280
1 43  5287
1 44  5290
1 45  5296
1 46  5301
1 47  5303
1 48  5306
1 49  5311
1 50  5317
1 51  5323
1 52  5329
1 53  5334
1 54  5342
1 55  5348
1 56  5353
1 57  5359
1 58  5362
1 59  5365
1 60  5370
1 61  5373
1 62  5376
1 63  5382
