size: 128
Tuples
0 0  1458
0 1  1463
0 2  1468
0 3  1473
0 4  1475
0 5  1477
0 6  1479
0 7  1484
0 8  1489
0 9  1492
0 10  1497
0 11  1502
0 12  1507
0 13  1512
0 14  1517
0 15  1520
0 16  1524
0 17  1527
0 18  1532
0 19  1535
0 20  1539
0 21  1541
0 22  1543
0 23  1544
0 24  1545
0 25  1546
0 26  1547
0 27  1548
0 28  1549
0 29  1550
0 30  1551
0 31  1556
0 32  1560
0 33  1564
0 34  1568
0 35  1571
0 36  1573
0 37  1576
0 38  1578
0 39  1582
0 40  1588
0 41  1594
0 42  1599
0 43  1603
0 44  1609
0 45  1612
0 46  1615
0 47  1618
0 48  1622
0 49  1624
0 50  1628
0 51  1630
0 52  1638
0 53  1642
0 54  1647
0 55  1652
0 56  1658
0 57  1664
0 58  1670
0 59  1673
0 60  1677
0 61  1681
0 62  1687
0 63  1691
1 0  6841
1 1  6844
1 2  6849
1 3  6856
1 4  6859
1 5  6865
1 6  6879
1 7  6884
1 8  6889
1 9  6891
1 10  6896
1 11  6902
1 12  6908
1 13  6911
1 14  6916
1 15  6922
1 16  6926
1 17  6935
1 18  6940
1 19  6943
1 20  6949
1 21  6956
1 22  6960
1 23  6963
1 24  6969
1 25  6975
1 26  6981
1 27  6985
1 28  6988
1 29  6994
1 30  7002
1 31  7010
1 32  7018
1 33  7030
1 34  7044
1 35  7047
1 36  7055
1 37  7063
1 38  7078
1 39  7086
1 40  7090
1 41  7096
1 42  7100
1 43  7107
1 44  7115
1 45  7119
1 46  7126
1 47  7131
1 48  7138
1 49  7141
1 50  7147
1 51  7150
1 52  7155
1 53  7161
1 54  7167
1 55  7175
1 56  7190
1 57  7209
1 58  7215
1 59  7221
1 60  7223
1 61  7256
1 62  7261
1 63  7267
