0 0 0 0 0 0 0 0 0 0 0 0 0 0 0 0 0 0 0 0 0 0 0 0 0 0 0 0 0 0 0 0 0 0 0 0 0 0 0 0 -46 0 0 0 0 0 -97 0 0 0 0 0 41 0 0 0 0 0 0 0 0 0 0 0
0 0 0 0 0 0 0 0 0 0 0 0 0 0 0 0 0 0 0 0 0 0 0 0 0 0 0 0 0 0 0 0 0 0 0 0 0 0 0 0 0 -66 0 0 0 0 0 -35 0 0 0 0 0 0 0 0 0 0 0 0 0 0 0 0
0 0 0 0 0 0 0 0 0 0 0 0 0 0 0 0 0 0 0 0 0 0 0 0 0 0 0 0 0 0 0 0 0 0 0 0 -37 -34 -38 80 60 -53 -66 5 76 36 -88 30 -35 -94 -21 63 83 18 0 0 0 0 0 0 0 0 0 0
0 0 0 0 0 0 0 0 0 0 0 0 0 0 0 0 0 0 0 0 0 0 0 0 0 0 0 0 0 0 0 0 0 0 0 0 0 -37 0 -38 0 60 0 -66 0 76 0 -88 0 -35 0 -21 0 83 0 0 0 0 0 0 0 0 0 0
0 0 0 0 0 0 0 0 0 0 0 0 0 0 0 0 0 0 0 0 0 0 0 0 0 0 0 0 0 0 0 0 0 0 0 0 0 0 0 0 0 -37 0 0 0 0 0 -66 0 0 0 0 0 -35 0 0 0 0 0 0 0 0 0 0
0 0 0 0 0 0 0 0 0 0 0 0 0 0 0 0 0 0 0 0 0 0 0 0 0 0 0 0 0 0 0 0 0 0 0 0 80 0 -53 0 0 0 36 0 30 0 0 0 63 0 18 0 0 0 0 0 0 0 0 0 0 0 0 0
0 0 0 0 0 0 0 0 0 0 0 0 0 0 0 0 0 0 0 0 0 0 0 0 0 0 0 0 0 0 0 0 0 0 0 0 0 0 0 0 -66 5 0 0 0 0 -35 -94 0 0 0 0 0 0 0 0 0 0 0 0 0 0 0 0
0 0 0 0 0 0 0 0 0 0 0 0 0 0 0 0 0 0 0 0 0 0 0 0 0 0 0 0 0 0 0 0 0 0 0 0 0 76 0 -88 0 0 0 -21 0 83 0 0 0 0 0 0 0 0 0 0 0 0 0 0 0 0 0 0
0 -38 0 80 0 60 0 -53 0 0 0 0 0 76 0 36 0 -88 0 30 0 0 0 0 0 -21 0 63 0 83 0 18 0 0 0 0 11 -1 -22 -16 0 0 66 -90 -29 93 0 0 68 -29 48 -40 0 0 0 0 0 0 0 0 0 0 0 0
0 0 0 0 0 0 0 0 0 0 0 0 0 0 0 0 0 0 0 0 0 0 0 0 0 0 0 0 0 0 0 0 0 0 0 0 -38 80 60 -53 0 0 76 36 -88 30 0 0 -21 63 83 18 0 0 0 0 0 0 0 0 0 0 0 0
0 0 11 0 0 0 -22 0 0 0 0 0 0 0 66 0 0 0 -29 0 0 0 0 0 0 0 68 0 0 0 48 0 0 0 0 0 0 0 0 0 0 0 0 0 0 0 0 0 0 0 0 0 0 0 -38 80 -1 60 -53 -16 0 0 0 76
0 0 -38 11 0 0 60 -22 0 0 0 0 0 0 76 66 0 0 -88 -29 0 0 0 0 0 0 -21 68 0 0 83 48 0 0 0 0 0 0 0 0 0 0 0 0 0 0 0 0 0 0 0 0 0 0 0 0 80 0 0 -53 0 0 0 0
0 0 0 -38 0 0 0 60 0 0 0 0 0 0 0 76 0 0 0 -88 0 0 0 0 0 0 0 -21 0 0 0 83 0 0 0 0 0 11 0 -22 0 0 0 66 0 -29 0 0 0 68 0 48 0 0 0 0 0 0 0 0 0 0 0 0
0 0 0 0 0 0 0 0 0 0 0 0 0 0 0 0 0 0 0 0 0 0 0 0 0 0 0 0 0 0 0 0 0 0 0 0 0 -38 0 60 0 0 0 76 0 -88 0 0 0 -21 0 83 0 0 0 0 0 0 0 0 0 0 0 0
-28 0 0 0 -1 0 0 0 -16 0 0 0 -35 0 0 0 -90 0 0 0 93 0 0 0 -41 0 0 0 -29 0 0 0 -40 0 0 0 0 0 0 0 0 0 0 0 0 0 0 0 0 0 0 0 0 0 0 0 0 0 0 0 0 0 0 0
-34 -28 0 0 80 -1 0 0 -53 -16 0 0 5 -35 0 0 36 -90 0 0 30 93 0 0 -94 -41 0 0 63 -29 0 0 18 -40 0 0 0 0 0 0 0 0 0 0 0 0 0 0 0 0 0 0 0 0 0 0 0 0 0 0 0 0 0 0
0 -34 0 0 0 80 0 0 0 -53 0 0 0 5 0 0 0 36 0 0 0 30 0 0 0 -94 0 0 0 63 0 0 0 18 0 0 -28 0 -1 0 -16 0 -35 0 -90 0 93 0 -41 0 -29 0 -40 0 0 0 0 0 0 0 0 0 0 0
0 0 0 0 0 0 0 0 0 0 0 0 0 0 0 0 0 0 0 0 0 0 0 0 0 0 0 0 0 0 0 0 0 0 0 0 -34 0 80 0 -53 0 5 0 36 0 30 0 -94 0 63 0 18 0 0 0 0 0 0 0 0 0 0 0
-82 0 -28 0 11 0 -1 0 -22 0 -16 0 54 0 -35 0 66 0 -90 0 -29 0 93 0 -98 0 -41 0 68 0 -29 0 48 0 -40 0 0 0 0 0 0 0 0 0 0 0 0 0 0 0 0 0 0 0 -34 0 0 80 0 0 -53 0 0 5
0 0 -82 0 0 0 11 0 0 0 -22 0 0 0 54 0 0 0 66 0 0 0 -29 0 0 0 -98 0 0 0 68 0 0 0 48 0 0 0 0 0 0 0 0 0 0 0 0 0 0 0 0 0 0 0 -37 -34 -28 -38 80 -1 60 -53 -16 -66
0 0 0 0 -28 0 0 0 -1 0 0 0 0 0 0 0 -35 0 0 0 -90 0 0 0 0 0 0 0 -41 0 0 0 -29 0 0 0 0 0 0 0 0 0 0 0 0 0 0 0 0 0 0 0 0 0 0 0 0 0 0 0 0 0 0 0
0 0 0 0 -34 -28 0 0 80 -1 0 0 0 0 0 0 5 -35 0 0 36 -90 0 0 0 0 0 0 -94 -41 0 0 63 -29 0 0 0 0 0 0 0 0 0 0 0 0 0 0 0 0 0 0 0 0 0 0 0 0 0 0 0 0 0 0
0 0 0 0 0 -34 0 0 0 80 0 0 0 0 0 0 0 5 0 0 0 36 0 0 0 0 0 0 0 -94 0 0 0 63 0 0 0 0 -28 0 -1 0 0 0 -35 0 -90 0 0 0 -41 0 -29 0 0 0 0 0 0 0 0 0 0 0
0 0 0 0 0 0 0 0 0 0 0 0 0 0 0 0 0 0 0 0 0 0 0 0 0 0 0 0 0 0 0 0 0 0 0 0 0 0 -34 0 80 0 0 0 5 0 36 0 0 0 -94 0 63 0 0 0 0 0 0 0 0 0 0 0
0 0 0 0 -82 0 -28 0 11 0 -1 0 0 0 0 0 54 0 -35 0 66 0 -90 0 0 0 0 0 -98 0 -41 0 68 0 -29 0 0 0 0 0 0 0 0 0 0 0 0 0 0 0 0 0 0 0 0 0 0 -34 0 0 80 0 0 0
0 0 0 0 0 0 -82 0 0 0 11 0 0 0 0 0 0 0 54 0 0 0 66 0 0 0 0 0 0 0 -98 0 0 0 68 0 0 0 0 0 0 0 0 0 0 0 0 0 0 0 0 0 0 0 0 0 0 -37 -34 -28 -38 80 -1 0
0 0 0 0 0 0 0 0 -28 0 0 0 0 0 0 0 0 0 0 0 -35 0 0 0 0 0 0 0 0 0 0 0 -41 0 0 0 0 0 0 0 0 0 0 0 0 0 0 0 0 0 0 0 0 0 0 0 0 0 0 0 0 0 0 0
0 0 0 0 0 0 0 0 -34 -28 0 0 0 0 0 0 0 0 0 0 5 -35 0 0 0 0 0 0 0 0 0 0 -94 -41 0 0 0 0 0 0 0 0 0 0 0 0 0 0 0 0 0 0 0 0 0 0 0 0 0 0 0 0 0 0
0 0 0 0 0 0 0 0 0 0 -66 54 0 0 0 0 0 0 0 0 0 0 -35 -98 0 0 0 0 0 0 0 0 0 0 0 0 0 0 0 0 0 0 0 0 0 0 0 0 0 0 0 0 0 0 0 0 0 0 0 0 0 0 5 0
0 0 0 0 0 0 0 0 0 0 0 0 0 0 0 0 0 0 0 0 0 0 0 0 0 0 0 0 0 0 0 0 0 0 0 0 0 0 0 0 -34 0 0 0 0 0 5 0 0 0 0 0 -94 0 0 0 0 0 0 0 0 0 0 0
0 0 0 0 0 0 0 0 0 0 0 -66 0 0 0 0 0 0 0 0 0 0 0 -35 0 0 0 0 0 0 0 0 0 0 0 0 0 0 0 0 0 54 0 0 0 0 0 -98 0 0 0 0 0 0 0 0 0 0 0 0 0 0 0 0
0 0 0 0 0 0 0 0 0 -66 0 5 0 0 0 0 0 0 0 0 0 -35 0 -94 0 0 0 0 0 0 0 0 0 0 0 0 0 0 0 0 54 -35 0 0 0 0 -98 -41 0 0 0 0 0 0 0 0 0 0 0 0 0 0 0 0
62 -27 -54 81 40 67 -70 -61 -80 21 -89 39 -40 -90 41 10 56 -82 41 -17 40 -63 -58 -18 -63 -87 -65 -3 -89 -66 -27 -11 -70 -85 11 99 0 0 0 0 0 0 0 0 0 0 0 0 0 0 0 0 0 0 0 0 0 0 0 0 0 0 0 0
0 62 0 -54 0 40 0 -70 0 -80 0 -89 0 -40 0 41 0 56 0 41 0 40 0 -58 0 -63 0 -65 0 -89 0 -27 0 -70 0 11 -27 81 67 -61 21 39 -90 10 -82 -17 -63 -18 -87 -3 -66 -11 -85 99 0 0 0 0 0 0 0 0 0 0
0 0 0 0 0 0 0 0 0 0 0 0 0 0 0 0 0 0 0 0 0 0 0 0 0 0 0 0 0 0 0 0 0 0 0 0 62 -54 40 -70 -80 -89 -40 41 56 41 40 -58 -63 -65 -89 -27 -70 11 0 0 0 0 0 0 0 0 0 0
0 0 62 -27 0 0 40 67 0 0 -80 21 0 0 -40 -90 0 0 56 -82 0 0 40 -63 0 0 -63 -87 0 0 -89 -66 0 0 -70 -85 0 0 0 0 0 0 0 0 0 0 0 0 0 0 0 0 0 0 0 0 -54 0 0 -70 0 0 -89 0
0 0 0 62 0 0 0 40 0 0 0 -80 0 0 0 -40 0 0 0 56 0 0 0 40 0 0 0 -63 0 0 0 -89 0 0 0 -70 0 -27 0 67 0 21 0 -90 0 -82 0 -63 0 -87 0 -66 0 -85 0 0 0 0 0 0 0 0 0 0
0 0 0 0 0 0 0 0 0 0 0 0 0 0 0 0 0 0 0 0 0 0 0 0 0 0 0 0 0 0 0 0 0 0 0 0 0 62 0 40 0 -80 0 -40 0 56 0 40 0 -63 0 -89 0 -70 0 0 0 0 0 0 0 0 0 0
0 0 0 0 62 -27 -54 81 40 67 -70 -61 0 0 0 0 -40 -90 41 10 56 -82 41 -17 0 0 0 0 -63 -87 -65 -3 -89 -66 -27 -11 0 0 0 0 0 0 0 0 0 0 0 0 0 0 0 0 0 0 0 0 0 0 0 0 0 0 0 0
0 0 0 0 0 62 0 -54 0 40 0 -70 0 0 0 0 0 -40 0 41 0 56 0 41 0 0 0 0 0 -63 0 -65 0 -89 0 -27 0 0 -27 81 67 -61 0 0 -90 10 -82 -17 0 0 -87 -3 -66 -11 0 0 0 0 0 0 0 0 0 0
0 0 0 0 0 0 0 0 0 0 0 0 0 0 0 0 0 0 0 0 0 0 0 0 0 0 0 0 0 0 0 0 0 0 0 0 0 0 62 -54 40 -70 0 0 -40 41 56 41 0 0 -63 -65 -89 -27 0 0 0 0 0 0 0 0 0 0
0 0 0 0 0 0 62 -27 0 0 40 67 0 0 0 0 0 0 -40 -90 0 0 56 -82 0 0 0 0 0 0 -63 -87 0 0 -89 -66 0 0 0 0 0 0 0 0 0 0 0 0 0 0 0 0 0 0 0 0 0 0 0 -54 0 0 -70 0
0 0 0 0 0 0 0 62 0 0 0 40 0 0 0 0 0 0 0 -40 0 0 0 56 0 0 0 0 0 0 0 -63 0 0 0 -89 0 0 0 -27 0 67 0 0 0 -90 0 -82 0 0 0 -87 0 -66 0 0 0 0 0 0 0 0 0 0
0 0 0 0 0 0 0 0 0 0 0 0 0 0 0 0 0 0 0 0 0 0 0 0 0 0 0 0 0 0 0 0 0 0 0 0 0 0 0 62 0 40 0 0 0 -40 0 56 0 0 0 -63 0 -89 0 0 0 0 0 0 0 0 0 0
0 0 0 0 0 0 0 0 62 -27 -54 81 0 0 0 0 0 0 0 0 -40 -90 41 10 0 0 0 0 0 0 0 0 -63 -87 -65 -3 0 0 0 0 0 0 0 0 0 0 0 0 0 0 0 0 0 0 0 0 0 0 0 0 0 0 0 0
0 0 0 0 0 0 0 0 0 62 0 -54 0 0 0 0 0 0 0 0 0 -40 0 41 0 0 0 0 0 0 0 0 0 -63 0 -65 0 0 0 0 -27 81 0 0 0 0 -90 10 0 0 0 0 -87 -3 0 0 0 0 0 0 0 0 0 0
0 0 0 0 0 0 0 0 0 0 0 0 0 0 0 0 0 0 0 0 0 0 0 0 0 0 0 0 0 0 0 0 0 0 0 0 0 0 0 0 62 -54 0 0 0 0 -40 41 0 0 0 0 -63 -65 0 0 0 0 0 0 0 0 0 0
0 0 0 0 0 0 0 0 0 0 62 -27 0 0 0 0 0 0 0 0 0 0 -40 -90 0 0 0 0 0 0 0 0 0 0 -63 -87 0 0 0 0 0 0 0 0 0 0 0 0 0 0 0 0 0 0 0 0 0 0 0 0 0 0 -54 0
0 0 0 0 0 0 0 0 0 0 0 62 0 0 0 0 0 0 0 0 0 0 0 -40 0 0 0 0 0 0 0 0 0 0 0 -63 0 0 0 0 0 -27 0 0 0 0 0 -90 0 0 0 0 0 -87 0 0 0 0 0 0 0 0 0 0
0 0 0 0 0 0 0 0 0 0 0 0 0 0 0 0 0 0 0 0 0 0 0 0 0 0 0 0 0 0 0 0 0 0 0 0 0 0 0 0 0 62 0 0 0 0 0 -40 0 0 0 0 0 -63 0 0 0 0 0 0 0 0 0 0
-17 0 0 0 -18 0 0 0 0 0 0 0 -11 0 0 0 99 0 0 0 0 0 0 0 0 0 0 0 0 0 0 0 0 0 0 0 0 0 0 0 0 0 0 0 0 0 0 0 0 0 0 0 0 0 0 0 0 0 0 0 0 0 0 0
41 -17 0 0 -58 -18 0 0 0 0 0 0 -27 -11 0 0 11 99 0 0 0 0 0 0 0 0 0 0 0 0 0 0 0 0 0 0 0 0 0 0 0 0 0 0 0 0 0 0 0 0 0 0 0 0 0 0 0 0 0 0 0 0 0 0
0 41 0 0 0 -58 0 0 0 0 0 0 0 -27 0 0 0 11 0 0 0 0 0 0 0 0 0 0 0 0 0 0 0 0 0 0 -17 0 -18 0 0 0 -11 0 99 0 0 0 0 0 0 0 0 0 0 0 0 0 0 0 0 0 0 0
0 0 0 0 0 0 0 0 0 0 0 0 0 0 0 0 0 0 0 0 0 0 0 0 0 0 0 0 0 0 0 0 0 0 0 0 41 0 -58 0 0 0 -27 0 11 0 0 0 0 0 0 0 0 0 0 0 0 0 0 0 0 0 0 0
-82 0 -17 0 -63 0 -18 0 0 0 0 0 -66 0 -11 0 -85 0 99 0 0 0 0 0 0 0 0 0 0 0 0 0 0 0 0 0 0 0 0 0 0 0 0 0 0 0 0 0 0 0 0 0 0 0 41 0 0 -58 0 0 0 0 0 -27
56 -82 41 -17 40 -63 -58 -18 0 0 0 0 -89 -66 -27 -11 -70 -85 11 99 0 0 0 0 0 0 0 0 0 0 0 0 0 0 0 0 0 0 0 0 0 0 0 0 0 0 0 0 0 0 0 0 0 0 0 0 0 0 0 0 0 0 0 0
0 56 0 41 0 40 0 -58 0 0 0 0 0 -89 0 -27 0 -70 0 11 0 0 0 0 0 0 0 0 0 0 0 0 0 0 0 0 -82 -17 -63 -18 0 0 -66 -11 -85 99 0 0 0 0 0 0 0 0 0 0 0 0 0 0 0 0 0 0
0 0 0 0 0 0 0 0 0 0 0 0 0 0 0 0 0 0 0 0 0 0 0 0 0 0 0 0 0 0 0 0 0 0 0 0 56 41 40 -58 0 0 -89 -27 -70 11 0 0 0 0 0 0 0 0 0 0 0 0 0 0 0 0 0 0
0 0 -82 0 0 0 -63 0 0 0 0 0 0 0 -66 0 0 0 -85 0 0 0 0 0 0 0 0 0 0 0 0 0 0 0 0 0 0 0 0 0 0 0 0 0 0 0 0 0 0 0 0 0 0 0 56 41 -17 40 -58 -18 0 0 0 -89
0 0 56 -82 0 0 40 -63 0 0 0 0 0 0 -89 -66 0 0 -70 -85 0 0 0 0 0 0 0 0 0 0 0 0 0 0 0 0 0 0 0 0 0 0 0 0 0 0 0 0 0 0 0 0 0 0 0 0 41 0 0 -58 0 0 0 0
0 0 0 56 0 0 0 40 0 0 0 0 0 0 0 -89 0 0 0 -70 0 0 0 0 0 0 0 0 0 0 0 0 0 0 0 0 0 -82 0 -63 0 0 0 -66 0 -85 0 0 0 0 0 0 0 0 0 0 0 0 0 0 0 0 0 0
0 0 0 0 0 0 0 0 0 0 0 0 0 0 0 0 0 0 0 0 0 0 0 0 0 0 0 0 0 0 0 0 0 0 0 0 0 56 0 40 0 0 0 -89 0 -70 0 0 0 0 0 0 0 0 0 0 0 0 0 0 0 0 0 0
10 0 0 0 -17 0 0 0 -18 0 0 0 -3 0 0 0 -11 0 0 0 99 0 0 0 0 0 0 0 0 0 0 0 0 0 0 0 0 0 0 0 0 0 0 0 0 0 0 0 0 0 0 0 0 0 0 0 0 0 0 0 0 0 0 0
41 10 0 0 41 -17 0 0 -58 -18 0 0 -65 -3 0 0 -27 -11 0 0 11 99 0 0 0 0 0 0 0 0 0 0 0 0 0 0 0 0 0 0 0 0 0 0 0 0 0 0 0 0 0 0 0 0 0 0 0 0 0 0 0 0 0 0
