size: 2859
Tuples
0 0  1
0 1  1
0 2  1
0 3  1
0 4  1
0 5  1
0 6  1
0 7  1
0 8  1
0 9  1
0 10  1
0 11  1
0 12  1
0 14  1
0 16  1
0 17  1
0 18  1
0 19  1
0 20  1
0 21  1
0 22  1
0 23  1
0 25  1
0 26  1
0 28  1
0 29  1
0 30  1
0 31  1
0 32  1
0 33  1
0 34  1
0 36  1
0 37  1
0 38  1
0 39  1
0 40  1
0 41  1
0 42  1
0 44  1
0 45  1
0 46  1
0 48  1
0 49  1
0 50  1
0 51  1
0 52  1
0 54  1
0 57  1
0 59  1
0 61  1
1 0  1
1 1  1
1 2  1
1 3  1
1 5  1
1 7  1
1 8  1
1 9  1
1 10  1
1 11  1
1 12  1
1 13  1
1 14  1
1 15  1
1 16  1
1 17  1
1 18  1
1 19  1
1 23  1
1 26  1
1 27  1
1 28  1
1 30  1
1 31  1
1 33  1
1 36  1
1 37  1
1 39  1
1 40  1
1 43  1
1 45  1
1 46  1
1 49  1
1 50  1
1 52  1
1 53  1
1 54  1
1 55  1
1 56  1
1 57  1
1 58  1
1 59  1
1 60  1
1 61  1
1 62  1
1 63  1
2 1  1
2 2  1
2 3  1
2 5  1
2 6  1
2 7  1
2 9  1
2 10  1
2 11  1
2 12  1
2 13  1
2 15  1
2 16  1
2 17  1
2 19  1
2 20  1
2 21  1
2 22  1
2 23  1
2 24  1
2 25  1
2 31  1
2 32  1
2 33  1
2 35  1
2 39  1
2 41  1
2 43  1
2 44  1
2 46  1
2 47  1
2 49  1
2 50  1
2 51  1
2 52  1
2 54  1
2 55  1
2 56  1
2 57  1
2 59  1
2 60  1
2 63  1
3 1  1
3 2  1
3 4  1
3 5  1
3 6  1
3 8  1
3 10  1
3 11  1
3 12  1
3 14  1
3 15  1
3 16  1
3 17  1
3 18  1
3 20  1
3 21  1
3 22  1
3 23  1
3 24  1
3 26  1
3 27  1
3 28  1
3 29  1
3 30  1
3 32  1
3 33  1
3 35  1
3 36  1
3 37  1
3 38  1
3 39  1
3 40  1
3 41  1
3 42  1
3 43  1
3 44  1
3 45  1
3 46  1
3 47  1
3 48  1
3 49  1
3 50  1
3 53  1
3 55  1
3 57  1
3 58  1
3 59  1
3 60  1
3 61  1
4 0  1
4 1  1
4 3  1
4 4  1
4 5  1
4 6  1
4 7  1
4 8  1
4 10  1
4 11  1
4 12  1
4 13  1
4 14  1
4 15  1
4 16  1
4 18  1
4 19  1
4 20  1
4 23  1
4 24  1
4 25  1
4 26  1
4 27  1
4 28  1
4 29  1
4 30  1
4 31  1
4 33  1
4 34  1
4 36  1
4 37  1
4 38  1
4 39  1
4 41  1
4 43  1
4 44  1
4 45  1
4 46  1
4 48  1
4 50  1
4 51  1
4 52  1
4 53  1
4 55  1
4 57  1
4 58  1
4 59  1
4 60  1
4 61  1
4 62  1
5 1  1
5 4  1
5 5  1
5 9  1
5 10  1
5 11  1
5 12  1
5 14  1
5 15  1
5 16  1
5 17  1
5 18  1
5 19  1
5 20  1
5 21  1
5 22  1
5 24  1
5 26  1
5 27  1
5 28  1
5 29  1
5 30  1
5 31  1
5 32  1
5 33  1
5 34  1
5 35  1
5 36  1
5 37  1
5 38  1
5 41  1
5 43  1
5 45  1
5 46  1
5 47  1
5 48  1
5 49  1
5 50  1
5 51  1
5 52  1
5 53  1
5 54  1
5 55  1
5 56  1
5 57  1
5 58  1
5 60  1
5 61  1
5 62  1
5 63  1
6 1  1
6 2  1
6 6  1
6 7  1
6 8  1
6 9  1
6 10  1
6 11  1
6 12  1
6 13  1
6 14  1
6 15  1
6 16  1
6 19  1
6 20  1
6 21  1
6 22  1
6 23  1
6 25  1
6 26  1
6 27  1
6 28  1
6 31  1
6 33  1
6 34  1
6 35  1
6 36  1
6 37  1
6 38  1
6 40  1
6 41  1
6 42  1
6 44  1
6 45  1
6 46  1
6 47  1
6 48  1
6 49  1
6 50  1
6 51  1
6 52  1
6 53  1
6 55  1
6 56  1
6 57  1
6 58  1
6 59  1
6 60  1
6 61  1
6 62  1
6 63  1
7 0  1
7 2  1
7 3  1
7 5  1
7 8  1
7 9  1
7 10  1
7 11  1
7 12  1
7 13  1
7 14  1
7 18  1
7 19  1
7 22  1
7 23  1
7 24  1
7 26  1
7 27  1
7 29  1
7 30  1
7 31  1
7 32  1
7 33  1
7 34  1
7 35  1
7 36  1
7 37  1
7 38  1
7 40  1
7 42  1
7 44  1
7 45  1
7 46  1
7 48  1
7 49  1
7 53  1
7 55  1
7 57  1
7 59  1
7 61  1
7 62  1
8 0  1
8 1  1
8 3  1
8 4  1
8 6  1
8 7  1
8 11  1
8 12  1
8 13  1
8 14  1
8 17  1
8 18  1
8 20  1
8 21  1
8 23  1
8 26  1
8 27  1
8 28  1
8 30  1
8 31  1
8 33  1
8 34  1
8 36  1
8 39  1
8 40  1
8 41  1
8 42  1
8 44  1
8 46  1
8 47  1
8 49  1
8 50  1
8 52  1
8 53  1
8 54  1
8 55  1
8 59  1
8 60  1
8 61  1
8 63  1
9 0  1
9 1  1
9 2  1
9 4  1
9 6  1
9 7  1
9 10  1
9 11  1
9 12  1
9 13  1
9 14  1
9 15  1
9 19  1
9 20  1
9 21  1
9 22  1
9 23  1
9 24  1
9 26  1
9 27  1
9 28  1
9 32  1
9 34  1
9 35  1
9 36  1
9 37  1
9 39  1
9 40  1
9 42  1
9 44  1
9 45  1
9 46  1
9 47  1
9 48  1
9 49  1
9 51  1
9 52  1
9 53  1
9 54  1
9 55  1
9 56  1
9 57  1
9 58  1
9 59  1
9 61  1
9 62  1
10 0  1
10 2  1
10 3  1
10 4  1
10 5  1
10 7  1
10 8  1
10 9  1
10 10  1
10 11  1
10 12  1
10 13  1
10 15  1
10 18  1
10 21  1
10 22  1
10 25  1
10 26  1
10 27  1
10 28  1
10 29  1
10 30  1
10 31  1
10 33  1
10 34  1
10 35  1
10 36  1
10 37  1
10 38  1
10 39  1
10 40  1
10 41  1
10 42  1
10 43  1
10 44  1
10 45  1
10 46  1
10 47  1
10 48  1
10 49  1
10 51  1
10 52  1
10 53  1
10 54  1
10 55  1
10 56  1
10 57  1
10 59  1
10 62  1
10 63  1
11 0  1
11 1  1
11 2  1
11 3  1
11 4  1
11 8  1
11 9  1
11 10  1
11 11  1
11 12  1
11 14  1
11 17  1
11 19  1
11 21  1
11 22  1
11 23  1
11 24  1
11 26  1
11 27  1
11 28  1
11 29  1
11 30  1
11 31  1
11 32  1
11 35  1
11 36  1
11 37  1
11 38  1
11 39  1
11 40  1
11 41  1
11 42  1
11 43  1
11 44  1
11 45  1
11 46  1
11 47  1
11 48  1
11 49  1
11 50  1
11 51  1
11 52  1
11 55  1
11 56  1
11 57  1
11 58  1
11 59  1
11 60  1
11 61  1
11 62  1
11 63  1
12 0  1
12 1  1
12 2  1
12 4  1
12 6  1
12 8  1
12 9  1
12 10  1
12 13  1
12 14  1
12 15  1
12 16  1
12 18  1
12 19  1
12 20  1
12 21  1
12 22  1
12 23  1
12 24  1
12 26  1
12 27  1
12 29  1
12 30  1
12 31  1
12 32  1
12 34  1
12 35  1
12 36  1
12 37  1
12 38  1
12 39  1
12 40  1
12 41  1
12 42  1
12 43  1
12 45  1
12 48  1
12 49  1
12 50  1
12 51  1
12 52  1
12 53  1
12 54  1
12 55  1
12 57  1
12 58  1
12 60  1
12 62  1
13 0  1
13 5  1
13 10  1
13 12  1
13 14  1
13 17  1
13 18  1
13 21  1
13 22  1
13 23  1
13 25  1
13 26  1
13 28  1
13 29  1
13 30  1
13 32  1
13 34  1
13 36  1
13 37  1
13 38  1
13 39  1
13 40  1
13 41  1
13 42  1
13 43  1
13 44  1
13 45  1
13 47  1
13 49  1
13 50  1
13 51  1
13 52  1
13 53  1
13 55  1
13 56  1
13 59  1
13 61  1
13 62  1
13 63  1
14 2  1
14 3  1
14 4  1
14 5  1
14 7  1
14 8  1
14 10  1
14 11  1
14 12  1
14 13  1
14 14  1
14 16  1
14 18  1
14 20  1
14 21  1
14 22  1
14 24  1
14 25  1
14 26  1
14 27  1
14 28  1
14 30  1
14 31  1
14 34  1
14 35  1
14 36  1
14 37  1
14 38  1
14 39  1
14 40  1
14 41  1
14 42  1
14 43  1
14 47  1
14 48  1
14 49  1
14 50  1
14 51  1
14 52  1
14 53  1
14 54  1
14 55  1
14 56  1
14 58  1
14 60  1
14 61  1
14 62  1
15 1  1
15 2  1
15 3  1
15 4  1
15 5  1
15 7  1
15 8  1
15 9  1
15 10  1
15 11  1
15 12  1
15 14  1
15 15  1
15 17  1
15 18  1
15 19  1
15 20  1
15 21  1
15 23  1
15 25  1
15 26  1
15 27  1
15 29  1
15 30  1
15 31  1
15 33  1
15 34  1
15 35  1
15 36  1
15 38  1
15 39  1
15 40  1
15 41  1
15 44  1
15 45  1
15 46  1
15 48  1
15 50  1
15 52  1
15 54  1
15 55  1
15 56  1
15 58  1
15 59  1
15 62  1
15 63  1
16 0  1
16 1  1
16 3  1
16 4  1
16 5  1
16 6  1
16 7  1
16 8  1
16 9  1
16 10  1
16 11  1
16 12  1
16 14  1
16 16  1
16 17  1
16 19  1
16 20  1
16 21  1
16 23  1
16 24  1
16 25  1
16 26  1
16 29  1
16 30  1
16 32  1
16 33  1
16 35  1
16 37  1
16 38  1
16 40  1
16 41  1
16 43  1
16 45  1
16 47  1
16 48  1
16 49  1
16 51  1
16 52  1
16 54  1
16 56  1
16 57  1
16 59  1
16 60  1
16 61  1
16 62  1
16 63  1
17 1  1
17 2  1
17 4  1
17 5  1
17 7  1
17 8  1
17 10  1
17 11  1
17 12  1
17 13  1
17 14  1
17 16  1
17 17  1
17 18  1
17 20  1
17 21  1
17 23  1
17 24  1
17 25  1
17 26  1
17 28  1
17 31  1
17 32  1
17 33  1
17 34  1
17 35  1
17 38  1
17 39  1
17 40  1
17 41  1
17 42  1
17 44  1
17 45  1
17 46  1
17 51  1
17 52  1
17 53  1
17 54  1
17 56  1
17 58  1
17 59  1
17 61  1
17 62  1
17 63  1
18 2  1
18 3  1
18 4  1
18 5  1
18 6  1
18 7  1
18 8  1
18 9  1
18 10  1
18 14  1
18 15  1
18 18  1
18 19  1
18 20  1
18 21  1
18 22  1
18 23  1
18 25  1
18 26  1
18 27  1
18 28  1
18 29  1
18 30  1
18 31  1
18 33  1
18 34  1
18 35  1
18 36  1
18 37  1
18 38  1
18 39  1
18 40  1
18 41  1
18 42  1
18 43  1
18 44  1
18 46  1
18 48  1
18 49  1
18 50  1
18 51  1
18 53  1
18 54  1
18 55  1
18 57  1
18 61  1
18 62  1
18 63  1
19 0  1
19 1  1
19 3  1
19 4  1
19 6  1
19 7  1
19 8  1
19 10  1
19 11  1
19 12  1
19 13  1
19 14  1
19 16  1
19 17  1
19 18  1
19 19  1
19 22  1
19 23  1
19 24  1
19 25  1
19 26  1
19 28  1
19 29  1
19 30  1
19 31  1
19 34  1
19 35  1
19 36  1
19 37  1
19 38  1
19 39  1
19 41  1
19 42  1
19 43  1
19 44  1
19 45  1
19 46  1
19 48  1
19 49  1
19 50  1
19 52  1
19 54  1
19 55  1
19 56  1
19 58  1
19 61  1
19 62  1
19 63  1
20 0  1
20 5  1
20 6  1
20 7  1
20 8  1
20 9  1
20 11  1
20 12  1
20 13  1
20 15  1
20 16  1
20 17  1
20 18  1
20 19  1
20 20  1
20 21  1
20 23  1
20 24  1
20 25  1
20 26  1
20 27  1
20 28  1
20 30  1
20 33  1
20 34  1
20 35  1
20 36  1
20 37  1
20 39  1
20 40  1
20 42  1
20 45  1
20 46  1
20 47  1
20 48  1
20 49  1
20 50  1
20 51  1
20 52  1
20 54  1
20 55  1
20 56  1
20 58  1
20 59  1
20 60  1
20 62  1
20 63  1
21 2  1
21 5  1
21 6  1
21 8  1
21 9  1
21 10  1
21 13  1
21 15  1
21 16  1
21 17  1
21 18  1
21 21  1
21 25  1
21 27  1
21 28  1
21 29  1
21 30  1
21 31  1
21 32  1
21 33  1
21 34  1
21 36  1
21 37  1
21 38  1
21 39  1
21 40  1
21 41  1
21 42  1
21 43  1
21 45  1
21 46  1
21 47  1
21 49  1
21 50  1
21 51  1
21 53  1
21 54  1
21 56  1
21 58  1
21 59  1
21 63  1
22 0  1
22 4  1
22 6  1
22 7  1
22 8  1
22 9  1
22 10  1
22 11  1
22 12  1
22 13  1
22 16  1
22 17  1
22 18  1
22 19  1
22 20  1
22 21  1
22 22  1
22 23  1
22 24  1
22 25  1
22 26  1
22 27  1
22 28  1
22 30  1
22 31  1
22 32  1
22 33  1
22 36  1
22 37  1
22 38  1
22 39  1
22 40  1
22 41  1
22 42  1
22 43  1
22 45  1
22 46  1
22 48  1
22 49  1
22 51  1
22 56  1
22 57  1
22 58  1
22 59  1
22 61  1
22 62  1
22 63  1
23 0  1
23 1  1
23 2  1
23 5  1
23 6  1
23 9  1
23 10  1
23 11  1
23 15  1
23 16  1
23 17  1
23 19  1
23 20  1
23 21  1
23 22  1
23 24  1
23 25  1
23 26  1
23 27  1
23 28  1
23 29  1
23 30  1
23 32  1
23 33  1
23 34  1
23 36  1
23 37  1
23 39  1
23 40  1
23 41  1
23 43  1
23 45  1
23 46  1
23 47  1
23 48  1
23 49  1
23 51  1
23 52  1
23 54  1
23 55  1
23 56  1
23 58  1
23 60  1
23 61  1
23 62  1
23 63  1
24 0  1
24 1  1
24 5  1
24 6  1
24 8  1
24 10  1
24 11  1
24 13  1
24 14  1
24 15  1
24 16  1
24 17  1
24 18  1
24 19  1
24 20  1
24 22  1
24 24  1
24 25  1
24 27  1
24 28  1
24 30  1
24 33  1
24 35  1
24 36  1
24 38  1
24 40  1
24 41  1
24 42  1
24 43  1
24 46  1
24 48  1
24 49  1
24 51  1
24 52  1
24 54  1
24 55  1
24 56  1
24 57  1
24 58  1
24 61  1
24 62  1
24 63  1
25 0  1
25 1  1
25 2  1
25 5  1
25 8  1
25 10  1
25 12  1
25 13  1
25 14  1
25 15  1
25 16  1
25 17  1
25 18  1
25 19  1
25 20  1
25 21  1
25 23  1
25 24  1
25 25  1
25 28  1
25 29  1
25 30  1
25 31  1
25 32  1
25 40  1
25 43  1
25 44  1
25 45  1
25 46  1
25 47  1
25 48  1
25 49  1
25 50  1
25 51  1
25 54  1
25 58  1
25 59  1
25 62  1
26 1  1
26 3  1
26 4  1
26 7  1
26 8  1
26 9  1
26 10  1
26 11  1
26 12  1
26 19  1
26 21  1
26 22  1
26 23  1
26 25  1
26 27  1
26 28  1
26 29  1
26 30  1
26 31  1
26 33  1
26 34  1
26 35  1
26 37  1
26 38  1
26 39  1
26 40  1
26 41  1
26 42  1
26 43  1
26 44  1
26 45  1
26 47  1
26 48  1
26 49  1
26 50  1
26 51  1
26 52  1
26 53  1
26 54  1
26 55  1
26 57  1
26 58  1
26 59  1
26 60  1
26 62  1
26 63  1
27 0  1
27 1  1
27 2  1
27 4  1
27 5  1
27 6  1
27 7  1
27 8  1
27 9  1
27 10  1
27 11  1
27 12  1
27 13  1
27 15  1
27 16  1
27 17  1
27 20  1
27 22  1
27 23  1
27 25  1
27 26  1
27 27  1
27 28  1
27 29  1
27 30  1
27 31  1
27 33  1
27 36  1
27 39  1
27 40  1
27 41  1
27 42  1
27 43  1
27 44  1
27 45  1
27 46  1
27 48  1
27 49  1
27 50  1
27 51  1
27 52  1
27 53  1
27 54  1
27 55  1
27 56  1
27 57  1
27 58  1
27 59  1
27 61  1
27 62  1
27 63  1
28 0  1
28 1  1
28 2  1
28 5  1
28 7  1
28 8  1
28 9  1
28 10  1
28 12  1
28 14  1
28 15  1
28 17  1
28 18  1
28 19  1
28 21  1
28 23  1
28 24  1
28 25  1
28 26  1
28 28  1
28 30  1
28 31  1
28 32  1
28 33  1
28 34  1
28 35  1
28 36  1
28 37  1
28 39  1
28 41  1
28 42  1
28 43  1
28 44  1
28 45  1
28 46  1
28 51  1
28 52  1
28 53  1
28 54  1
28 55  1
28 56  1
28 58  1
28 59  1
28 60  1
28 61  1
28 62  1
28 63  1
29 2  1
29 3  1
29 5  1
29 6  1
29 7  1
29 8  1
29 9  1
29 12  1
29 16  1
29 18  1
29 21  1
29 23  1
29 24  1
29 25  1
29 27  1
29 28  1
29 29  1
29 34  1
29 35  1
29 38  1
29 41  1
29 43  1
29 45  1
29 46  1
29 48  1
29 51  1
29 52  1
29 54  1
29 55  1
29 56  1
29 57  1
29 58  1
29 59  1
29 62  1
29 63  1
30 1  1
30 2  1
30 3  1
30 4  1
30 5  1
30 6  1
30 7  1
30 8  1
30 9  1
30 11  1
30 13  1
30 14  1
30 15  1
30 16  1
30 17  1
30 19  1
30 20  1
30 21  1
30 22  1
30 23  1
30 24  1
30 26  1
30 27  1
30 28  1
30 29  1
30 30  1
30 31  1
30 32  1
30 34  1
30 37  1
30 38  1
30 39  1
30 40  1
30 42  1
30 44  1
30 45  1
30 46  1
30 47  1
30 48  1
30 49  1
30 50  1
30 51  1
30 53  1
30 54  1
30 55  1
30 56  1
30 57  1
30 58  1
30 60  1
30 61  1
30 62  1
30 63  1
31 0  1
31 1  1
31 2  1
31 5  1
31 6  1
31 7  1
31 8  1
31 11  1
31 12  1
31 13  1
31 14  1
31 18  1
31 19  1
31 20  1
31 24  1
31 26  1
31 27  1
31 28  1
31 30  1
31 31  1
31 35  1
31 37  1
31 38  1
31 39  1
31 40  1
31 43  1
31 44  1
31 47  1
31 48  1
31 49  1
31 50  1
31 51  1
31 52  1
31 53  1
31 56  1
31 58  1
31 59  1
31 60  1
31 61  1
31 62  1
32 0  1
32 3  1
32 5  1
32 6  1
32 7  1
32 8  1
32 9  1
32 10  1
32 11  1
32 12  1
32 13  1
32 16  1
32 17  1
32 18  1
32 19  1
32 20  1
32 22  1
32 23  1
32 26  1
32 27  1
32 28  1
32 29  1
32 30  1
32 31  1
32 35  1
32 36  1
32 37  1
32 38  1
32 40  1
32 41  1
32 42  1
32 44  1
32 46  1
32 47  1
32 50  1
32 51  1
32 52  1
32 53  1
32 54  1
32 55  1
32 57  1
32 58  1
32 59  1
32 60  1
32 61  1
32 62  1
32 63  1
33 0  1
33 2  1
33 3  1
33 4  1
33 5  1
33 9  1
33 10  1
33 12  1
33 13  1
33 15  1
33 16  1
33 19  1
33 21  1
33 23  1
33 24  1
33 25  1
33 28  1
33 29  1
33 30  1
33 31  1
33 32  1
33 33  1
33 34  1
33 35  1
33 36  1
33 37  1
33 39  1
33 41  1
33 42  1
33 43  1
33 44  1
33 45  1
33 47  1
33 48  1
33 54  1
33 55  1
33 56  1
33 57  1
33 59  1
33 60  1
33 61  1
33 62  1
34 1  1
34 3  1
34 4  1
34 5  1
34 8  1
34 9  1
34 11  1
34 13  1
34 15  1
34 17  1
34 20  1
34 21  1
34 22  1
34 27  1
34 28  1
34 29  1
34 30  1
34 32  1
34 33  1
34 36  1
34 38  1
34 41  1
34 43  1
34 45  1
34 46  1
34 49  1
34 50  1
34 51  1
34 53  1
34 54  1
34 56  1
34 58  1
34 59  1
34 60  1
34 61  1
34 62  1
35 0  1
35 1  1
35 2  1
35 3  1
35 4  1
35 6  1
35 7  1
35 8  1
35 11  1
35 12  1
35 15  1
35 16  1
35 18  1
35 19  1
35 21  1
35 22  1
35 24  1
35 26  1
35 27  1
35 28  1
35 29  1
35 31  1
35 32  1
35 33  1
35 34  1
35 35  1
35 36  1
35 40  1
35 41  1
35 42  1
35 43  1
35 44  1
35 45  1
35 46  1
35 47  1
35 48  1
35 50  1
35 53  1
35 55  1
35 58  1
35 59  1
35 60  1
35 61  1
35 62  1
36 0  1
36 1  1
36 2  1
36 3  1
36 4  1
36 5  1
36 6  1
36 7  1
36 8  1
36 10  1
36 12  1
36 14  1
36 17  1
36 18  1
36 19  1
36 20  1
36 21  1
36 22  1
36 23  1
36 24  1
36 27  1
36 28  1
36 29  1
36 30  1
36 31  1
36 33  1
36 36  1
36 37  1
36 38  1
36 40  1
36 41  1
36 42  1
36 43  1
36 44  1
36 45  1
36 46  1
36 47  1
36 50  1
36 52  1
36 53  1
36 54  1
36 56  1
36 57  1
36 58  1
36 61  1
36 62  1
37 0  1
37 2  1
37 3  1
37 4  1
37 5  1
37 6  1
37 7  1
37 8  1
37 10  1
37 11  1
37 13  1
37 14  1
37 17  1
37 18  1
37 19  1
37 20  1
37 22  1
37 23  1
37 25  1
37 30  1
37 31  1
37 33  1
37 34  1
37 35  1
37 36  1
37 38  1
37 41  1
37 46  1
37 50  1
37 53  1
37 55  1
37 56  1
37 59  1
37 60  1
37 61  1
37 63  1
38 0  1
38 1  1
38 2  1
38 5  1
38 6  1
38 7  1
38 8  1
38 9  1
38 10  1
38 12  1
38 13  1
38 15  1
38 16  1
38 18  1
38 19  1
38 23  1
38 24  1
38 26  1
38 27  1
38 30  1
38 33  1
38 34  1
38 36  1
38 37  1
38 39  1
38 40  1
38 41  1
38 42  1
38 44  1
38 46  1
38 48  1
38 49  1
38 50  1
38 53  1
38 54  1
38 56  1
38 57  1
38 58  1
38 59  1
38 60  1
38 61  1
38 62  1
39 0  1
39 1  1
39 2  1
39 3  1
39 6  1
39 7  1
39 8  1
39 9  1
39 11  1
39 13  1
39 14  1
39 16  1
39 17  1
39 19  1
39 20  1
39 21  1
39 24  1
39 25  1
39 26  1
39 27  1
39 28  1
39 29  1
39 31  1
39 33  1
39 34  1
39 35  1
39 36  1
39 38  1
39 42  1
39 45  1
39 46  1
39 47  1
39 48  1
39 49  1
39 50  1
39 53  1
39 54  1
39 55  1
39 57  1
39 58  1
39 59  1
39 60  1
39 62  1
39 63  1
40 0  1
40 1  1
40 2  1
40 3  1
40 5  1
40 7  1
40 9  1
40 10  1
40 12  1
40 13  1
40 14  1
40 15  1
40 16  1
40 17  1
40 18  1
40 19  1
40 21  1
40 23  1
40 24  1
40 25  1
40 26  1
40 27  1
40 28  1
40 30  1
40 31  1
40 32  1
40 33  1
40 34  1
40 35  1
40 36  1
40 37  1
40 38  1
40 40  1
40 42  1
40 43  1
40 44  1
40 45  1
40 46  1
40 47  1
40 48  1
40 52  1
40 53  1
40 54  1
40 55  1
40 56  1
40 57  1
40 58  1
40 60  1
40 61  1
40 63  1
41 1  1
41 3  1
41 5  1
41 6  1
41 7  1
41 8  1
41 9  1
41 11  1
41 12  1
41 16  1
41 17  1
41 19  1
41 20  1
41 22  1
41 23  1
41 24  1
41 26  1
41 27  1
41 29  1
41 30  1
41 31  1
41 32  1
41 33  1
41 34  1
41 36  1
41 37  1
41 38  1
41 39  1
41 42  1
41 44  1
41 45  1
41 47  1
41 48  1
41 49  1
41 50  1
41 52  1
41 53  1
41 55  1
41 56  1
41 58  1
41 59  1
41 61  1
42 0  1
42 1  1
42 2  1
42 3  1
42 4  1
42 5  1
42 6  1
42 10  1
42 13  1
42 14  1
42 15  1
42 16  1
42 17  1
42 18  1
42 19  1
42 21  1
42 22  1
42 24  1
42 27  1
42 31  1
42 33  1
42 34  1
42 35  1
42 36  1
42 38  1
42 39  1
42 40  1
42 41  1
42 42  1
42 45  1
42 46  1
42 48  1
42 50  1
42 51  1
42 52  1
42 55  1
42 56  1
42 57  1
42 58  1
42 59  1
42 60  1
42 61  1
42 62  1
43 0  1
43 2  1
43 3  1
43 5  1
43 8  1
43 10  1
43 12  1
43 14  1
43 17  1
43 19  1
43 20  1
43 23  1
43 28  1
43 29  1
43 30  1
43 31  1
43 38  1
43 39  1
43 40  1
43 41  1
43 43  1
43 44  1
43 45  1
43 46  1
43 47  1
43 48  1
43 49  1
43 51  1
43 52  1
43 53  1
43 55  1
43 56  1
43 57  1
43 58  1
43 59  1
43 61  1
43 62  1
44 0  1
44 1  1
44 3  1
44 4  1
44 5  1
44 6  1
44 7  1
44 10  1
44 11  1
44 12  1
44 13  1
44 14  1
44 16  1
44 17  1
44 18  1
44 20  1
44 22  1
44 23  1
44 24  1
44 26  1
44 29  1
44 30  1
44 31  1
44 32  1
44 33  1
44 34  1
44 35  1
44 36  1
44 37  1
44 38  1
44 40  1
44 41  1
44 43  1
44 44  1
44 45  1
44 47  1
44 48  1
44 49  1
44 50  1
44 51  1
44 53  1
44 54  1
44 55  1
44 57  1
44 58  1
44 59  1
44 60  1
44 61  1
44 62  1
44 63  1
45 0  1
45 2  1
45 3  1
45 4  1
45 5  1
45 6  1
45 7  1
45 8  1
45 11  1
45 13  1
45 15  1
45 16  1
45 17  1
45 18  1
45 19  1
45 20  1
45 21  1
45 23  1
45 24  1
45 25  1
45 26  1
45 29  1
45 30  1
45 31  1
45 33  1
45 34  1
45 35  1
45 37  1
45 38  1
45 39  1
45 40  1
45 42  1
45 43  1
45 44  1
45 45  1
45 47  1
45 48  1
45 49  1
45 50  1
45 53  1
45 55  1
45 57  1
45 58  1
45 59  1
45 60  1
45 62  1
45 63  1
46 1  1
46 2  1
46 3  1
46 4  1
46 5  1
46 6  1
46 8  1
46 9  1
46 10  1
46 11  1
46 12  1
46 13  1
46 14  1
46 15  1
46 16  1
46 17  1
46 19  1
46 22  1
46 23  1
46 25  1
46 26  1
46 28  1
46 30  1
46 33  1
46 35  1
46 36  1
46 37  1
46 38  1
46 40  1
46 41  1
46 42  1
46 43  1
46 45  1
46 46  1
46 50  1
46 53  1
46 56  1
46 58  1
46 59  1
46 60  1
46 61  1
46 63  1
47 1  1
47 2  1
47 10  1
47 12  1
47 13  1
47 14  1
47 15  1
47 16  1
47 17  1
47 18  1
47 19  1
47 21  1
47 22  1
47 23  1
47 24  1
47 25  1
47 26  1
47 27  1
47 28  1
47 29  1
47 30  1
47 31  1
47 33  1
47 34  1
47 35  1
47 36  1
47 38  1
47 39  1
47 41  1
47 42  1
47 43  1
47 44  1
47 45  1
47 46  1
47 47  1
47 48  1
47 49  1
47 52  1
47 55  1
47 56  1
47 57  1
47 59  1
47 60  1
47 61  1
47 62  1
47 63  1
48 1  1
48 2  1
48 3  1
48 4  1
48 5  1
48 8  1
48 10  1
48 12  1
48 13  1
48 15  1
48 17  1
48 18  1
48 19  1
48 22  1
48 23  1
48 24  1
48 25  1
48 27  1
48 29  1
48 31  1
48 32  1
48 33  1
48 34  1
48 36  1
48 37  1
48 41  1
48 42  1
48 43  1
48 44  1
48 47  1
48 48  1
48 50  1
48 51  1
48 52  1
48 53  1
48 56  1
48 58  1
48 59  1
48 60  1
48 61  1
48 62  1
48 63  1
49 0  1
49 1  1
49 2  1
49 3  1
49 4  1
49 5  1
49 6  1
49 7  1
49 8  1
49 11  1
49 12  1
49 13  1
49 14  1
49 16  1
49 17  1
49 18  1
49 19  1
49 20  1
49 21  1
49 22  1
49 23  1
49 24  1
49 27  1
49 28  1
49 30  1
49 31  1
49 32  1
49 33  1
49 36  1
49 37  1
49 39  1
49 41  1
49 44  1
49 45  1
49 46  1
49 47  1
49 48  1
49 50  1
49 51  1
49 55  1
49 57  1
49 58  1
49 60  1
49 61  1
49 62  1
50 0  1
50 2  1
50 5  1
50 6  1
50 7  1
50 9  1
50 11  1
50 12  1
50 13  1
50 15  1
50 16  1
50 17  1
50 19  1
50 21  1
50 22  1
50 23  1
50 24  1
50 25  1
50 28  1
50 31  1
50 33  1
50 35  1
50 37  1
50 38  1
50 41  1
50 44  1
50 46  1
50 47  1
50 48  1
50 49  1
50 51  1
50 54  1
50 56  1
50 58  1
50 59  1
50 61  1
50 62  1
51 0  1
51 1  1
51 2  1
51 3  1
51 4  1
51 5  1
51 6  1
51 7  1
51 8  1
51 9  1
51 10  1
51 11  1
51 14  1
51 15  1
51 16  1
51 18  1
51 19  1
51 20  1
51 22  1
51 23  1
51 24  1
51 27  1
51 28  1
51 30  1
51 32  1
51 33  1
51 35  1
51 37  1
51 40  1
51 42  1
51 43  1
51 45  1
51 46  1
51 49  1
51 50  1
51 51  1
51 53  1
51 54  1
51 55  1
51 56  1
51 57  1
51 58  1
51 61  1
51 62  1
51 63  1
52 0  1
52 1  1
52 2  1
52 3  1
52 6  1
52 7  1
52 8  1
52 10  1
52 11  1
52 12  1
52 13  1
52 14  1
52 15  1
52 18  1
52 19  1
52 20  1
52 22  1
52 24  1
52 25  1
52 26  1
52 27  1
52 28  1
52 29  1
52 30  1
52 32  1
52 34  1
52 35  1
52 36  1
52 37  1
52 38  1
52 39  1
52 40  1
52 42  1
52 44  1
52 47  1
52 48  1
52 50  1
52 51  1
52 54  1
52 59  1
52 61  1
53 0  1
53 1  1
53 2  1
53 3  1
53 4  1
53 5  1
53 6  1
53 7  1
53 10  1
53 11  1
53 12  1
53 13  1
53 14  1
53 17  1
53 19  1
53 20  1
53 22  1
53 23  1
53 24  1
53 26  1
53 27  1
53 28  1
53 30  1
53 31  1
53 33  1
53 34  1
53 35  1
53 36  1
53 38  1
53 41  1
53 42  1
53 43  1
53 44  1
53 45  1
53 46  1
53 47  1
53 50  1
53 54  1
53 55  1
53 56  1
53 57  1
53 59  1
53 61  1
54 0  1
54 1  1
54 3  1
54 6  1
54 7  1
54 8  1
54 10  1
54 11  1
54 12  1
54 13  1
54 14  1
54 17  1
54 20  1
54 21  1
54 23  1
54 24  1
54 25  1
54 26  1
54 27  1
54 28  1
54 29  1
54 30  1
54 31  1
54 32  1
54 34  1
54 36  1
54 38  1
54 39  1
54 40  1
54 41  1
54 44  1
54 47  1
54 49  1
54 50  1
54 51  1
54 52  1
54 53  1
54 54  1
54 55  1
54 56  1
54 57  1
54 58  1
54 59  1
54 60  1
54 62  1
54 63  1
55 0  1
55 2  1
55 3  1
55 4  1
55 5  1
55 7  1
55 8  1
55 9  1
55 10  1
55 11  1
55 12  1
55 13  1
55 14  1
55 15  1
55 17  1
55 19  1
55 20  1
55 21  1
55 22  1
55 24  1
55 25  1
55 26  1
55 27  1
55 28  1
55 29  1
55 30  1
55 32  1
55 33  1
55 35  1
55 36  1
55 37  1
55 38  1
55 39  1
55 40  1
55 41  1
55 43  1
55 44  1
55 45  1
55 46  1
55 47  1
55 48  1
55 51  1
55 52  1
55 55  1
55 57  1
55 58  1
55 59  1
55 61  1
55 63  1
56 1  1
56 2  1
56 4  1
56 5  1
56 7  1
56 8  1
56 9  1
56 10  1
56 11  1
56 12  1
56 13  1
56 14  1
56 16  1
56 17  1
56 18  1
56 19  1
56 20  1
56 21  1
56 22  1
56 23  1
56 24  1
56 26  1
56 27  1
56 28  1
56 29  1
56 32  1
56 33  1
56 35  1
56 37  1
56 38  1
56 39  1
56 40  1
56 41  1
56 42  1
56 43  1
56 44  1
56 46  1
56 47  1
56 48  1
56 50  1
56 51  1
56 52  1
56 53  1
56 54  1
56 56  1
56 58  1
56 61  1
56 62  1
57 0  1
57 1  1
57 2  1
57 3  1
57 4  1
57 6  1
57 8  1
57 10  1
57 11  1
57 12  1
57 14  1
57 15  1
57 16  1
57 18  1
57 19  1
57 20  1
57 22  1
57 23  1
57 25  1
57 28  1
57 29  1
57 31  1
57 32  1
57 33  1
57 35  1
57 37  1
57 38  1
57 39  1
57 40  1
57 41  1
57 42  1
57 44  1
57 48  1
57 49  1
57 50  1
57 51  1
57 52  1
57 54  1
57 55  1
57 56  1
57 57  1
57 59  1
57 61  1
57 62  1
58 1  1
58 3  1
58 4  1
58 5  1
58 6  1
58 7  1
58 9  1
58 11  1
58 14  1
58 15  1
58 16  1
58 17  1
58 18  1
58 21  1
58 24  1
58 25  1
58 26  1
58 27  1
58 28  1
58 29  1
58 31  1
58 34  1
58 36  1
58 37  1
58 38  1
58 39  1
58 40  1
58 41  1
58 42  1
58 43  1
58 50  1
58 52  1
58 54  1
58 58  1
58 59  1
58 60  1
58 61  1
58 62  1
59 0  1
59 1  1
59 2  1
59 4  1
59 7  1
59 8  1
59 9  1
59 10  1
59 11  1
59 12  1
59 13  1
59 14  1
59 15  1
59 16  1
59 18  1
59 21  1
59 23  1
59 24  1
59 25  1
59 27  1
59 28  1
59 30  1
59 31  1
59 32  1
59 34  1
59 36  1
59 37  1
59 40  1
59 43  1
59 44  1
59 45  1
59 46  1
59 47  1
59 50  1
59 51  1
59 52  1
59 53  1
59 54  1
59 57  1
59 58  1
59 59  1
59 61  1
59 63  1
60 0  1
60 1  1
60 4  1
60 5  1
60 7  1
60 8  1
60 9  1
60 11  1
60 12  1
60 14  1
60 18  1
60 19  1
60 20  1
60 23  1
60 25  1
60 26  1
60 27  1
60 30  1
60 31  1
60 32  1
60 35  1
60 36  1
60 37  1
60 38  1
60 39  1
60 41  1
60 42  1
60 44  1
60 46  1
60 47  1
60 48  1
60 51  1
60 52  1
60 53  1
60 54  1
60 55  1
60 56  1
60 58  1
60 59  1
60 60  1
60 61  1
60 63  1
61 0  1
61 1  1
61 3  1
61 4  1
61 5  1
61 6  1
61 7  1
61 8  1
61 9  1
61 11  1
61 12  1
61 13  1
61 15  1
61 16  1
61 17  1
61 18  1
61 19  1
61 20  1
61 22  1
61 23  1
61 28  1
61 29  1
61 30  1
61 32  1
61 34  1
61 35  1
61 37  1
61 38  1
61 41  1
61 42  1
61 43  1
61 44  1
61 45  1
61 47  1
61 48  1
61 49  1
61 50  1
61 51  1
61 52  1
61 57  1
61 58  1
61 59  1
61 61  1
61 62  1
62 0  1
62 1  1
62 2  1
62 3  1
62 4  1
62 5  1
62 6  1
62 7  1
62 8  1
62 9  1
62 11  1
62 12  1
62 14  1
62 17  1
62 18  1
62 20  1
62 21  1
62 23  1
62 25  1
62 27  1
62 28  1
62 29  1
62 30  1
62 31  1
62 32  1
62 33  1
62 35  1
62 37  1
62 38  1
62 40  1
62 42  1
62 44  1
62 45  1
62 47  1
62 48  1
62 50  1
62 51  1
62 52  1
62 54  1
62 55  1
62 56  1
62 57  1
62 58  1
62 59  1
62 61  1
62 62  1
62 63  1
63 0  1
63 1  1
63 2  1
63 3  1
63 4  1
63 7  1
63 9  1
63 10  1
63 11  1
63 13  1
63 14  1
63 15  1
63 16  1
63 17  1
63 18  1
63 19  1
63 20  1
63 21  1
63 22  1
63 23  1
63 30  1
63 31  1
63 32  1
63 33  1
63 34  1
63 35  1
63 36  1
63 37  1
63 39  1
63 41  1
63 42  1
63 44  1
63 45  1
63 47  1
63 49  1
63 50  1
63 51  1
63 52  1
63 53  1
63 55  1
63 56  1
63 57  1
63 58  1
63 59  1
63 61  1
63 62  1
63 63  1
