size: 2909
Tuples
0 0  1
0 1  1
0 2  1
0 3  1
0 4  1
0 7  1
0 8  1
0 9  1
0 10  1
0 11  1
0 12  1
0 13  1
0 15  1
0 17  1
0 20  1
0 21  1
0 23  1
0 24  1
0 25  1
0 26  1
0 27  1
0 28  1
0 30  1
0 32  1
0 34  1
0 35  1
0 36  1
0 37  1
0 38  1
0 39  1
0 43  1
0 44  1
0 45  1
0 48  1
0 49  1
0 50  1
0 51  1
0 52  1
0 54  1
0 56  1
0 57  1
0 58  1
0 59  1
0 62  1
0 63  1
1 0  1
1 1  1
1 2  1
1 5  1
1 6  1
1 7  1
1 8  1
1 9  1
1 10  1
1 11  1
1 12  1
1 13  1
1 14  1
1 15  1
1 16  1
1 17  1
1 18  1
1 19  1
1 20  1
1 21  1
1 22  1
1 25  1
1 26  1
1 29  1
1 30  1
1 31  1
1 34  1
1 35  1
1 36  1
1 37  1
1 40  1
1 42  1
1 43  1
1 44  1
1 45  1
1 46  1
1 47  1
1 48  1
1 49  1
1 50  1
1 51  1
1 52  1
1 54  1
1 55  1
1 56  1
1 57  1
1 58  1
1 59  1
1 60  1
1 62  1
1 63  1
2 0  1
2 1  1
2 2  1
2 3  1
2 4  1
2 5  1
2 7  1
2 10  1
2 12  1
2 13  1
2 15  1
2 16  1
2 18  1
2 19  1
2 22  1
2 23  1
2 24  1
2 25  1
2 26  1
2 27  1
2 29  1
2 30  1
2 31  1
2 34  1
2 35  1
2 36  1
2 37  1
2 39  1
2 41  1
2 43  1
2 44  1
2 45  1
2 47  1
2 48  1
2 50  1
2 51  1
2 54  1
2 55  1
2 56  1
2 59  1
2 61  1
2 62  1
2 63  1
3 0  1
3 1  1
3 2  1
3 3  1
3 6  1
3 7  1
3 8  1
3 9  1
3 10  1
3 11  1
3 12  1
3 14  1
3 15  1
3 16  1
3 17  1
3 18  1
3 19  1
3 20  1
3 21  1
3 22  1
3 23  1
3 24  1
3 26  1
3 27  1
3 28  1
3 30  1
3 32  1
3 33  1
3 37  1
3 38  1
3 39  1
3 40  1
3 41  1
3 42  1
3 43  1
3 44  1
3 45  1
3 46  1
3 48  1
3 49  1
3 50  1
3 51  1
3 52  1
3 53  1
3 54  1
3 55  1
3 56  1
3 57  1
3 61  1
3 63  1
4 0  1
4 2  1
4 3  1
4 6  1
4 7  1
4 9  1
4 10  1
4 13  1
4 14  1
4 15  1
4 16  1
4 17  1
4 19  1
4 20  1
4 21  1
4 23  1
4 24  1
4 25  1
4 26  1
4 27  1
4 28  1
4 31  1
4 32  1
4 33  1
4 36  1
4 37  1
4 39  1
4 40  1
4 41  1
4 42  1
4 43  1
4 44  1
4 45  1
4 46  1
4 48  1
4 50  1
4 52  1
4 54  1
4 55  1
4 56  1
4 57  1
4 58  1
4 59  1
4 60  1
4 61  1
4 62  1
4 63  1
5 1  1
5 2  1
5 4  1
5 5  1
5 6  1
5 8  1
5 9  1
5 10  1
5 11  1
5 13  1
5 14  1
5 15  1
5 16  1
5 17  1
5 20  1
5 21  1
5 22  1
5 23  1
5 25  1
5 26  1
5 27  1
5 28  1
5 29  1
5 32  1
5 33  1
5 34  1
5 37  1
5 39  1
5 40  1
5 42  1
5 44  1
5 45  1
5 46  1
5 47  1
5 48  1
5 50  1
5 52  1
5 55  1
5 56  1
5 57  1
5 59  1
5 60  1
5 61  1
5 62  1
6 0  1
6 1  1
6 2  1
6 3  1
6 4  1
6 5  1
6 8  1
6 9  1
6 11  1
6 12  1
6 14  1
6 15  1
6 16  1
6 18  1
6 19  1
6 20  1
6 23  1
6 24  1
6 25  1
6 27  1
6 28  1
6 29  1
6 30  1
6 31  1
6 32  1
6 34  1
6 35  1
6 36  1
6 37  1
6 39  1
6 42  1
6 43  1
6 44  1
6 45  1
6 46  1
6 47  1
6 49  1
6 50  1
6 51  1
6 54  1
6 56  1
6 57  1
6 59  1
6 60  1
6 61  1
6 63  1
7 0  1
7 1  1
7 2  1
7 4  1
7 5  1
7 6  1
7 7  1
7 8  1
7 9  1
7 11  1
7 12  1
7 16  1
7 19  1
7 21  1
7 27  1
7 28  1
7 30  1
7 32  1
7 33  1
7 36  1
7 38  1
7 39  1
7 40  1
7 41  1
7 42  1
7 43  1
7 45  1
7 46  1
7 47  1
7 48  1
7 51  1
7 53  1
7 54  1
7 55  1
7 57  1
7 58  1
7 60  1
7 61  1
7 62  1
7 63  1
8 0  1
8 1  1
8 3  1
8 4  1
8 5  1
8 6  1
8 7  1
8 8  1
8 9  1
8 10  1
8 12  1
8 15  1
8 17  1
8 20  1
8 21  1
8 23  1
8 24  1
8 25  1
8 27  1
8 28  1
8 29  1
8 30  1
8 31  1
8 33  1
8 34  1
8 35  1
8 36  1
8 37  1
8 38  1
8 40  1
8 42  1
8 43  1
8 44  1
8 46  1
8 47  1
8 50  1
8 51  1
8 52  1
8 54  1
8 55  1
8 56  1
8 57  1
8 58  1
8 59  1
8 60  1
8 62  1
9 0  1
9 2  1
9 3  1
9 7  1
9 10  1
9 11  1
9 12  1
9 14  1
9 15  1
9 17  1
9 18  1
9 19  1
9 20  1
9 21  1
9 22  1
9 23  1
9 24  1
9 26  1
9 29  1
9 30  1
9 31  1
9 32  1
9 34  1
9 35  1
9 37  1
9 40  1
9 41  1
9 42  1
9 46  1
9 48  1
9 49  1
9 51  1
9 53  1
9 54  1
9 55  1
9 56  1
9 57  1
9 58  1
9 59  1
9 60  1
9 61  1
9 63  1
10 2  1
10 3  1
10 5  1
10 6  1
10 7  1
10 8  1
10 10  1
10 11  1
10 12  1
10 13  1
10 14  1
10 15  1
10 16  1
10 17  1
10 20  1
10 21  1
10 23  1
10 25  1
10 26  1
10 27  1
10 28  1
10 30  1
10 31  1
10 32  1
10 33  1
10 35  1
10 37  1
10 38  1
10 39  1
10 40  1
10 41  1
10 42  1
10 43  1
10 44  1
10 47  1
10 48  1
10 49  1
10 50  1
10 51  1
10 52  1
10 54  1
10 55  1
10 56  1
10 57  1
10 58  1
10 59  1
10 60  1
10 61  1
11 0  1
11 1  1
11 2  1
11 3  1
11 4  1
11 5  1
11 7  1
11 8  1
11 10  1
11 11  1
11 12  1
11 13  1
11 14  1
11 15  1
11 17  1
11 18  1
11 19  1
11 20  1
11 21  1
11 22  1
11 25  1
11 26  1
11 28  1
11 29  1
11 30  1
11 31  1
11 32  1
11 33  1
11 34  1
11 35  1
11 36  1
11 38  1
11 39  1
11 40  1
11 41  1
11 42  1
11 43  1
11 46  1
11 47  1
11 48  1
11 49  1
11 50  1
11 51  1
11 52  1
11 53  1
11 54  1
11 55  1
11 56  1
11 57  1
11 62  1
11 63  1
12 0  1
12 1  1
12 2  1
12 3  1
12 5  1
12 6  1
12 7  1
12 8  1
12 10  1
12 11  1
12 14  1
12 15  1
12 16  1
12 17  1
12 19  1
12 20  1
12 21  1
12 22  1
12 25  1
12 26  1
12 29  1
12 30  1
12 31  1
12 32  1
12 34  1
12 35  1
12 36  1
12 37  1
12 39  1
12 40  1
12 41  1
12 43  1
12 44  1
12 45  1
12 47  1
12 49  1
12 50  1
12 53  1
12 54  1
12 55  1
12 56  1
12 57  1
12 58  1
12 59  1
12 61  1
12 62  1
12 63  1
13 0  1
13 3  1
13 4  1
13 5  1
13 6  1
13 7  1
13 9  1
13 11  1
13 13  1
13 15  1
13 16  1
13 17  1
13 18  1
13 19  1
13 20  1
13 23  1
13 24  1
13 25  1
13 26  1
13 27  1
13 31  1
13 32  1
13 33  1
13 34  1
13 35  1
13 40  1
13 42  1
13 43  1
13 44  1
13 45  1
13 46  1
13 47  1
13 48  1
13 49  1
13 50  1
13 52  1
13 53  1
13 56  1
13 57  1
13 58  1
13 60  1
13 61  1
13 62  1
14 0  1
14 1  1
14 4  1
14 5  1
14 6  1
14 7  1
14 9  1
14 10  1
14 12  1
14 14  1
14 18  1
14 19  1
14 20  1
14 21  1
14 22  1
14 24  1
14 25  1
14 26  1
14 27  1
14 28  1
14 29  1
14 30  1
14 31  1
14 32  1
14 35  1
14 36  1
14 37  1
14 38  1
14 39  1
14 40  1
14 42  1
14 43  1
14 45  1
14 46  1
14 48  1
14 49  1
14 50  1
14 51  1
14 52  1
14 53  1
14 54  1
14 56  1
14 57  1
14 58  1
14 59  1
14 60  1
14 61  1
14 62  1
14 63  1
15 1  1
15 4  1
15 6  1
15 7  1
15 9  1
15 10  1
15 11  1
15 13  1
15 15  1
15 16  1
15 17  1
15 18  1
15 19  1
15 21  1
15 22  1
15 23  1
15 25  1
15 26  1
15 27  1
15 28  1
15 29  1
15 30  1
15 31  1
15 32  1
15 33  1
15 36  1
15 39  1
15 40  1
15 41  1
15 42  1
15 43  1
15 44  1
15 45  1
15 46  1
15 49  1
15 50  1
15 51  1
15 52  1
15 54  1
15 55  1
15 56  1
15 57  1
15 58  1
15 60  1
15 61  1
15 62  1
15 63  1
16 1  1
16 4  1
16 5  1
16 6  1
16 7  1
16 9  1
16 11  1
16 12  1
16 13  1
16 14  1
16 15  1
16 17  1
16 18  1
16 20  1
16 21  1
16 22  1
16 23  1
16 25  1
16 28  1
16 29  1
16 30  1
16 32  1
16 34  1
16 36  1
16 39  1
16 40  1
16 41  1
16 42  1
16 43  1
16 44  1
16 47  1
16 48  1
16 49  1
16 50  1
16 51  1
16 52  1
16 56  1
16 57  1
16 58  1
16 61  1
16 63  1
17 0  1
17 2  1
17 3  1
17 5  1
17 6  1
17 7  1
17 10  1
17 11  1
17 12  1
17 13  1
17 14  1
17 15  1
17 16  1
17 17  1
17 18  1
17 19  1
17 20  1
17 22  1
17 24  1
17 25  1
17 26  1
17 27  1
17 28  1
17 32  1
17 33  1
17 34  1
17 36  1
17 37  1
17 38  1
17 39  1
17 40  1
17 41  1
17 42  1
17 43  1
17 44  1
17 46  1
17 47  1
17 48  1
17 49  1
17 50  1
17 51  1
17 52  1
17 54  1
17 55  1
17 56  1
17 57  1
17 58  1
17 59  1
17 60  1
17 61  1
17 62  1
18 1  1
18 2  1
18 3  1
18 4  1
18 5  1
18 6  1
18 7  1
18 8  1
18 10  1
18 14  1
18 15  1
18 16  1
18 18  1
18 20  1
18 21  1
18 22  1
18 23  1
18 24  1
18 26  1
18 28  1
18 29  1
18 30  1
18 31  1
18 33  1
18 34  1
18 35  1
18 36  1
18 38  1
18 39  1
18 40  1
18 41  1
18 43  1
18 45  1
18 46  1
18 47  1
18 51  1
18 52  1
18 53  1
18 54  1
18 55  1
18 56  1
18 57  1
18 58  1
18 60  1
18 62  1
18 63  1
19 0  1
19 1  1
19 2  1
19 3  1
19 5  1
19 6  1
19 7  1
19 8  1
19 9  1
19 11  1
19 12  1
19 13  1
19 15  1
19 18  1
19 19  1
19 20  1
19 22  1
19 25  1
19 26  1
19 27  1
19 29  1
19 30  1
19 31  1
19 32  1
19 33  1
19 34  1
19 35  1
19 37  1
19 39  1
19 40  1
19 43  1
19 44  1
19 45  1
19 47  1
19 50  1
19 51  1
19 52  1
19 53  1
19 54  1
19 55  1
19 56  1
19 58  1
19 59  1
19 60  1
19 61  1
19 62  1
19 63  1
20 0  1
20 2  1
20 3  1
20 4  1
20 5  1
20 7  1
20 8  1
20 9  1
20 10  1
20 12  1
20 13  1
20 14  1
20 16  1
20 18  1
20 19  1
20 20  1
20 21  1
20 23  1
20 25  1
20 27  1
20 28  1
20 29  1
20 30  1
20 32  1
20 33  1
20 35  1
20 36  1
20 37  1
20 38  1
20 40  1
20 42  1
20 44  1
20 46  1
20 47  1
20 48  1
20 49  1
20 50  1
20 51  1
20 53  1
20 54  1
20 55  1
20 56  1
20 57  1
20 58  1
20 60  1
20 61  1
20 62  1
21 1  1
21 2  1
21 4  1
21 5  1
21 6  1
21 8  1
21 9  1
21 10  1
21 11  1
21 12  1
21 13  1
21 14  1
21 19  1
21 20  1
21 21  1
21 22  1
21 23  1
21 24  1
21 25  1
21 28  1
21 29  1
21 30  1
21 31  1
21 32  1
21 33  1
21 34  1
21 35  1
21 37  1
21 38  1
21 39  1
21 40  1
21 41  1
21 44  1
21 45  1
21 46  1
21 47  1
21 49  1
21 50  1
21 51  1
21 53  1
21 54  1
21 55  1
21 56  1
21 58  1
21 59  1
21 60  1
21 61  1
21 63  1
22 0  1
22 1  1
22 2  1
22 4  1
22 5  1
22 6  1
22 7  1
22 8  1
22 9  1
22 10  1
22 11  1
22 12  1
22 14  1
22 16  1
22 17  1
22 18  1
22 21  1
22 22  1
22 25  1
22 28  1
22 29  1
22 31  1
22 33  1
22 34  1
22 36  1
22 37  1
22 39  1
22 40  1
22 42  1
22 43  1
22 45  1
22 46  1
22 47  1
22 48  1
22 50  1
22 51  1
22 52  1
22 53  1
22 54  1
22 55  1
22 56  1
22 58  1
22 61  1
22 62  1
23 0  1
23 2  1
23 3  1
23 6  1
23 8  1
23 10  1
23 11  1
23 12  1
23 14  1
23 18  1
23 20  1
23 22  1
23 24  1
23 25  1
23 26  1
23 27  1
23 28  1
23 29  1
23 31  1
23 32  1
23 33  1
23 34  1
23 35  1
23 36  1
23 37  1
23 38  1
23 39  1
23 41  1
23 42  1
23 43  1
23 45  1
23 46  1
23 47  1
23 49  1
23 50  1
23 51  1
23 52  1
23 53  1
23 54  1
23 55  1
23 56  1
23 58  1
23 59  1
23 60  1
23 61  1
23 62  1
24 0  1
24 1  1
24 2  1
24 3  1
24 4  1
24 5  1
24 6  1
24 7  1
24 8  1
24 9  1
24 12  1
24 13  1
24 14  1
24 15  1
24 19  1
24 22  1
24 24  1
24 25  1
24 26  1
24 27  1
24 28  1
24 29  1
24 30  1
24 31  1
24 34  1
24 35  1
24 36  1
24 37  1
24 39  1
24 40  1
24 41  1
24 42  1
24 47  1
24 48  1
24 50  1
24 52  1
24 54  1
24 57  1
24 58  1
24 61  1
24 62  1
24 63  1
25 0  1
25 1  1
25 2  1
25 3  1
25 4  1
25 5  1
25 6  1
25 7  1
25 8  1
25 9  1
25 10  1
25 12  1
25 13  1
25 15  1
25 16  1
25 17  1
25 18  1
25 19  1
25 20  1
25 21  1
25 22  1
25 23  1
25 25  1
25 28  1
25 30  1
25 31  1
25 34  1
25 35  1
25 36  1
25 38  1
25 39  1
25 40  1
25 42  1
25 43  1
25 44  1
25 45  1
25 47  1
25 48  1
25 50  1
25 53  1
25 54  1
25 55  1
25 56  1
25 57  1
25 58  1
25 59  1
25 60  1
25 61  1
25 62  1
26 1  1
26 2  1
26 3  1
26 4  1
26 5  1
26 6  1
26 7  1
26 8  1
26 9  1
26 11  1
26 12  1
26 14  1
26 15  1
26 17  1
26 18  1
26 19  1
26 20  1
26 21  1
26 22  1
26 24  1
26 25  1
26 26  1
26 27  1
26 28  1
26 30  1
26 31  1
26 33  1
26 34  1
26 35  1
26 37  1
26 39  1
26 42  1
26 44  1
26 47  1
26 49  1
26 50  1
26 51  1
26 54  1
26 56  1
26 57  1
26 60  1
26 62  1
26 63  1
27 0  1
27 1  1
27 2  1
27 3  1
27 4  1
27 5  1
27 6  1
27 7  1
27 11  1
27 12  1
27 13  1
27 16  1
27 17  1
27 18  1
27 20  1
27 21  1
27 22  1
27 23  1
27 24  1
27 25  1
27 27  1
27 28  1
27 29  1
27 31  1
27 32  1
27 36  1
27 38  1
27 40  1
27 41  1
27 42  1
27 45  1
27 46  1
27 47  1
27 48  1
27 49  1
27 51  1
27 52  1
27 56  1
27 57  1
27 58  1
27 60  1
27 61  1
27 62  1
27 63  1
28 0  1
28 1  1
28 3  1
28 4  1
28 6  1
28 9  1
28 10  1
28 12  1
28 13  1
28 15  1
28 16  1
28 17  1
28 18  1
28 19  1
28 20  1
28 21  1
28 23  1
28 24  1
28 25  1
28 26  1
28 27  1
28 28  1
28 29  1
28 30  1
28 31  1
28 33  1
28 34  1
28 35  1
28 36  1
28 37  1
28 39  1
28 44  1
28 46  1
28 47  1
28 48  1
28 49  1
28 50  1
28 51  1
28 52  1
28 53  1
28 57  1
28 58  1
28 60  1
28 61  1
28 62  1
28 63  1
29 2  1
29 3  1
29 4  1
29 5  1
29 8  1
29 9  1
29 10  1
29 11  1
29 12  1
29 13  1
29 14  1
29 15  1
29 16  1
29 17  1
29 19  1
29 20  1
29 22  1
29 24  1
29 25  1
29 26  1
29 27  1
29 28  1
29 30  1
29 31  1
29 32  1
29 33  1
29 34  1
29 36  1
29 39  1
29 40  1
29 41  1
29 42  1
29 43  1
29 45  1
29 46  1
29 47  1
29 48  1
29 49  1
29 50  1
29 51  1
29 52  1
29 53  1
29 54  1
29 55  1
29 56  1
29 57  1
29 58  1
29 60  1
29 63  1
30 1  1
30 2  1
30 3  1
30 4  1
30 5  1
30 6  1
30 8  1
30 9  1
30 10  1
30 11  1
30 13  1
30 14  1
30 15  1
30 16  1
30 17  1
30 18  1
30 19  1
30 20  1
30 21  1
30 24  1
30 26  1
30 28  1
30 30  1
30 31  1
30 32  1
30 33  1
30 34  1
30 35  1
30 37  1
30 38  1
30 39  1
30 40  1
30 42  1
30 43  1
30 44  1
30 47  1
30 49  1
30 50  1
30 52  1
30 54  1
30 56  1
30 57  1
30 58  1
30 60  1
30 61  1
30 62  1
31 0  1
31 1  1
31 2  1
31 3  1
31 4  1
31 6  1
31 8  1
31 11  1
31 12  1
31 16  1
31 17  1
31 18  1
31 19  1
31 20  1
31 21  1
31 22  1
31 24  1
31 25  1
31 26  1
31 28  1
31 29  1
31 30  1
31 32  1
31 33  1
31 34  1
31 35  1
31 37  1
31 38  1
31 39  1
31 40  1
31 41  1
31 42  1
31 43  1
31 45  1
31 46  1
31 47  1
31 48  1
31 49  1
31 50  1
31 51  1
31 52  1
31 54  1
31 55  1
31 58  1
31 59  1
31 60  1
31 61  1
31 62  1
31 63  1
32 0  1
32 1  1
32 2  1
32 4  1
32 7  1
32 8  1
32 9  1
32 10  1
32 11  1
32 12  1
32 14  1
32 17  1
32 20  1
32 21  1
32 22  1
32 25  1
32 26  1
32 27  1
32 29  1
32 30  1
32 31  1
32 34  1
32 36  1
32 37  1
32 38  1
32 39  1
32 40  1
32 41  1
32 43  1
32 44  1
32 45  1
32 47  1
32 48  1
32 49  1
32 53  1
32 55  1
32 56  1
32 57  1
32 58  1
32 60  1
32 61  1
32 62  1
32 63  1
33 0  1
33 2  1
33 3  1
33 5  1
33 6  1
33 7  1
33 9  1
33 11  1
33 12  1
33 13  1
33 14  1
33 15  1
33 17  1
33 19  1
33 23  1
33 25  1
33 28  1
33 30  1
33 31  1
33 32  1
33 35  1
33 36  1
33 38  1
33 39  1
33 40  1
33 41  1
33 42  1
33 46  1
33 47  1
33 48  1
33 49  1
33 50  1
33 53  1
33 55  1
33 56  1
33 58  1
33 59  1
33 61  1
33 62  1
33 63  1
34 0  1
34 1  1
34 2  1
34 4  1
34 5  1
34 6  1
34 7  1
34 10  1
34 11  1
34 13  1
34 14  1
34 15  1
34 16  1
34 17  1
34 18  1
34 21  1
34 22  1
34 23  1
34 24  1
34 26  1
34 27  1
34 28  1
34 29  1
34 30  1
34 31  1
34 32  1
34 33  1
34 34  1
34 35  1
34 36  1
34 38  1
34 39  1
34 42  1
34 43  1
34 44  1
34 47  1
34 48  1
34 49  1
34 50  1
34 51  1
34 52  1
34 53  1
34 54  1
34 55  1
34 56  1
34 57  1
34 59  1
34 60  1
34 61  1
34 62  1
34 63  1
35 0  1
35 1  1
35 2  1
35 3  1
35 6  1
35 8  1
35 11  1
35 12  1
35 13  1
35 14  1
35 16  1
35 17  1
35 18  1
35 19  1
35 20  1
35 24  1
35 25  1
35 26  1
35 28  1
35 29  1
35 30  1
35 31  1
35 32  1
35 33  1
35 34  1
35 35  1
35 37  1
35 38  1
35 39  1
35 40  1
35 41  1
35 42  1
35 44  1
35 45  1
35 47  1
35 49  1
35 50  1
35 53  1
35 54  1
35 55  1
35 57  1
35 58  1
35 59  1
35 60  1
35 62  1
36 0  1
36 2  1
36 4  1
36 5  1
36 6  1
36 7  1
36 8  1
36 9  1
36 10  1
36 11  1
36 13  1
36 14  1
36 16  1
36 17  1
36 18  1
36 19  1
36 20  1
36 21  1
36 22  1
36 23  1
36 25  1
36 27  1
36 28  1
36 30  1
36 33  1
36 36  1
36 39  1
36 41  1
36 42  1
36 43  1
36 44  1
36 45  1
36 47  1
36 49  1
36 51  1
36 53  1
36 54  1
36 55  1
36 57  1
36 61  1
36 62  1
36 63  1
37 0  1
37 3  1
37 4  1
37 5  1
37 6  1
37 8  1
37 9  1
37 11  1
37 12  1
37 13  1
37 15  1
37 16  1
37 17  1
37 18  1
37 19  1
37 20  1
37 21  1
37 23  1
37 24  1
37 25  1
37 26  1
37 27  1
37 28  1
37 29  1
37 30  1
37 31  1
37 32  1
37 33  1
37 34  1
37 36  1
37 37  1
37 38  1
37 39  1
37 42  1
37 43  1
37 44  1
37 45  1
37 50  1
37 51  1
37 52  1
37 53  1
37 54  1
37 55  1
37 56  1
37 57  1
37 58  1
37 60  1
37 61  1
37 63  1
38 0  1
38 1  1
38 2  1
38 3  1
38 5  1
38 7  1
38 8  1
38 10  1
38 14  1
38 15  1
38 17  1
38 18  1
38 19  1
38 23  1
38 24  1
38 25  1
38 26  1
38 27  1
38 28  1
38 30  1
38 32  1
38 33  1
38 34  1
38 38  1
38 40  1
38 42  1
38 45  1
38 47  1
38 49  1
38 50  1
38 52  1
38 54  1
38 55  1
38 56  1
38 57  1
38 58  1
38 60  1
38 61  1
38 62  1
38 63  1
39 0  1
39 1  1
39 2  1
39 3  1
39 7  1
39 8  1
39 9  1
39 12  1
39 13  1
39 14  1
39 15  1
39 16  1
39 17  1
39 19  1
39 21  1
39 23  1
39 24  1
39 25  1
39 27  1
39 29  1
39 33  1
39 34  1
39 35  1
39 38  1
39 42  1
39 44  1
39 45  1
39 47  1
39 48  1
39 49  1
39 50  1
39 51  1
39 52  1
39 53  1
39 57  1
39 58  1
39 59  1
39 61  1
39 62  1
39 63  1
40 1  1
40 3  1
40 4  1
40 5  1
40 6  1
40 7  1
40 9  1
40 10  1
40 14  1
40 15  1
40 16  1
40 17  1
40 18  1
40 19  1
40 20  1
40 21  1
40 24  1
40 25  1
40 26  1
40 27  1
40 28  1
40 29  1
40 30  1
40 32  1
40 33  1
40 34  1
40 35  1
40 36  1
40 37  1
40 38  1
40 40  1
40 41  1
40 42  1
40 43  1
40 44  1
40 47  1
40 49  1
40 51  1
40 52  1
40 53  1
40 54  1
40 55  1
40 62  1
40 63  1
41 1  1
41 4  1
41 7  1
41 8  1
41 9  1
41 10  1
41 11  1
41 12  1
41 13  1
41 16  1
41 17  1
41 18  1
41 19  1
41 20  1
41 21  1
41 22  1
41 25  1
41 26  1
41 27  1
41 28  1
41 29  1
41 30  1
41 34  1
41 35  1
41 38  1
41 39  1
41 41  1
41 44  1
41 45  1
41 47  1
41 48  1
41 49  1
41 50  1
41 52  1
41 54  1
41 55  1
41 56  1
41 57  1
41 61  1
41 62  1
41 63  1
42 1  1
42 2  1
42 3  1
42 4  1
42 5  1
42 8  1
42 12  1
42 13  1
42 14  1
42 15  1
42 17  1
42 18  1
42 20  1
42 21  1
42 23  1
42 25  1
42 28  1
42 29  1
42 30  1
42 31  1
42 33  1
42 35  1
42 36  1
42 39  1
42 40  1
42 41  1
42 42  1
42 43  1
42 44  1
42 45  1
42 46  1
42 47  1
42 48  1
42 49  1
42 50  1
42 51  1
42 53  1
42 54  1
42 56  1
42 57  1
42 58  1
42 60  1
42 61  1
42 63  1
43 0  1
43 1  1
43 3  1
43 4  1
43 6  1
43 7  1
43 10  1
43 12  1
43 14  1
43 15  1
43 16  1
43 19  1
43 20  1
43 22  1
43 23  1
43 24  1
43 25  1
43 26  1
43 28  1
43 30  1
43 31  1
43 32  1
43 34  1
43 36  1
43 37  1
43 38  1
43 40  1
43 44  1
43 45  1
43 47  1
43 48  1
43 49  1
43 51  1
43 52  1
43 53  1
43 55  1
43 56  1
43 57  1
43 58  1
43 59  1
43 60  1
43 61  1
43 62  1
43 63  1
44 1  1
44 2  1
44 3  1
44 4  1
44 5  1
44 7  1
44 8  1
44 10  1
44 11  1
44 12  1
44 13  1
44 14  1
44 15  1
44 17  1
44 18  1
44 20  1
44 21  1
44 22  1
44 23  1
44 24  1
44 25  1
44 26  1
44 27  1
44 28  1
44 29  1
44 30  1
44 31  1
44 34  1
44 35  1
44 36  1
44 39  1
44 41  1
44 43  1
44 44  1
44 45  1
44 48  1
44 50  1
44 51  1
44 54  1
44 55  1
44 56  1
44 59  1
44 60  1
44 61  1
44 62  1
44 63  1
45 0  1
45 1  1
45 2  1
45 4  1
45 5  1
45 6  1
45 7  1
45 10  1
45 11  1
45 12  1
45 13  1
45 14  1
45 16  1
45 18  1
45 19  1
45 20  1
45 21  1
45 22  1
45 23  1
45 24  1
45 25  1
45 28  1
45 29  1
45 30  1
45 31  1
45 32  1
45 33  1
45 34  1
45 35  1
45 36  1
45 38  1
45 41  1
45 42  1
45 43  1
45 44  1
45 45  1
45 47  1
45 48  1
45 49  1
45 50  1
45 51  1
45 53  1
45 55  1
45 57  1
45 59  1
45 60  1
45 61  1
46 1  1
46 2  1
46 5  1
46 6  1
46 10  1
46 12  1
46 13  1
46 14  1
46 15  1
46 16  1
46 17  1
46 19  1
46 20  1
46 21  1
46 22  1
46 23  1
46 25  1
46 26  1
46 27  1
46 29  1
46 30  1
46 31  1
46 34  1
46 35  1
46 37  1
46 38  1
46 41  1
46 42  1
46 43  1
46 44  1
46 45  1
46 48  1
46 49  1
46 51  1
46 54  1
46 55  1
46 56  1
46 57  1
46 58  1
46 59  1
46 62  1
47 0  1
47 3  1
47 4  1
47 6  1
47 8  1
47 9  1
47 10  1
47 11  1
47 12  1
47 14  1
47 15  1
47 18  1
47 19  1
47 23  1
47 25  1
47 26  1
47 28  1
47 30  1
47 31  1
47 32  1
47 33  1
47 34  1
47 35  1
47 36  1
47 37  1
47 38  1
47 40  1
47 41  1
47 42  1
47 43  1
47 44  1
47 45  1
47 47  1
47 48  1
47 49  1
47 50  1
47 51  1
47 52  1
47 53  1
47 54  1
47 56  1
47 57  1
47 61  1
48 0  1
48 1  1
48 2  1
48 4  1
48 5  1
48 8  1
48 9  1
48 10  1
48 11  1
48 12  1
48 13  1
48 14  1
48 15  1
48 16  1
48 17  1
48 18  1
48 21  1
48 22  1
48 23  1
48 24  1
48 25  1
48 26  1
48 27  1
48 29  1
48 30  1
48 31  1
48 32  1
48 34  1
48 35  1
48 36  1
48 37  1
48 38  1
48 40  1
48 41  1
48 43  1
48 45  1
48 46  1
48 47  1
48 48  1
48 50  1
48 51  1
48 52  1
48 54  1
48 55  1
48 56  1
48 57  1
48 58  1
48 59  1
48 60  1
48 61  1
49 1  1
49 2  1
49 6  1
49 7  1
49 8  1
49 9  1
49 10  1
49 11  1
49 13  1
49 14  1
49 15  1
49 16  1
49 17  1
49 19  1
49 20  1
49 21  1
49 22  1
49 24  1
49 25  1
49 27  1
49 28  1
49 29  1
49 30  1
49 31  1
49 34  1
49 35  1
49 38  1
49 39  1
49 40  1
49 41  1
49 42  1
49 43  1
49 44  1
49 45  1
49 46  1
49 48  1
49 53  1
49 54  1
49 55  1
49 57  1
49 58  1
49 59  1
49 60  1
49 61  1
49 62  1
49 63  1
50 0  1
50 1  1
50 2  1
50 4  1
50 5  1
50 6  1
50 7  1
50 9  1
50 10  1
50 11  1
50 13  1
50 15  1
50 17  1
50 18  1
50 19  1
50 20  1
50 21  1
50 24  1
50 25  1
50 26  1
50 27  1
50 30  1
50 31  1
50 32  1
50 33  1
50 34  1
50 35  1
50 36  1
50 37  1
50 38  1
50 40  1
50 43  1
50 44  1
50 45  1
50 46  1
50 47  1
50 48  1
50 49  1
50 50  1
50 51  1
50 52  1
50 53  1
50 54  1
50 55  1
50 56  1
50 57  1
50 58  1
50 59  1
50 61  1
50 62  1
51 1  1
51 3  1
51 4  1
51 5  1
51 6  1
51 7  1
51 8  1
51 9  1
51 11  1
51 12  1
51 13  1
51 15  1
51 16  1
51 19  1
51 22  1
51 24  1
51 25  1
51 27  1
51 30  1
51 31  1
51 32  1
51 35  1
51 36  1
51 37  1
51 39  1
51 40  1
51 41  1
51 42  1
51 43  1
51 46  1
51 47  1
51 48  1
51 49  1
51 52  1
51 53  1
51 55  1
51 56  1
51 57  1
51 58  1
51 59  1
51 60  1
51 61  1
52 0  1
52 1  1
52 2  1
52 4  1
52 5  1
52 7  1
52 9  1
52 10  1
52 11  1
52 12  1
52 13  1
52 14  1
52 15  1
52 16  1
52 17  1
52 18  1
52 19  1
52 22  1
52 23  1
52 24  1
52 25  1
52 26  1
52 27  1
52 28  1
52 30  1
52 32  1
52 34  1
52 35  1
52 36  1
52 37  1
52 38  1
52 39  1
52 40  1
52 41  1
52 44  1
52 45  1
52 47  1
52 48  1
52 50  1
52 51  1
52 52  1
52 53  1
52 54  1
52 55  1
52 57  1
52 59  1
52 60  1
52 61  1
52 62  1
53 2  1
53 3  1
53 6  1
53 8  1
53 9  1
53 10  1
53 11  1
53 13  1
53 14  1
53 16  1
53 17  1
53 20  1
53 21  1
53 23  1
53 24  1
53 25  1
53 26  1
53 27  1
53 28  1
53 30  1
53 31  1
53 32  1
53 33  1
53 34  1
53 35  1
53 36  1
53 37  1
53 38  1
53 40  1
53 42  1
53 43  1
53 44  1
53 46  1
53 48  1
53 49  1
53 50  1
53 51  1
53 52  1
53 53  1
53 56  1
53 58  1
53 62  1
54 0  1
54 1  1
54 2  1
54 3  1
54 7  1
54 8  1
54 9  1
54 10  1
54 12  1
54 13  1
54 14  1
54 15  1
54 17  1
54 18  1
54 19  1
54 20  1
54 21  1
54 23  1
54 24  1
54 26  1
54 29  1
54 30  1
54 31  1
54 33  1
54 34  1
54 35  1
54 36  1
54 37  1
54 38  1
54 39  1
54 41  1
54 42  1
54 43  1
54 44  1
54 45  1
54 47  1
54 48  1
54 49  1
54 51  1
54 52  1
54 53  1
54 54  1
54 55  1
54 56  1
54 57  1
54 58  1
54 60  1
54 61  1
54 63  1
55 0  1
55 3  1
55 4  1
55 5  1
55 6  1
55 7  1
55 8  1
55 9  1
55 11  1
55 13  1
55 15  1
55 16  1
55 18  1
55 19  1
55 20  1
55 23  1
55 24  1
55 25  1
55 28  1
55 30  1
55 31  1
55 33  1
55 34  1
55 35  1
55 37  1
55 38  1
55 39  1
55 40  1
55 41  1
55 42  1
55 43  1
55 44  1
55 45  1
55 46  1
55 47  1
55 49  1
55 50  1
55 52  1
55 53  1
55 54  1
55 55  1
55 58  1
55 59  1
55 61  1
55 62  1
55 63  1
56 1  1
56 3  1
56 5  1
56 8  1
56 9  1
56 10  1
56 11  1
56 12  1
56 13  1
56 15  1
56 16  1
56 17  1
56 19  1
56 21  1
56 23  1
56 25  1
56 26  1
56 27  1
56 28  1
56 30  1
56 31  1
56 33  1
56 34  1
56 39  1
56 43  1
56 44  1
56 45  1
56 46  1
56 47  1
56 48  1
56 49  1
56 51  1
56 52  1
56 54  1
56 55  1
56 56  1
56 58  1
56 60  1
56 61  1
56 62  1
56 63  1
57 0  1
57 1  1
57 2  1
57 3  1
57 5  1
57 6  1
57 7  1
57 9  1
57 10  1
57 11  1
57 12  1
57 13  1
57 16  1
57 17  1
57 19  1
57 20  1
57 21  1
57 22  1
57 23  1
57 24  1
57 26  1
57 28  1
57 29  1
57 30  1
57 31  1
57 32  1
57 33  1
57 34  1
57 36  1
57 37  1
57 38  1
57 39  1
57 40  1
57 41  1
57 43  1
57 44  1
57 45  1
57 46  1
57 47  1
57 48  1
57 51  1
57 52  1
57 54  1
57 56  1
57 57  1
57 58  1
57 60  1
57 61  1
57 62  1
57 63  1
58 0  1
58 1  1
58 3  1
58 4  1
58 5  1
58 7  1
58 8  1
58 9  1
58 10  1
58 11  1
58 14  1
58 15  1
58 16  1
58 17  1
58 20  1
58 22  1
58 23  1
58 24  1
58 25  1
58 26  1
58 27  1
58 28  1
58 29  1
58 30  1
58 31  1
58 32  1
58 33  1
58 34  1
58 35  1
58 36  1
58 37  1
58 38  1
58 39  1
58 42  1
58 43  1
58 44  1
58 49  1
58 51  1
58 52  1
58 53  1
58 54  1
58 58  1
58 59  1
58 60  1
58 61  1
58 62  1
58 63  1
59 1  1
59 2  1
59 4  1
59 6  1
59 7  1
59 9  1
59 10  1
59 11  1
59 12  1
59 13  1
59 14  1
59 15  1
59 16  1
59 17  1
59 18  1
59 19  1
59 20  1
59 22  1
59 23  1
59 25  1
59 27  1
59 28  1
59 30  1
59 32  1
59 35  1
59 36  1
59 37  1
59 38  1
59 39  1
59 40  1
59 41  1
59 42  1
59 44  1
59 45  1
59 50  1
59 51  1
59 53  1
59 54  1
59 55  1
59 56  1
59 57  1
59 58  1
59 59  1
59 60  1
60 0  1
60 2  1
60 3  1
60 5  1
60 7  1
60 8  1
60 9  1
60 11  1
60 12  1
60 14  1
60 15  1
60 16  1
60 18  1
60 19  1
60 20  1
60 22  1
60 23  1
60 26  1
60 28  1
60 29  1
60 30  1
60 31  1
60 32  1
60 33  1
60 34  1
60 35  1
60 37  1
60 39  1
60 40  1
60 41  1
60 42  1
60 43  1
60 44  1
60 46  1
60 47  1
60 49  1
60 50  1
60 51  1
60 52  1
60 53  1
60 54  1
60 56  1
60 57  1
60 59  1
60 60  1
60 62  1
61 0  1
61 1  1
61 4  1
61 5  1
61 6  1
61 7  1
61 8  1
61 9  1
61 10  1
61 11  1
61 13  1
61 14  1
61 16  1
61 17  1
61 19  1
61 21  1
61 22  1
61 24  1
61 25  1
61 26  1
61 27  1
61 28  1
61 29  1
61 31  1
61 32  1
61 34  1
61 35  1
61 37  1
61 38  1
61 40  1
61 41  1
61 42  1
61 44  1
61 45  1
61 46  1
61 47  1
61 48  1
61 49  1
61 52  1
61 53  1
61 54  1
61 55  1
61 56  1
61 57  1
61 58  1
61 59  1
61 60  1
61 62  1
61 63  1
62 0  1
62 1  1
62 2  1
62 6  1
62 8  1
62 10  1
62 12  1
62 14  1
62 16  1
62 17  1
62 18  1
62 19  1
62 20  1
62 21  1
62 27  1
62 28  1
62 30  1
62 32  1
62 33  1
62 34  1
62 36  1
62 37  1
62 38  1
62 39  1
62 40  1
62 41  1
62 42  1
62 43  1
62 45  1
62 47  1
62 49  1
62 50  1
62 51  1
62 52  1
62 53  1
62 56  1
62 57  1
62 58  1
62 59  1
62 60  1
62 62  1
62 63  1
63 0  1
63 2  1
63 3  1
63 6  1
63 8  1
63 9  1
63 11  1
63 14  1
63 16  1
63 17  1
63 18  1
63 20  1
63 23  1
63 24  1
63 25  1
63 27  1
63 30  1
63 32  1
63 33  1
63 35  1
63 38  1
63 40  1
63 41  1
63 42  1
63 43  1
63 44  1
63 45  1
63 46  1
63 49  1
63 50  1
63 51  1
63 52  1
63 53  1
63 54  1
63 55  1
63 56  1
63 58  1
63 60  1
63 61  1
