size: 2852
Tuples
0 0  1
0 1  1
0 2  1
0 3  1
0 4  1
0 5  1
0 6  1
0 7  1
0 9  1
0 10  1
0 11  1
0 13  1
0 14  1
0 15  1
0 17  1
0 18  1
0 19  1
0 20  1
0 22  1
0 23  1
0 24  1
0 26  1
0 27  1
0 28  1
0 29  1
0 31  1
0 34  1
0 35  1
0 36  1
0 38  1
0 39  1
0 40  1
0 41  1
0 42  1
0 43  1
0 45  1
0 46  1
0 47  1
0 48  1
0 51  1
0 52  1
0 53  1
0 54  1
0 55  1
0 57  1
0 58  1
0 59  1
0 60  1
0 61  1
0 62  1
0 63  1
1 1  1
1 2  1
1 4  1
1 5  1
1 6  1
1 8  1
1 9  1
1 14  1
1 17  1
1 18  1
1 19  1
1 21  1
1 23  1
1 24  1
1 26  1
1 27  1
1 29  1
1 30  1
1 31  1
1 32  1
1 33  1
1 34  1
1 36  1
1 37  1
1 38  1
1 39  1
1 40  1
1 43  1
1 44  1
1 45  1
1 48  1
1 49  1
1 50  1
1 51  1
1 52  1
1 53  1
1 54  1
1 55  1
1 57  1
1 59  1
1 61  1
1 63  1
2 0  1
2 1  1
2 3  1
2 6  1
2 7  1
2 8  1
2 9  1
2 11  1
2 12  1
2 13  1
2 15  1
2 17  1
2 18  1
2 19  1
2 20  1
2 23  1
2 24  1
2 26  1
2 27  1
2 28  1
2 29  1
2 30  1
2 31  1
2 32  1
2 33  1
2 34  1
2 35  1
2 36  1
2 37  1
2 38  1
2 40  1
2 41  1
2 43  1
2 44  1
2 47  1
2 48  1
2 49  1
2 50  1
2 51  1
2 52  1
2 53  1
2 54  1
2 55  1
2 56  1
2 57  1
2 58  1
2 59  1
2 60  1
2 62  1
2 63  1
3 2  1
3 3  1
3 4  1
3 7  1
3 8  1
3 9  1
3 11  1
3 12  1
3 13  1
3 14  1
3 15  1
3 16  1
3 18  1
3 20  1
3 22  1
3 26  1
3 27  1
3 28  1
3 30  1
3 32  1
3 34  1
3 36  1
3 38  1
3 39  1
3 41  1
3 43  1
3 48  1
3 49  1
3 50  1
3 51  1
3 52  1
3 54  1
3 55  1
3 56  1
3 57  1
3 59  1
3 61  1
3 62  1
3 63  1
4 1  1
4 2  1
4 4  1
4 8  1
4 11  1
4 12  1
4 14  1
4 15  1
4 16  1
4 17  1
4 18  1
4 20  1
4 21  1
4 22  1
4 23  1
4 24  1
4 25  1
4 26  1
4 27  1
4 30  1
4 31  1
4 32  1
4 34  1
4 36  1
4 37  1
4 38  1
4 39  1
4 40  1
4 42  1
4 43  1
4 46  1
4 50  1
4 51  1
4 53  1
4 54  1
4 56  1
4 57  1
4 59  1
4 60  1
4 61  1
4 62  1
4 63  1
5 2  1
5 3  1
5 4  1
5 5  1
5 7  1
5 9  1
5 11  1
5 13  1
5 14  1
5 15  1
5 16  1
5 17  1
5 20  1
5 21  1
5 24  1
5 26  1
5 27  1
5 29  1
5 31  1
5 32  1
5 33  1
5 34  1
5 35  1
5 36  1
5 37  1
5 38  1
5 39  1
5 40  1
5 41  1
5 42  1
5 43  1
5 44  1
5 45  1
5 46  1
5 47  1
5 48  1
5 49  1
5 52  1
5 53  1
5 54  1
5 56  1
5 57  1
5 58  1
5 59  1
5 60  1
5 61  1
5 63  1
6 0  1
6 1  1
6 2  1
6 3  1
6 4  1
6 5  1
6 8  1
6 10  1
6 11  1
6 12  1
6 13  1
6 14  1
6 15  1
6 16  1
6 17  1
6 18  1
6 20  1
6 21  1
6 22  1
6 23  1
6 24  1
6 25  1
6 26  1
6 28  1
6 29  1
6 30  1
6 31  1
6 33  1
6 34  1
6 35  1
6 36  1
6 40  1
6 41  1
6 42  1
6 43  1
6 45  1
6 46  1
6 47  1
6 49  1
6 50  1
6 51  1
6 52  1
6 53  1
6 57  1
6 58  1
6 59  1
6 60  1
6 61  1
6 63  1
7 0  1
7 2  1
7 4  1
7 5  1
7 6  1
7 7  1
7 8  1
7 11  1
7 12  1
7 17  1
7 19  1
7 22  1
7 24  1
7 25  1
7 26  1
7 28  1
7 31  1
7 33  1
7 34  1
7 35  1
7 36  1
7 38  1
7 39  1
7 40  1
7 42  1
7 43  1
7 47  1
7 48  1
7 49  1
7 52  1
7 53  1
7 55  1
7 56  1
7 57  1
7 59  1
7 60  1
7 61  1
7 62  1
8 0  1
8 1  1
8 2  1
8 3  1
8 4  1
8 5  1
8 6  1
8 8  1
8 9  1
8 10  1
8 11  1
8 12  1
8 15  1
8 16  1
8 17  1
8 20  1
8 21  1
8 22  1
8 24  1
8 26  1
8 27  1
8 28  1
8 29  1
8 30  1
8 31  1
8 34  1
8 35  1
8 36  1
8 37  1
8 38  1
8 39  1
8 40  1
8 41  1
8 42  1
8 43  1
8 44  1
8 45  1
8 46  1
8 47  1
8 49  1
8 50  1
8 51  1
8 52  1
8 55  1
8 57  1
8 58  1
8 59  1
8 61  1
8 62  1
8 63  1
9 0  1
9 2  1
9 4  1
9 7  1
9 8  1
9 9  1
9 11  1
9 13  1
9 14  1
9 16  1
9 18  1
9 19  1
9 20  1
9 23  1
9 24  1
9 25  1
9 26  1
9 27  1
9 29  1
9 31  1
9 32  1
9 33  1
9 37  1
9 38  1
9 40  1
9 42  1
9 43  1
9 44  1
9 45  1
9 46  1
9 47  1
9 49  1
9 51  1
9 52  1
9 56  1
9 57  1
9 58  1
9 59  1
9 61  1
9 63  1
10 1  1
10 2  1
10 3  1
10 4  1
10 5  1
10 6  1
10 7  1
10 8  1
10 10  1
10 11  1
10 14  1
10 16  1
10 17  1
10 18  1
10 19  1
10 22  1
10 24  1
10 25  1
10 27  1
10 29  1
10 31  1
10 32  1
10 34  1
10 35  1
10 36  1
10 37  1
10 39  1
10 40  1
10 41  1
10 42  1
10 43  1
10 44  1
10 46  1
10 48  1
10 49  1
10 51  1
10 52  1
10 53  1
10 54  1
10 55  1
10 56  1
10 57  1
10 58  1
10 59  1
10 61  1
10 62  1
10 63  1
11 1  1
11 2  1
11 4  1
11 5  1
11 6  1
11 7  1
11 8  1
11 11  1
11 12  1
11 13  1
11 14  1
11 15  1
11 16  1
11 17  1
11 18  1
11 19  1
11 21  1
11 22  1
11 23  1
11 24  1
11 25  1
11 27  1
11 28  1
11 29  1
11 31  1
11 32  1
11 33  1
11 34  1
11 35  1
11 36  1
11 38  1
11 39  1
11 43  1
11 45  1
11 46  1
11 47  1
11 48  1
11 50  1
11 51  1
11 52  1
11 53  1
11 54  1
11 56  1
11 57  1
11 58  1
11 59  1
11 60  1
11 62  1
11 63  1
12 0  1
12 2  1
12 3  1
12 4  1
12 5  1
12 6  1
12 8  1
12 9  1
12 10  1
12 11  1
12 14  1
12 16  1
12 18  1
12 20  1
12 22  1
12 23  1
12 24  1
12 25  1
12 27  1
12 29  1
12 30  1
12 31  1
12 32  1
12 33  1
12 34  1
12 36  1
12 37  1
12 38  1
12 39  1
12 41  1
12 42  1
12 43  1
12 44  1
12 45  1
12 46  1
12 47  1
12 48  1
12 50  1
12 52  1
12 53  1
12 55  1
12 57  1
12 58  1
12 59  1
12 60  1
12 63  1
13 0  1
13 3  1
13 4  1
13 6  1
13 9  1
13 10  1
13 11  1
13 12  1
13 14  1
13 17  1
13 19  1
13 21  1
13 22  1
13 23  1
13 25  1
13 26  1
13 28  1
13 29  1
13 30  1
13 31  1
13 34  1
13 35  1
13 36  1
13 38  1
13 39  1
13 41  1
13 42  1
13 43  1
13 44  1
13 46  1
13 47  1
13 48  1
13 50  1
13 51  1
13 53  1
13 57  1
13 58  1
13 59  1
13 61  1
13 62  1
14 1  1
14 2  1
14 3  1
14 4  1
14 5  1
14 6  1
14 9  1
14 10  1
14 12  1
14 13  1
14 21  1
14 22  1
14 23  1
14 24  1
14 25  1
14 27  1
14 29  1
14 31  1
14 32  1
14 33  1
14 34  1
14 35  1
14 36  1
14 42  1
14 43  1
14 44  1
14 45  1
14 46  1
14 47  1
14 48  1
14 49  1
14 50  1
14 52  1
14 55  1
14 57  1
14 59  1
14 60  1
14 61  1
14 63  1
15 1  1
15 3  1
15 4  1
15 5  1
15 7  1
15 8  1
15 9  1
15 11  1
15 12  1
15 13  1
15 15  1
15 16  1
15 17  1
15 18  1
15 19  1
15 20  1
15 21  1
15 22  1
15 24  1
15 25  1
15 27  1
15 28  1
15 29  1
15 31  1
15 32  1
15 33  1
15 34  1
15 35  1
15 36  1
15 37  1
15 38  1
15 41  1
15 42  1
15 43  1
15 44  1
15 45  1
15 46  1
15 47  1
15 50  1
15 51  1
15 52  1
15 54  1
15 56  1
15 57  1
15 58  1
15 60  1
15 61  1
15 62  1
15 63  1
16 0  1
16 1  1
16 4  1
16 5  1
16 6  1
16 7  1
16 9  1
16 11  1
16 12  1
16 13  1
16 14  1
16 16  1
16 18  1
16 19  1
16 21  1
16 24  1
16 25  1
16 26  1
16 27  1
16 28  1
16 30  1
16 32  1
16 33  1
16 34  1
16 35  1
16 36  1
16 37  1
16 38  1
16 40  1
16 41  1
16 42  1
16 43  1
16 44  1
16 45  1
16 48  1
16 50  1
16 52  1
16 53  1
16 54  1
16 55  1
16 57  1
16 58  1
16 59  1
16 60  1
16 61  1
17 0  1
17 2  1
17 3  1
17 4  1
17 5  1
17 8  1
17 9  1
17 10  1
17 11  1
17 12  1
17 13  1
17 14  1
17 16  1
17 17  1
17 19  1
17 20  1
17 21  1
17 23  1
17 24  1
17 26  1
17 27  1
17 29  1
17 30  1
17 31  1
17 34  1
17 38  1
17 39  1
17 40  1
17 41  1
17 42  1
17 43  1
17 44  1
17 45  1
17 47  1
17 48  1
17 49  1
17 50  1
17 51  1
17 52  1
17 54  1
17 55  1
17 56  1
17 57  1
17 58  1
17 59  1
17 60  1
18 0  1
18 1  1
18 2  1
18 4  1
18 5  1
18 6  1
18 7  1
18 8  1
18 9  1
18 11  1
18 12  1
18 13  1
18 14  1
18 15  1
18 16  1
18 17  1
18 18  1
18 19  1
18 20  1
18 21  1
18 22  1
18 23  1
18 24  1
18 26  1
18 27  1
18 28  1
18 29  1
18 30  1
18 32  1
18 34  1
18 35  1
18 38  1
18 41  1
18 42  1
18 43  1
18 44  1
18 45  1
18 46  1
18 47  1
18 48  1
18 50  1
18 51  1
18 52  1
18 53  1
18 54  1
18 56  1
18 58  1
18 60  1
18 61  1
18 62  1
19 0  1
19 1  1
19 6  1
19 7  1
19 8  1
19 11  1
19 13  1
19 14  1
19 16  1
19 17  1
19 18  1
19 19  1
19 20  1
19 22  1
19 23  1
19 26  1
19 28  1
19 30  1
19 32  1
19 33  1
19 34  1
19 35  1
19 36  1
19 38  1
19 39  1
19 40  1
19 41  1
19 42  1
19 43  1
19 44  1
19 49  1
19 50  1
19 51  1
19 53  1
19 54  1
19 55  1
19 56  1
19 57  1
19 58  1
19 60  1
19 62  1
19 63  1
20 0  1
20 2  1
20 3  1
20 4  1
20 6  1
20 7  1
20 9  1
20 10  1
20 11  1
20 14  1
20 15  1
20 16  1
20 17  1
20 18  1
20 19  1
20 20  1
20 21  1
20 23  1
20 24  1
20 25  1
20 28  1
20 29  1
20 30  1
20 31  1
20 33  1
20 34  1
20 35  1
20 36  1
20 37  1
20 38  1
20 39  1
20 40  1
20 42  1
20 44  1
20 45  1
20 46  1
20 47  1
20 48  1
20 49  1
20 50  1
20 51  1
20 53  1
20 54  1
20 55  1
20 57  1
20 60  1
20 61  1
20 62  1
20 63  1
21 0  1
21 1  1
21 2  1
21 3  1
21 4  1
21 5  1
21 8  1
21 9  1
21 10  1
21 11  1
21 12  1
21 13  1
21 14  1
21 15  1
21 16  1
21 17  1
21 18  1
21 19  1
21 20  1
21 23  1
21 24  1
21 25  1
21 26  1
21 27  1
21 29  1
21 31  1
21 32  1
21 34  1
21 36  1
21 40  1
21 41  1
21 43  1
21 44  1
21 45  1
21 46  1
21 47  1
21 48  1
21 49  1
21 50  1
21 51  1
21 52  1
21 53  1
21 55  1
21 56  1
21 58  1
21 59  1
21 60  1
21 61  1
21 62  1
21 63  1
22 3  1
22 4  1
22 6  1
22 9  1
22 11  1
22 12  1
22 13  1
22 15  1
22 16  1
22 17  1
22 18  1
22 19  1
22 20  1
22 21  1
22 24  1
22 25  1
22 28  1
22 29  1
22 30  1
22 32  1
22 34  1
22 35  1
22 36  1
22 37  1
22 41  1
22 44  1
22 45  1
22 47  1
22 48  1
22 49  1
22 50  1
22 51  1
22 52  1
22 53  1
22 54  1
22 55  1
22 56  1
22 58  1
22 59  1
22 60  1
22 61  1
22 62  1
23 3  1
23 4  1
23 5  1
23 7  1
23 9  1
23 10  1
23 11  1
23 12  1
23 14  1
23 15  1
23 16  1
23 18  1
23 19  1
23 20  1
23 22  1
23 23  1
23 25  1
23 26  1
23 27  1
23 28  1
23 29  1
23 30  1
23 31  1
23 32  1
23 34  1
23 35  1
23 36  1
23 37  1
23 38  1
23 39  1
23 40  1
23 41  1
23 43  1
23 44  1
23 47  1
23 51  1
23 52  1
23 53  1
23 54  1
23 56  1
23 57  1
23 58  1
23 59  1
23 60  1
23 61  1
23 62  1
23 63  1
24 1  1
24 2  1
24 3  1
24 4  1
24 5  1
24 6  1
24 9  1
24 10  1
24 12  1
24 13  1
24 14  1
24 19  1
24 20  1
24 21  1
24 22  1
24 24  1
24 26  1
24 27  1
24 28  1
24 29  1
24 30  1
24 32  1
24 34  1
24 36  1
24 37  1
24 38  1
24 39  1
24 42  1
24 43  1
24 44  1
24 46  1
24 47  1
24 49  1
24 50  1
24 51  1
24 53  1
24 54  1
24 55  1
24 57  1
24 59  1
24 60  1
24 61  1
24 63  1
25 1  1
25 2  1
25 3  1
25 4  1
25 5  1
25 6  1
25 7  1
25 8  1
25 10  1
25 11  1
25 12  1
25 13  1
25 14  1
25 15  1
25 16  1
25 17  1
25 18  1
25 19  1
25 20  1
25 21  1
25 22  1
25 23  1
25 24  1
25 30  1
25 31  1
25 32  1
25 35  1
25 38  1
25 39  1
25 40  1
25 41  1
25 42  1
25 43  1
25 44  1
25 46  1
25 47  1
25 52  1
25 54  1
25 56  1
25 57  1
25 58  1
25 60  1
25 61  1
25 62  1
26 0  1
26 1  1
26 3  1
26 4  1
26 5  1
26 6  1
26 8  1
26 11  1
26 12  1
26 14  1
26 15  1
26 16  1
26 19  1
26 22  1
26 25  1
26 27  1
26 28  1
26 34  1
26 36  1
26 37  1
26 38  1
26 39  1
26 41  1
26 42  1
26 44  1
26 45  1
26 46  1
26 47  1
26 49  1
26 51  1
26 52  1
26 55  1
26 56  1
26 57  1
26 58  1
26 59  1
26 60  1
26 62  1
26 63  1
27 0  1
27 1  1
27 2  1
27 4  1
27 5  1
27 6  1
27 9  1
27 10  1
27 12  1
27 13  1
27 14  1
27 15  1
27 16  1
27 17  1
27 18  1
27 19  1
27 20  1
27 23  1
27 24  1
27 25  1
27 27  1
27 28  1
27 29  1
27 30  1
27 32  1
27 33  1
27 34  1
27 35  1
27 36  1
27 38  1
27 40  1
27 41  1
27 43  1
27 46  1
27 48  1
27 49  1
27 51  1
27 53  1
27 55  1
27 56  1
27 57  1
27 60  1
27 62  1
27 63  1
28 1  1
28 2  1
28 4  1
28 5  1
28 7  1
28 8  1
28 9  1
28 15  1
28 16  1
28 17  1
28 18  1
28 19  1
28 20  1
28 21  1
28 22  1
28 24  1
28 26  1
28 27  1
28 29  1
28 30  1
28 31  1
28 37  1
28 38  1
28 40  1
28 42  1
28 43  1
28 44  1
28 45  1
28 46  1
28 47  1
28 48  1
28 49  1
28 51  1
28 52  1
28 53  1
28 54  1
28 56  1
28 58  1
28 60  1
28 61  1
28 62  1
29 1  1
29 3  1
29 5  1
29 7  1
29 8  1
29 10  1
29 11  1
29 14  1
29 15  1
29 16  1
29 17  1
29 18  1
29 19  1
29 20  1
29 21  1
29 24  1
29 25  1
29 26  1
29 28  1
29 31  1
29 32  1
29 34  1
29 35  1
29 36  1
29 37  1
29 38  1
29 39  1
29 40  1
29 41  1
29 42  1
29 43  1
29 45  1
29 47  1
29 48  1
29 49  1
29 50  1
29 51  1
29 54  1
29 55  1
29 56  1
29 57  1
29 58  1
29 60  1
29 61  1
30 0  1
30 1  1
30 2  1
30 3  1
30 4  1
30 5  1
30 6  1
30 7  1
30 8  1
30 9  1
30 10  1
30 12  1
30 13  1
30 14  1
30 17  1
30 18  1
30 19  1
30 20  1
30 22  1
30 23  1
30 24  1
30 25  1
30 27  1
30 28  1
30 29  1
30 30  1
30 34  1
30 35  1
30 36  1
30 39  1
30 40  1
30 41  1
30 42  1
30 43  1
30 44  1
30 45  1
30 46  1
30 48  1
30 49  1
30 50  1
30 51  1
30 52  1
30 53  1
30 54  1
30 55  1
30 57  1
30 58  1
30 59  1
30 60  1
31 0  1
31 1  1
31 2  1
31 4  1
31 5  1
31 6  1
31 8  1
31 9  1
31 11  1
31 12  1
31 15  1
31 17  1
31 18  1
31 19  1
31 20  1
31 21  1
31 23  1
31 24  1
31 25  1
31 26  1
31 28  1
31 31  1
31 33  1
31 34  1
31 38  1
31 39  1
31 40  1
31 41  1
31 42  1
31 43  1
31 44  1
31 46  1
31 47  1
31 48  1
31 49  1
31 50  1
31 51  1
31 52  1
31 53  1
31 56  1
31 57  1
31 58  1
31 59  1
31 60  1
31 61  1
31 62  1
32 1  1
32 4  1
32 5  1
32 6  1
32 9  1
32 10  1
32 12  1
32 15  1
32 16  1
32 19  1
32 20  1
32 21  1
32 22  1
32 23  1
32 25  1
32 26  1
32 29  1
32 31  1
32 32  1
32 33  1
32 35  1
32 36  1
32 38  1
32 42  1
32 43  1
32 44  1
32 45  1
32 46  1
32 47  1
32 49  1
32 50  1
32 51  1
32 52  1
32 53  1
32 54  1
32 56  1
32 58  1
32 62  1
32 63  1
33 0  1
33 2  1
33 5  1
33 8  1
33 9  1
33 10  1
33 11  1
33 12  1
33 13  1
33 14  1
33 15  1
33 16  1
33 17  1
33 19  1
33 20  1
33 21  1
33 22  1
33 27  1
33 28  1
33 29  1
33 30  1
33 31  1
33 32  1
33 34  1
33 37  1
33 38  1
33 39  1
33 42  1
33 43  1
33 45  1
33 47  1
33 49  1
33 52  1
33 53  1
33 54  1
33 55  1
33 59  1
33 62  1
33 63  1
34 1  1
34 4  1
34 5  1
34 8  1
34 9  1
34 10  1
34 11  1
34 13  1
34 14  1
34 15  1
34 16  1
34 17  1
34 19  1
34 21  1
34 22  1
34 23  1
34 24  1
34 25  1
34 26  1
34 27  1
34 28  1
34 29  1
34 30  1
34 31  1
34 33  1
34 34  1
34 35  1
34 38  1
34 39  1
34 41  1
34 43  1
34 44  1
34 45  1
34 46  1
34 47  1
34 48  1
34 51  1
34 54  1
34 56  1
34 60  1
34 61  1
34 62  1
35 0  1
35 1  1
35 2  1
35 3  1
35 4  1
35 5  1
35 6  1
35 7  1
35 9  1
35 11  1
35 12  1
35 13  1
35 15  1
35 16  1
35 17  1
35 18  1
35 19  1
35 20  1
35 21  1
35 23  1
35 24  1
35 25  1
35 26  1
35 27  1
35 28  1
35 29  1
35 31  1
35 33  1
35 34  1
35 35  1
35 36  1
35 38  1
35 39  1
35 40  1
35 41  1
35 42  1
35 43  1
35 44  1
35 45  1
35 46  1
35 47  1
35 49  1
35 50  1
35 51  1
35 52  1
35 53  1
35 54  1
35 55  1
35 56  1
35 57  1
35 61  1
35 62  1
36 1  1
36 2  1
36 3  1
36 4  1
36 5  1
36 6  1
36 7  1
36 8  1
36 9  1
36 10  1
36 11  1
36 12  1
36 13  1
36 14  1
36 15  1
36 16  1
36 17  1
36 18  1
36 19  1
36 20  1
36 22  1
36 23  1
36 24  1
36 25  1
36 26  1
36 28  1
36 29  1
36 31  1
36 32  1
36 33  1
36 34  1
36 35  1
36 36  1
36 37  1
36 38  1
36 40  1
36 41  1
36 42  1
36 46  1
36 47  1
36 48  1
36 50  1
36 51  1
36 52  1
36 53  1
36 54  1
36 55  1
36 56  1
36 59  1
36 61  1
36 63  1
37 2  1
37 4  1
37 6  1
37 8  1
37 10  1
37 11  1
37 12  1
37 14  1
37 15  1
37 20  1
37 21  1
37 22  1
37 23  1
37 24  1
37 25  1
37 26  1
37 27  1
37 28  1
37 29  1
37 30  1
37 31  1
37 32  1
37 33  1
37 35  1
37 38  1
37 39  1
37 40  1
37 42  1
37 44  1
37 46  1
37 49  1
37 50  1
37 51  1
37 53  1
37 55  1
37 57  1
37 58  1
37 59  1
37 60  1
38 0  1
38 1  1
38 2  1
38 4  1
38 6  1
38 7  1
38 8  1
38 9  1
38 10  1
38 11  1
38 12  1
38 13  1
38 14  1
38 15  1
38 16  1
38 18  1
38 19  1
38 20  1
38 21  1
38 22  1
38 24  1
38 25  1
38 27  1
38 29  1
38 30  1
38 33  1
38 34  1
38 35  1
38 37  1
38 38  1
38 40  1
38 41  1
38 42  1
38 44  1
38 46  1
38 47  1
38 48  1
38 49  1
38 50  1
38 52  1
38 53  1
38 56  1
38 57  1
38 58  1
38 60  1
38 61  1
38 63  1
39 0  1
39 1  1
39 3  1
39 4  1
39 5  1
39 6  1
39 8  1
39 9  1
39 11  1
39 12  1
39 13  1
39 14  1
39 16  1
39 18  1
39 19  1
39 21  1
39 22  1
39 23  1
39 25  1
39 26  1
39 30  1
39 32  1
39 33  1
39 34  1
39 36  1
39 37  1
39 38  1
39 40  1
39 43  1
39 44  1
39 45  1
39 46  1
39 47  1
39 48  1
39 49  1
39 50  1
39 51  1
39 52  1
39 53  1
39 57  1
39 58  1
39 59  1
39 60  1
39 62  1
39 63  1
40 1  1
40 2  1
40 3  1
40 4  1
40 6  1
40 7  1
40 8  1
40 10  1
40 12  1
40 14  1
40 16  1
40 18  1
40 19  1
40 23  1
40 25  1
40 26  1
40 28  1
40 29  1
40 32  1
40 33  1
40 34  1
40 35  1
40 36  1
40 37  1
40 38  1
40 39  1
40 41  1
40 42  1
40 43  1
40 44  1
40 45  1
40 46  1
40 47  1
40 48  1
40 50  1
40 51  1
40 52  1
40 53  1
40 55  1
40 56  1
40 57  1
40 59  1
40 62  1
40 63  1
41 0  1
41 4  1
41 5  1
41 6  1
41 7  1
41 8  1
41 9  1
41 10  1
41 12  1
41 13  1
41 14  1
41 16  1
41 17  1
41 18  1
41 20  1
41 21  1
41 22  1
41 23  1
41 25  1
41 26  1
41 28  1
41 30  1
41 31  1
41 32  1
41 33  1
41 36  1
41 37  1
41 40  1
41 42  1
41 43  1
41 44  1
41 46  1
41 47  1
41 48  1
41 50  1
41 51  1
41 53  1
41 54  1
41 55  1
41 56  1
41 57  1
41 58  1
41 59  1
41 60  1
41 61  1
41 63  1
42 2  1
42 3  1
42 4  1
42 5  1
42 6  1
42 7  1
42 8  1
42 9  1
42 10  1
42 12  1
42 13  1
42 14  1
42 15  1
42 16  1
42 17  1
42 19  1
42 21  1
42 23  1
42 25  1
42 26  1
42 27  1
42 28  1
42 31  1
42 32  1
42 34  1
42 35  1
42 36  1
42 37  1
42 39  1
42 40  1
42 41  1
42 42  1
42 43  1
42 44  1
42 45  1
42 46  1
42 47  1
42 48  1
42 51  1
42 53  1
42 55  1
42 56  1
42 57  1
42 58  1
42 60  1
42 61  1
42 63  1
43 2  1
43 4  1
43 6  1
43 7  1
43 8  1
43 9  1
43 10  1
43 11  1
43 13  1
43 14  1
43 15  1
43 19  1
43 20  1
43 22  1
43 23  1
43 24  1
43 25  1
43 26  1
43 31  1
43 32  1
43 33  1
43 35  1
43 37  1
43 38  1
43 39  1
43 40  1
43 41  1
43 43  1
43 44  1
43 45  1
43 46  1
43 47  1
43 48  1
43 49  1
43 50  1
43 51  1
43 52  1
43 54  1
43 55  1
43 56  1
43 58  1
43 59  1
43 60  1
44 0  1
44 1  1
44 2  1
44 3  1
44 4  1
44 5  1
44 6  1
44 10  1
44 11  1
44 13  1
44 14  1
44 15  1
44 16  1
44 18  1
44 19  1
44 20  1
44 22  1
44 23  1
44 24  1
44 26  1
44 28  1
44 29  1
44 31  1
44 32  1
44 34  1
44 37  1
44 39  1
44 41  1
44 42  1
44 43  1
44 44  1
44 45  1
44 46  1
44 49  1
44 51  1
44 53  1
44 57  1
44 58  1
44 59  1
44 60  1
44 63  1
45 0  1
45 1  1
45 2  1
45 4  1
45 5  1
45 6  1
45 7  1
45 8  1
45 9  1
45 14  1
45 19  1
45 20  1
45 21  1
45 22  1
45 23  1
45 24  1
45 25  1
45 26  1
45 27  1
45 29  1
45 31  1
45 32  1
45 33  1
45 35  1
45 36  1
45 38  1
45 39  1
45 40  1
45 41  1
45 42  1
45 43  1
45 44  1
45 45  1
45 46  1
45 49  1
45 51  1
45 53  1
45 54  1
45 55  1
45 56  1
45 57  1
45 58  1
45 59  1
45 60  1
45 62  1
45 63  1
46 0  1
46 1  1
46 3  1
46 5  1
46 6  1
46 7  1
46 8  1
46 10  1
46 11  1
46 12  1
46 13  1
46 14  1
46 16  1
46 17  1
46 19  1
46 21  1
46 22  1
46 23  1
46 25  1
46 26  1
46 27  1
46 28  1
46 29  1
46 30  1
46 32  1
46 35  1
46 36  1
46 37  1
46 38  1
46 41  1
46 43  1
46 45  1
46 47  1
46 48  1
46 49  1
46 51  1
46 54  1
46 57  1
46 58  1
46 60  1
46 61  1
46 62  1
46 63  1
47 3  1
47 4  1
47 5  1
47 7  1
47 8  1
47 9  1
47 11  1
47 12  1
47 13  1
47 14  1
47 15  1
47 16  1
47 17  1
47 18  1
47 19  1
47 20  1
47 21  1
47 22  1
47 23  1
47 24  1
47 25  1
47 28  1
47 29  1
47 30  1
47 31  1
47 33  1
47 34  1
47 35  1
47 36  1
47 37  1
47 39  1
47 40  1
47 43  1
47 45  1
47 46  1
47 48  1
47 49  1
47 50  1
47 51  1
47 52  1
47 53  1
47 54  1
47 55  1
47 56  1
47 57  1
47 60  1
47 61  1
47 62  1
48 0  1
48 1  1
48 2  1
48 3  1
48 5  1
48 6  1
48 7  1
48 9  1
48 10  1
48 11  1
48 12  1
48 13  1
48 14  1
48 15  1
48 16  1
48 17  1
48 19  1
48 20  1
48 21  1
48 22  1
48 23  1
48 24  1
48 26  1
48 27  1
48 29  1
48 30  1
48 31  1
48 32  1
48 35  1
48 38  1
48 39  1
48 43  1
48 44  1
48 47  1
48 48  1
48 50  1
48 52  1
48 53  1
48 54  1
48 55  1
48 59  1
48 60  1
48 62  1
48 63  1
49 0  1
49 1  1
49 4  1
49 5  1
49 6  1
49 7  1
49 10  1
49 12  1
49 15  1
49 16  1
49 17  1
49 19  1
49 21  1
49 22  1
49 24  1
49 26  1
49 28  1
49 32  1
49 35  1
49 36  1
49 38  1
49 39  1
49 40  1
49 43  1
49 44  1
49 46  1
49 47  1
49 48  1
49 49  1
49 50  1
49 51  1
49 52  1
49 54  1
49 58  1
49 61  1
50 1  1
50 2  1
50 4  1
50 5  1
50 6  1
50 9  1
50 11  1
50 13  1
50 15  1
50 16  1
50 17  1
50 18  1
50 19  1
50 20  1
50 21  1
50 22  1
50 24  1
50 26  1
50 27  1
50 28  1
50 29  1
50 31  1
50 32  1
50 33  1
50 34  1
50 36  1
50 39  1
50 42  1
50 44  1
50 45  1
50 46  1
50 47  1
50 48  1
50 49  1
50 54  1
50 55  1
50 56  1
50 57  1
50 58  1
50 60  1
50 61  1
50 63  1
51 0  1
51 1  1
51 2  1
51 3  1
51 6  1
51 7  1
51 8  1
51 9  1
51 10  1
51 11  1
51 12  1
51 14  1
51 15  1
51 16  1
51 18  1
51 20  1
51 21  1
51 24  1
51 26  1
51 27  1
51 33  1
51 34  1
51 35  1
51 37  1
51 38  1
51 39  1
51 40  1
51 41  1
51 43  1
51 44  1
51 45  1
51 48  1
51 49  1
51 50  1
51 51  1
51 52  1
51 55  1
51 56  1
51 58  1
51 59  1
51 60  1
51 61  1
51 62  1
51 63  1
52 0  1
52 1  1
52 3  1
52 6  1
52 7  1
52 8  1
52 9  1
52 10  1
52 11  1
52 12  1
52 13  1
52 14  1
52 15  1
52 18  1
52 19  1
52 20  1
52 23  1
52 25  1
52 26  1
52 28  1
52 29  1
52 30  1
52 31  1
52 32  1
52 33  1
52 34  1
52 35  1
52 39  1
52 40  1
52 42  1
52 43  1
52 44  1
52 45  1
52 46  1
52 47  1
52 49  1
52 51  1
52 52  1
52 53  1
52 54  1
52 55  1
52 56  1
52 60  1
52 62  1
52 63  1
53 0  1
53 1  1
53 2  1
53 3  1
53 4  1
53 5  1
53 6  1
53 7  1
53 9  1
53 10  1
53 11  1
53 12  1
53 13  1
53 14  1
53 15  1
53 16  1
53 18  1
53 22  1
53 23  1
53 25  1
53 29  1
53 30  1
53 32  1
53 33  1
53 34  1
53 38  1
53 40  1
53 41  1
53 42  1
53 43  1
53 44  1
53 46  1
53 49  1
53 51  1
53 52  1
53 55  1
53 56  1
53 58  1
53 59  1
53 60  1
53 61  1
53 63  1
54 0  1
54 1  1
54 2  1
54 3  1
54 4  1
54 6  1
54 7  1
54 8  1
54 9  1
54 11  1
54 12  1
54 14  1
54 17  1
54 20  1
54 22  1
54 23  1
54 29  1
54 30  1
54 31  1
54 32  1
54 34  1
54 36  1
54 37  1
54 39  1
54 41  1
54 43  1
54 45  1
54 51  1
54 54  1
54 56  1
54 57  1
54 58  1
54 59  1
54 60  1
54 61  1
54 63  1
55 0  1
55 1  1
55 4  1
55 6  1
55 7  1
55 8  1
55 9  1
55 10  1
55 11  1
55 16  1
55 18  1
55 19  1
55 20  1
55 21  1
55 22  1
55 23  1
55 24  1
55 25  1
55 26  1
55 28  1
55 30  1
55 31  1
55 32  1
55 33  1
55 34  1
55 35  1
55 37  1
55 38  1
55 39  1
55 40  1
55 41  1
55 45  1
55 47  1
55 50  1
55 51  1
55 53  1
55 54  1
55 55  1
55 57  1
55 58  1
55 59  1
55 60  1
55 61  1
55 63  1
56 1  1
56 4  1
56 5  1
56 7  1
56 8  1
56 9  1
56 10  1
56 11  1
56 12  1
56 13  1
56 15  1
56 16  1
56 17  1
56 19  1
56 20  1
56 21  1
56 22  1
56 23  1
56 24  1
56 25  1
56 27  1
56 28  1
56 30  1
56 31  1
56 32  1
56 33  1
56 34  1
56 36  1
56 37  1
56 39  1
56 40  1
56 41  1
56 42  1
56 43  1
56 44  1
56 47  1
56 48  1
56 49  1
56 50  1
56 51  1
56 52  1
56 53  1
56 54  1
56 56  1
56 58  1
56 59  1
56 60  1
56 61  1
56 62  1
56 63  1
57 0  1
57 1  1
57 2  1
57 5  1
57 6  1
57 7  1
57 8  1
57 9  1
57 10  1
57 12  1
57 13  1
57 14  1
57 15  1
57 18  1
57 21  1
57 24  1
57 25  1
57 27  1
57 28  1
57 30  1
57 31  1
57 32  1
57 34  1
57 35  1
57 36  1
57 37  1
57 38  1
57 39  1
57 40  1
57 42  1
57 43  1
57 44  1
57 45  1
57 48  1
57 49  1
57 50  1
57 53  1
57 54  1
57 55  1
57 56  1
57 57  1
57 58  1
57 59  1
57 60  1
57 61  1
58 0  1
58 2  1
58 3  1
58 4  1
58 5  1
58 8  1
58 10  1
58 11  1
58 13  1
58 14  1
58 15  1
58 16  1
58 17  1
58 20  1
58 21  1
58 22  1
58 24  1
58 25  1
58 28  1
58 29  1
58 32  1
58 33  1
58 34  1
58 36  1
58 37  1
58 38  1
58 40  1
58 42  1
58 43  1
58 44  1
58 45  1
58 47  1
58 49  1
58 50  1
58 51  1
58 52  1
58 55  1
58 57  1
58 58  1
58 59  1
58 61  1
58 62  1
58 63  1
59 1  1
59 2  1
59 3  1
59 4  1
59 5  1
59 7  1
59 8  1
59 9  1
59 10  1
59 12  1
59 13  1
59 14  1
59 15  1
59 16  1
59 17  1
59 18  1
59 19  1
59 20  1
59 21  1
59 25  1
59 26  1
59 27  1
59 28  1
59 29  1
59 30  1
59 31  1
59 32  1
59 33  1
59 34  1
59 35  1
59 37  1
59 39  1
59 40  1
59 41  1
59 42  1
59 45  1
59 46  1
59 47  1
59 48  1
59 50  1
59 51  1
59 55  1
59 56  1
59 57  1
59 58  1
59 59  1
59 61  1
60 0  1
60 1  1
60 3  1
60 4  1
60 10  1
60 11  1
60 13  1
60 15  1
60 16  1
60 17  1
60 18  1
60 20  1
60 21  1
60 23  1
60 24  1
60 25  1
60 26  1
60 27  1
60 28  1
60 29  1
60 30  1
60 31  1
60 32  1
60 35  1
60 37  1
60 38  1
60 40  1
60 42  1
60 43  1
60 45  1
60 46  1
60 47  1
60 48  1
60 49  1
60 52  1
60 54  1
60 55  1
60 57  1
60 58  1
60 59  1
60 60  1
60 61  1
60 62  1
61 0  1
61 2  1
61 3  1
61 4  1
61 5  1
61 8  1
61 9  1
61 11  1
61 12  1
61 13  1
61 14  1
61 16  1
61 18  1
61 20  1
61 22  1
61 23  1
61 25  1
61 26  1
61 28  1
61 29  1
61 30  1
61 31  1
61 32  1
61 34  1
61 35  1
61 36  1
61 37  1
61 38  1
61 39  1
61 40  1
61 41  1
61 42  1
61 43  1
61 44  1
61 45  1
61 46  1
61 48  1
61 49  1
61 50  1
61 51  1
61 53  1
61 54  1
61 56  1
61 57  1
61 58  1
61 61  1
61 63  1
62 0  1
62 2  1
62 3  1
62 5  1
62 6  1
62 7  1
62 10  1
62 12  1
62 13  1
62 15  1
62 16  1
62 17  1
62 18  1
62 20  1
62 22  1
62 23  1
62 24  1
62 26  1
62 27  1
62 28  1
62 30  1
62 31  1
62 32  1
62 33  1
62 34  1
62 35  1
62 36  1
62 37  1
62 38  1
62 39  1
62 42  1
62 43  1
62 44  1
62 46  1
62 47  1
62 49  1
62 50  1
62 51  1
62 53  1
62 54  1
62 55  1
62 56  1
62 57  1
62 58  1
62 59  1
62 60  1
62 62  1
62 63  1
63 1  1
63 2  1
63 3  1
63 4  1
63 5  1
63 7  1
63 8  1
63 11  1
63 16  1
63 17  1
63 18  1
63 20  1
63 22  1
63 23  1
63 24  1
63 25  1
63 26  1
63 28  1
63 29  1
63 30  1
63 31  1
63 32  1
63 34  1
63 36  1
63 37  1
63 38  1
63 39  1
63 40  1
63 41  1
63 42  1
63 43  1
63 44  1
63 46  1
63 47  1
63 48  1
63 49  1
63 50  1
63 51  1
63 52  1
63 53  1
63 54  1
63 55  1
63 57  1
63 59  1
63 60  1
63 61  1
