size: 2821
Tuples
0 0  1
0 1  1
0 6  1
0 8  1
0 9  1
0 10  1
0 12  1
0 13  1
0 14  1
0 16  1
0 17  1
0 18  1
0 19  1
0 20  1
0 22  1
0 25  1
0 27  1
0 28  1
0 29  1
0 31  1
0 32  1
0 34  1
0 38  1
0 39  1
0 40  1
0 41  1
0 42  1
0 43  1
0 44  1
0 45  1
0 46  1
0 47  1
0 48  1
0 51  1
0 53  1
0 55  1
0 57  1
0 58  1
0 59  1
0 60  1
0 62  1
0 63  1
1 0  1
1 2  1
1 3  1
1 4  1
1 5  1
1 6  1
1 8  1
1 10  1
1 11  1
1 13  1
1 14  1
1 16  1
1 17  1
1 19  1
1 20  1
1 21  1
1 23  1
1 24  1
1 25  1
1 26  1
1 27  1
1 28  1
1 30  1
1 31  1
1 32  1
1 33  1
1 34  1
1 36  1
1 37  1
1 38  1
1 39  1
1 40  1
1 42  1
1 43  1
1 44  1
1 45  1
1 46  1
1 47  1
1 48  1
1 49  1
1 50  1
1 51  1
1 54  1
1 55  1
1 57  1
1 60  1
1 63  1
2 0  1
2 3  1
2 5  1
2 7  1
2 8  1
2 10  1
2 11  1
2 12  1
2 13  1
2 14  1
2 15  1
2 17  1
2 18  1
2 20  1
2 21  1
2 23  1
2 24  1
2 25  1
2 26  1
2 27  1
2 28  1
2 29  1
2 30  1
2 31  1
2 32  1
2 34  1
2 35  1
2 36  1
2 37  1
2 38  1
2 42  1
2 43  1
2 44  1
2 46  1
2 47  1
2 48  1
2 50  1
2 51  1
2 52  1
2 56  1
2 57  1
2 60  1
2 61  1
2 62  1
3 0  1
3 1  1
3 3  1
3 4  1
3 5  1
3 6  1
3 7  1
3 8  1
3 10  1
3 11  1
3 12  1
3 15  1
3 16  1
3 18  1
3 20  1
3 21  1
3 22  1
3 23  1
3 24  1
3 27  1
3 28  1
3 29  1
3 31  1
3 32  1
3 34  1
3 35  1
3 36  1
3 37  1
3 38  1
3 39  1
3 40  1
3 41  1
3 42  1
3 44  1
3 46  1
3 47  1
3 48  1
3 49  1
3 51  1
3 52  1
3 53  1
3 54  1
3 57  1
3 59  1
3 60  1
3 61  1
3 62  1
4 1  1
4 2  1
4 3  1
4 4  1
4 5  1
4 7  1
4 8  1
4 10  1
4 12  1
4 13  1
4 14  1
4 15  1
4 16  1
4 17  1
4 19  1
4 20  1
4 21  1
4 24  1
4 25  1
4 27  1
4 28  1
4 29  1
4 30  1
4 31  1
4 32  1
4 33  1
4 34  1
4 35  1
4 37  1
4 38  1
4 39  1
4 40  1
4 41  1
4 42  1
4 43  1
4 44  1
4 45  1
4 46  1
4 47  1
4 48  1
4 49  1
4 50  1
4 51  1
4 52  1
4 53  1
4 54  1
4 55  1
4 56  1
4 58  1
4 59  1
4 60  1
4 61  1
4 62  1
4 63  1
5 1  1
5 3  1
5 4  1
5 5  1
5 7  1
5 8  1
5 10  1
5 12  1
5 13  1
5 15  1
5 16  1
5 18  1
5 19  1
5 21  1
5 22  1
5 24  1
5 25  1
5 26  1
5 27  1
5 28  1
5 29  1
5 30  1
5 31  1
5 32  1
5 33  1
5 34  1
5 35  1
5 36  1
5 39  1
5 41  1
5 42  1
5 43  1
5 45  1
5 47  1
5 49  1
5 51  1
5 53  1
5 56  1
5 57  1
5 61  1
5 62  1
5 63  1
6 0  1
6 1  1
6 3  1
6 5  1
6 6  1
6 7  1
6 8  1
6 10  1
6 11  1
6 13  1
6 14  1
6 15  1
6 19  1
6 20  1
6 21  1
6 23  1
6 24  1
6 25  1
6 26  1
6 27  1
6 28  1
6 29  1
6 30  1
6 31  1
6 32  1
6 33  1
6 35  1
6 38  1
6 42  1
6 43  1
6 44  1
6 45  1
6 46  1
6 48  1
6 49  1
6 50  1
6 52  1
6 54  1
6 56  1
6 58  1
6 59  1
6 60  1
6 62  1
7 0  1
7 2  1
7 3  1
7 4  1
7 5  1
7 8  1
7 9  1
7 13  1
7 14  1
7 15  1
7 16  1
7 18  1
7 19  1
7 20  1
7 22  1
7 24  1
7 25  1
7 27  1
7 28  1
7 29  1
7 30  1
7 31  1
7 32  1
7 33  1
7 34  1
7 35  1
7 38  1
7 39  1
7 40  1
7 41  1
7 44  1
7 45  1
7 46  1
7 50  1
7 52  1
7 53  1
7 54  1
7 56  1
7 57  1
7 58  1
7 60  1
7 61  1
7 62  1
7 63  1
8 0  1
8 1  1
8 2  1
8 3  1
8 4  1
8 5  1
8 6  1
8 7  1
8 8  1
8 10  1
8 11  1
8 14  1
8 16  1
8 17  1
8 18  1
8 20  1
8 21  1
8 22  1
8 23  1
8 24  1
8 27  1
8 29  1
8 30  1
8 31  1
8 32  1
8 33  1
8 34  1
8 35  1
8 37  1
8 38  1
8 41  1
8 42  1
8 43  1
8 44  1
8 45  1
8 46  1
8 47  1
8 49  1
8 50  1
8 51  1
8 52  1
8 53  1
8 55  1
8 56  1
8 57  1
8 59  1
8 60  1
8 62  1
8 63  1
9 0  1
9 2  1
9 3  1
9 4  1
9 10  1
9 11  1
9 12  1
9 14  1
9 15  1
9 17  1
9 19  1
9 21  1
9 22  1
9 23  1
9 24  1
9 25  1
9 26  1
9 28  1
9 29  1
9 30  1
9 32  1
9 34  1
9 35  1
9 37  1
9 39  1
9 40  1
9 42  1
9 43  1
9 44  1
9 45  1
9 48  1
9 49  1
9 50  1
9 51  1
9 52  1
9 53  1
9 54  1
9 55  1
9 57  1
9 58  1
9 59  1
9 60  1
9 63  1
10 1  1
10 2  1
10 3  1
10 4  1
10 5  1
10 6  1
10 8  1
10 9  1
10 11  1
10 14  1
10 16  1
10 18  1
10 19  1
10 22  1
10 23  1
10 24  1
10 26  1
10 27  1
10 29  1
10 30  1
10 31  1
10 32  1
10 33  1
10 34  1
10 35  1
10 36  1
10 37  1
10 38  1
10 39  1
10 40  1
10 41  1
10 42  1
10 43  1
10 45  1
10 47  1
10 49  1
10 52  1
10 54  1
10 55  1
10 56  1
10 57  1
10 58  1
10 59  1
10 61  1
10 63  1
11 0  1
11 3  1
11 4  1
11 5  1
11 6  1
11 7  1
11 8  1
11 9  1
11 11  1
11 16  1
11 17  1
11 18  1
11 19  1
11 20  1
11 21  1
11 23  1
11 24  1
11 25  1
11 27  1
11 28  1
11 29  1
11 32  1
11 33  1
11 34  1
11 35  1
11 36  1
11 38  1
11 40  1
11 41  1
11 44  1
11 45  1
11 46  1
11 47  1
11 49  1
11 51  1
11 52  1
11 53  1
11 55  1
11 56  1
11 57  1
11 58  1
11 59  1
11 60  1
11 61  1
11 62  1
11 63  1
12 0  1
12 1  1
12 3  1
12 4  1
12 5  1
12 6  1
12 8  1
12 9  1
12 12  1
12 13  1
12 14  1
12 15  1
12 16  1
12 17  1
12 18  1
12 19  1
12 20  1
12 22  1
12 23  1
12 25  1
12 27  1
12 29  1
12 30  1
12 32  1
12 33  1
12 35  1
12 37  1
12 38  1
12 39  1
12 41  1
12 42  1
12 43  1
12 44  1
12 46  1
12 47  1
12 48  1
12 49  1
12 51  1
12 52  1
12 53  1
12 54  1
12 55  1
12 56  1
12 58  1
12 59  1
12 61  1
12 63  1
13 1  1
13 2  1
13 3  1
13 4  1
13 8  1
13 9  1
13 10  1
13 11  1
13 12  1
13 13  1
13 14  1
13 15  1
13 20  1
13 24  1
13 25  1
13 31  1
13 32  1
13 34  1
13 35  1
13 36  1
13 37  1
13 38  1
13 40  1
13 43  1
13 45  1
13 46  1
13 48  1
13 49  1
13 51  1
13 53  1
13 55  1
13 56  1
13 58  1
13 59  1
13 60  1
13 62  1
13 63  1
14 0  1
14 3  1
14 4  1
14 6  1
14 8  1
14 9  1
14 10  1
14 11  1
14 13  1
14 14  1
14 15  1
14 16  1
14 17  1
14 18  1
14 19  1
14 22  1
14 23  1
14 29  1
14 30  1
14 31  1
14 32  1
14 34  1
14 35  1
14 36  1
14 37  1
14 41  1
14 42  1
14 43  1
14 44  1
14 45  1
14 46  1
14 47  1
14 48  1
14 49  1
14 51  1
14 53  1
14 54  1
14 56  1
14 57  1
14 58  1
14 60  1
14 61  1
14 62  1
14 63  1
15 1  1
15 2  1
15 3  1
15 4  1
15 5  1
15 8  1
15 9  1
15 10  1
15 14  1
15 16  1
15 17  1
15 20  1
15 21  1
15 22  1
15 23  1
15 25  1
15 27  1
15 29  1
15 31  1
15 37  1
15 38  1
15 39  1
15 41  1
15 42  1
15 43  1
15 44  1
15 45  1
15 47  1
15 49  1
15 50  1
15 51  1
15 52  1
15 53  1
15 54  1
15 55  1
15 57  1
15 58  1
15 61  1
15 62  1
15 63  1
16 0  1
16 1  1
16 2  1
16 3  1
16 5  1
16 6  1
16 7  1
16 9  1
16 10  1
16 12  1
16 13  1
16 14  1
16 16  1
16 17  1
16 18  1
16 19  1
16 20  1
16 22  1
16 23  1
16 24  1
16 26  1
16 27  1
16 29  1
16 30  1
16 32  1
16 33  1
16 34  1
16 35  1
16 36  1
16 37  1
16 39  1
16 40  1
16 41  1
16 42  1
16 43  1
16 44  1
16 45  1
16 46  1
16 47  1
16 51  1
16 52  1
16 53  1
16 54  1
16 55  1
16 56  1
16 58  1
16 59  1
16 62  1
17 0  1
17 1  1
17 3  1
17 5  1
17 6  1
17 8  1
17 10  1
17 13  1
17 14  1
17 16  1
17 17  1
17 20  1
17 22  1
17 24  1
17 25  1
17 26  1
17 27  1
17 31  1
17 33  1
17 35  1
17 36  1
17 37  1
17 38  1
17 39  1
17 41  1
17 43  1
17 44  1
17 45  1
17 47  1
17 53  1
17 55  1
17 57  1
17 59  1
17 60  1
17 61  1
17 62  1
18 0  1
18 1  1
18 3  1
18 5  1
18 6  1
18 7  1
18 8  1
18 9  1
18 10  1
18 13  1
18 15  1
18 16  1
18 18  1
18 19  1
18 20  1
18 23  1
18 25  1
18 29  1
18 30  1
18 31  1
18 32  1
18 34  1
18 35  1
18 36  1
18 37  1
18 38  1
18 39  1
18 41  1
18 42  1
18 43  1
18 46  1
18 47  1
18 50  1
18 52  1
18 53  1
18 54  1
18 55  1
18 56  1
18 57  1
18 58  1
18 60  1
18 63  1
19 0  1
19 1  1
19 2  1
19 3  1
19 5  1
19 7  1
19 9  1
19 10  1
19 12  1
19 13  1
19 16  1
19 17  1
19 18  1
19 19  1
19 21  1
19 22  1
19 23  1
19 24  1
19 25  1
19 26  1
19 27  1
19 28  1
19 29  1
19 31  1
19 32  1
19 33  1
19 35  1
19 36  1
19 37  1
19 39  1
19 40  1
19 41  1
19 42  1
19 43  1
19 44  1
19 45  1
19 47  1
19 48  1
19 49  1
19 50  1
19 52  1
19 53  1
19 55  1
19 56  1
19 57  1
19 60  1
19 62  1
20 1  1
20 3  1
20 4  1
20 5  1
20 6  1
20 7  1
20 11  1
20 13  1
20 14  1
20 15  1
20 16  1
20 17  1
20 21  1
20 22  1
20 23  1
20 24  1
20 25  1
20 26  1
20 27  1
20 29  1
20 30  1
20 31  1
20 32  1
20 33  1
20 38  1
20 39  1
20 40  1
20 41  1
20 42  1
20 45  1
20 46  1
20 47  1
20 50  1
20 52  1
20 54  1
20 55  1
20 57  1
20 58  1
20 59  1
20 60  1
20 61  1
20 62  1
20 63  1
21 0  1
21 1  1
21 2  1
21 3  1
21 5  1
21 6  1
21 7  1
21 8  1
21 10  1
21 12  1
21 13  1
21 14  1
21 15  1
21 18  1
21 19  1
21 20  1
21 21  1
21 23  1
21 24  1
21 25  1
21 26  1
21 27  1
21 28  1
21 29  1
21 30  1
21 31  1
21 32  1
21 35  1
21 36  1
21 37  1
21 39  1
21 40  1
21 43  1
21 46  1
21 47  1
21 49  1
21 50  1
21 52  1
21 53  1
21 54  1
21 56  1
21 58  1
21 61  1
21 62  1
22 0  1
22 1  1
22 2  1
22 4  1
22 5  1
22 7  1
22 8  1
22 9  1
22 11  1
22 13  1
22 14  1
22 15  1
22 16  1
22 17  1
22 18  1
22 19  1
22 20  1
22 21  1
22 23  1
22 24  1
22 25  1
22 26  1
22 27  1
22 28  1
22 30  1
22 31  1
22 32  1
22 35  1
22 36  1
22 37  1
22 38  1
22 41  1
22 43  1
22 45  1
22 47  1
22 54  1
22 55  1
22 56  1
22 57  1
22 58  1
22 59  1
22 60  1
22 61  1
22 62  1
22 63  1
23 1  1
23 2  1
23 3  1
23 4  1
23 5  1
23 7  1
23 8  1
23 9  1
23 11  1
23 13  1
23 14  1
23 15  1
23 17  1
23 18  1
23 19  1
23 21  1
23 22  1
23 23  1
23 24  1
23 25  1
23 27  1
23 28  1
23 31  1
23 32  1
23 33  1
23 35  1
23 36  1
23 37  1
23 38  1
23 39  1
23 40  1
23 41  1
23 42  1
23 43  1
23 44  1
23 45  1
23 46  1
23 48  1
23 49  1
23 50  1
23 51  1
23 52  1
23 53  1
23 54  1
23 55  1
23 57  1
23 59  1
23 61  1
23 62  1
23 63  1
24 0  1
24 1  1
24 2  1
24 3  1
24 4  1
24 6  1
24 7  1
24 9  1
24 10  1
24 11  1
24 12  1
24 13  1
24 14  1
24 15  1
24 16  1
24 18  1
24 20  1
24 23  1
24 24  1
24 26  1
24 29  1
24 30  1
24 33  1
24 34  1
24 36  1
24 37  1
24 38  1
24 39  1
24 40  1
24 41  1
24 42  1
24 43  1
24 44  1
24 45  1
24 47  1
24 48  1
24 49  1
24 50  1
24 52  1
24 54  1
24 55  1
24 57  1
24 58  1
24 59  1
24 62  1
24 63  1
25 0  1
25 1  1
25 3  1
25 4  1
25 5  1
25 6  1
25 7  1
25 9  1
25 10  1
25 12  1
25 13  1
25 15  1
25 16  1
25 17  1
25 18  1
25 21  1
25 22  1
25 23  1
25 24  1
25 26  1
25 27  1
25 28  1
25 29  1
25 34  1
25 37  1
25 39  1
25 40  1
25 41  1
25 42  1
25 45  1
25 47  1
25 48  1
25 51  1
25 52  1
25 53  1
25 54  1
25 55  1
25 58  1
25 59  1
25 60  1
25 61  1
25 62  1
25 63  1
26 0  1
26 4  1
26 5  1
26 7  1
26 8  1
26 9  1
26 10  1
26 11  1
26 13  1
26 14  1
26 15  1
26 16  1
26 18  1
26 19  1
26 20  1
26 21  1
26 25  1
26 26  1
26 27  1
26 28  1
26 29  1
26 30  1
26 31  1
26 32  1
26 33  1
26 34  1
26 35  1
26 36  1
26 37  1
26 40  1
26 41  1
26 42  1
26 44  1
26 46  1
26 48  1
26 50  1
26 51  1
26 53  1
26 54  1
26 55  1
26 56  1
26 61  1
26 63  1
27 0  1
27 1  1
27 2  1
27 4  1
27 5  1
27 7  1
27 8  1
27 9  1
27 12  1
27 14  1
27 17  1
27 19  1
27 20  1
27 22  1
27 23  1
27 25  1
27 26  1
27 27  1
27 28  1
27 29  1
27 31  1
27 34  1
27 37  1
27 38  1
27 39  1
27 40  1
27 41  1
27 43  1
27 44  1
27 47  1
27 50  1
27 51  1
27 53  1
27 54  1
27 56  1
27 57  1
27 58  1
27 60  1
27 63  1
28 1  1
28 2  1
28 4  1
28 5  1
28 6  1
28 8  1
28 9  1
28 10  1
28 11  1
28 12  1
28 14  1
28 15  1
28 17  1
28 18  1
28 19  1
28 20  1
28 21  1
28 22  1
28 24  1
28 25  1
28 26  1
28 27  1
28 28  1
28 29  1
28 31  1
28 33  1
28 35  1
28 38  1
28 41  1
28 42  1
28 43  1
28 44  1
28 46  1
28 48  1
28 50  1
28 51  1
28 52  1
28 53  1
28 54  1
28 55  1
28 57  1
28 58  1
28 60  1
28 63  1
29 2  1
29 3  1
29 4  1
29 5  1
29 6  1
29 7  1
29 8  1
29 9  1
29 10  1
29 14  1
29 15  1
29 17  1
29 18  1
29 19  1
29 20  1
29 21  1
29 22  1
29 23  1
29 25  1
29 26  1
29 27  1
29 28  1
29 29  1
29 30  1
29 32  1
29 33  1
29 34  1
29 36  1
29 37  1
29 40  1
29 42  1
29 43  1
29 45  1
29 46  1
29 48  1
29 51  1
29 52  1
29 53  1
29 54  1
29 57  1
29 59  1
29 60  1
29 61  1
29 62  1
30 0  1
30 1  1
30 2  1
30 3  1
30 4  1
30 5  1
30 6  1
30 7  1
30 8  1
30 9  1
30 11  1
30 16  1
30 17  1
30 18  1
30 19  1
30 21  1
30 23  1
30 24  1
30 25  1
30 28  1
30 29  1
30 30  1
30 32  1
30 34  1
30 36  1
30 37  1
30 40  1
30 41  1
30 42  1
30 44  1
30 45  1
30 46  1
30 47  1
30 48  1
30 49  1
30 50  1
30 56  1
30 57  1
30 58  1
30 59  1
30 60  1
30 63  1
31 0  1
31 2  1
31 4  1
31 5  1
31 6  1
31 8  1
31 9  1
31 10  1
31 11  1
31 12  1
31 13  1
31 14  1
31 15  1
31 20  1
31 21  1
31 22  1
31 23  1
31 24  1
31 26  1
31 27  1
31 28  1
31 29  1
31 30  1
31 31  1
31 33  1
31 34  1
31 36  1
31 37  1
31 38  1
31 39  1
31 41  1
31 43  1
31 45  1
31 48  1
31 49  1
31 50  1
31 52  1
31 55  1
31 56  1
31 57  1
31 58  1
31 61  1
31 62  1
31 63  1
32 0  1
32 1  1
32 2  1
32 3  1
32 4  1
32 6  1
32 7  1
32 9  1
32 11  1
32 13  1
32 14  1
32 16  1
32 18  1
32 20  1
32 21  1
32 22  1
32 23  1
32 26  1
32 27  1
32 28  1
32 29  1
32 30  1
32 31  1
32 32  1
32 33  1
32 34  1
32 35  1
32 36  1
32 37  1
32 39  1
32 41  1
32 43  1
32 45  1
32 46  1
32 47  1
32 48  1
32 51  1
32 52  1
32 53  1
32 54  1
32 55  1
32 56  1
32 57  1
32 58  1
32 59  1
32 60  1
32 61  1
32 62  1
32 63  1
33 0  1
33 1  1
33 2  1
33 3  1
33 5  1
33 6  1
33 7  1
33 8  1
33 9  1
33 10  1
33 11  1
33 12  1
33 13  1
33 14  1
33 17  1
33 18  1
33 20  1
33 22  1
33 24  1
33 26  1
33 28  1
33 29  1
33 30  1
33 31  1
33 32  1
33 34  1
33 35  1
33 37  1
33 40  1
33 41  1
33 42  1
33 43  1
33 44  1
33 45  1
33 46  1
33 47  1
33 48  1
33 49  1
33 50  1
33 52  1
33 53  1
33 56  1
33 58  1
33 59  1
33 60  1
33 62  1
34 0  1
34 1  1
34 2  1
34 3  1
34 4  1
34 5  1
34 6  1
34 9  1
34 10  1
34 11  1
34 12  1
34 13  1
34 14  1
34 16  1
34 17  1
34 18  1
34 19  1
34 20  1
34 21  1
34 23  1
34 24  1
34 25  1
34 27  1
34 30  1
34 32  1
34 34  1
34 36  1
34 39  1
34 40  1
34 41  1
34 42  1
34 44  1
34 45  1
34 48  1
34 50  1
34 51  1
34 52  1
34 54  1
34 56  1
34 57  1
34 59  1
34 60  1
34 63  1
35 0  1
35 1  1
35 2  1
35 3  1
35 4  1
35 5  1
35 6  1
35 7  1
35 8  1
35 9  1
35 10  1
35 11  1
35 12  1
35 14  1
35 16  1
35 17  1
35 18  1
35 19  1
35 20  1
35 21  1
35 22  1
35 24  1
35 25  1
35 26  1
35 29  1
35 30  1
35 31  1
35 32  1
35 34  1
35 35  1
35 36  1
35 37  1
35 38  1
35 41  1
35 42  1
35 44  1
35 45  1
35 46  1
35 48  1
35 49  1
35 52  1
35 53  1
35 56  1
35 58  1
35 59  1
35 60  1
35 61  1
35 62  1
36 0  1
36 1  1
36 2  1
36 5  1
36 6  1
36 7  1
36 9  1
36 10  1
36 12  1
36 13  1
36 18  1
36 19  1
36 20  1
36 22  1
36 24  1
36 25  1
36 27  1
36 29  1
36 31  1
36 32  1
36 33  1
36 34  1
36 35  1
36 36  1
36 37  1
36 38  1
36 39  1
36 40  1
36 41  1
36 42  1
36 44  1
36 45  1
36 46  1
36 47  1
36 48  1
36 51  1
36 52  1
36 53  1
36 55  1
36 56  1
36 57  1
36 58  1
36 59  1
36 62  1
36 63  1
37 0  1
37 2  1
37 3  1
37 5  1
37 6  1
37 7  1
37 8  1
37 10  1
37 11  1
37 13  1
37 14  1
37 15  1
37 17  1
37 19  1
37 20  1
37 21  1
37 22  1
37 23  1
37 24  1
37 27  1
37 28  1
37 29  1
37 31  1
37 32  1
37 33  1
37 34  1
37 35  1
37 37  1
37 39  1
37 40  1
37 41  1
37 43  1
37 44  1
37 45  1
37 50  1
37 51  1
37 54  1
37 57  1
37 58  1
37 59  1
37 60  1
37 62  1
37 63  1
38 1  1
38 2  1
38 5  1
38 7  1
38 9  1
38 10  1
38 11  1
38 12  1
38 13  1
38 14  1
38 15  1
38 16  1
38 17  1
38 19  1
38 20  1
38 21  1
38 22  1
38 23  1
38 24  1
38 25  1
38 26  1
38 27  1
38 28  1
38 30  1
38 31  1
38 32  1
38 33  1
38 34  1
38 35  1
38 36  1
38 39  1
38 40  1
38 44  1
38 45  1
38 47  1
38 48  1
38 49  1
38 50  1
38 51  1
38 52  1
38 53  1
38 54  1
38 55  1
38 56  1
38 57  1
38 58  1
38 59  1
38 61  1
38 62  1
38 63  1
39 0  1
39 1  1
39 2  1
39 4  1
39 5  1
39 6  1
39 9  1
39 10  1
39 12  1
39 13  1
39 15  1
39 17  1
39 19  1
39 20  1
39 21  1
39 22  1
39 23  1
39 24  1
39 25  1
39 26  1
39 27  1
39 29  1
39 31  1
39 32  1
39 33  1
39 36  1
39 37  1
39 38  1
39 40  1
39 41  1
39 43  1
39 44  1
39 45  1
39 46  1
39 49  1
39 52  1
39 53  1
39 54  1
39 55  1
39 57  1
39 59  1
39 60  1
39 61  1
39 62  1
39 63  1
40 0  1
40 1  1
40 2  1
40 3  1
40 4  1
40 7  1
40 9  1
40 11  1
40 12  1
40 15  1
40 20  1
40 21  1
40 22  1
40 23  1
40 24  1
40 25  1
40 27  1
40 28  1
40 29  1
40 30  1
40 32  1
40 34  1
40 35  1
40 37  1
40 39  1
40 42  1
40 43  1
40 44  1
40 45  1
40 46  1
40 47  1
40 48  1
40 51  1
40 53  1
40 54  1
40 55  1
40 57  1
40 58  1
40 60  1
40 62  1
41 3  1
41 4  1
41 5  1
41 7  1
41 8  1
41 9  1
41 10  1
41 11  1
41 12  1
41 13  1
41 16  1
41 19  1
41 20  1
41 21  1
41 22  1
41 24  1
41 25  1
41 27  1
41 29  1
41 30  1
41 31  1
41 32  1
41 33  1
41 35  1
41 36  1
41 37  1
41 38  1
41 41  1
41 42  1
41 43  1
41 44  1
41 46  1
41 49  1
41 50  1
41 52  1
41 53  1
41 55  1
41 56  1
41 59  1
41 60  1
41 61  1
41 62  1
41 63  1
42 1  1
42 2  1
42 3  1
42 4  1
42 6  1
42 9  1
42 10  1
42 11  1
42 12  1
42 13  1
42 17  1
42 18  1
42 19  1
42 21  1
42 22  1
42 23  1
42 24  1
42 25  1
42 27  1
42 29  1
42 30  1
42 31  1
42 32  1
42 33  1
42 34  1
42 35  1
42 36  1
42 37  1
42 38  1
42 39  1
42 43  1
42 44  1
42 45  1
42 47  1
42 48  1
42 51  1
42 55  1
42 60  1
42 61  1
42 62  1
42 63  1
43 1  1
43 2  1
43 3  1
43 5  1
43 6  1
43 7  1
43 8  1
43 9  1
43 10  1
43 11  1
43 12  1
43 13  1
43 14  1
43 15  1
43 16  1
43 18  1
43 20  1
43 21  1
43 22  1
43 24  1
43 25  1
43 26  1
43 27  1
43 29  1
43 30  1
43 31  1
43 32  1
43 34  1
43 35  1
43 36  1
43 37  1
43 39  1
43 40  1
43 41  1
43 42  1
43 45  1
43 47  1
43 48  1
43 50  1
43 51  1
43 54  1
43 56  1
43 57  1
43 58  1
43 59  1
43 60  1
43 61  1
43 62  1
43 63  1
44 0  1
44 1  1
44 4  1
44 8  1
44 9  1
44 10  1
44 11  1
44 12  1
44 13  1
44 14  1
44 16  1
44 18  1
44 19  1
44 21  1
44 22  1
44 24  1
44 25  1
44 26  1
44 29  1
44 30  1
44 32  1
44 33  1
44 34  1
44 35  1
44 36  1
44 39  1
44 41  1
44 42  1
44 43  1
44 45  1
44 47  1
44 48  1
44 49  1
44 50  1
44 51  1
44 53  1
44 54  1
44 57  1
44 59  1
44 60  1
44 61  1
44 62  1
44 63  1
45 0  1
45 1  1
45 2  1
45 3  1
45 4  1
45 5  1
45 7  1
45 10  1
45 11  1
45 12  1
45 13  1
45 15  1
45 16  1
45 17  1
45 18  1
45 19  1
45 21  1
45 22  1
45 23  1
45 25  1
45 26  1
45 27  1
45 28  1
45 29  1
45 32  1
45 33  1
45 34  1
45 35  1
45 36  1
45 38  1
45 41  1
45 43  1
45 44  1
45 47  1
45 49  1
45 51  1
45 52  1
45 53  1
45 54  1
45 56  1
45 57  1
45 58  1
45 60  1
45 61  1
45 62  1
46 4  1
46 5  1
46 7  1
46 8  1
46 9  1
46 10  1
46 11  1
46 14  1
46 15  1
46 18  1
46 19  1
46 20  1
46 22  1
46 23  1
46 24  1
46 25  1
46 27  1
46 28  1
46 29  1
46 30  1
46 32  1
46 33  1
46 34  1
46 35  1
46 36  1
46 37  1
46 38  1
46 39  1
46 41  1
46 42  1
46 43  1
46 45  1
46 46  1
46 47  1
46 48  1
46 49  1
46 50  1
46 51  1
46 52  1
46 54  1
46 55  1
46 56  1
46 57  1
46 59  1
46 60  1
46 61  1
46 62  1
47 0  1
47 1  1
47 2  1
47 3  1
47 6  1
47 7  1
47 11  1
47 12  1
47 13  1
47 14  1
47 15  1
47 18  1
47 19  1
47 21  1
47 22  1
47 23  1
47 25  1
47 27  1
47 29  1
47 30  1
47 31  1
47 32  1
47 33  1
47 34  1
47 36  1
47 37  1
47 38  1
47 39  1
47 40  1
47 43  1
47 44  1
47 46  1
47 49  1
47 52  1
47 54  1
47 55  1
47 57  1
47 58  1
47 59  1
47 60  1
47 62  1
47 63  1
48 0  1
48 3  1
48 4  1
48 5  1
48 6  1
48 7  1
48 8  1
48 9  1
48 10  1
48 11  1
48 12  1
48 16  1
48 17  1
48 18  1
48 19  1
48 20  1
48 23  1
48 24  1
48 27  1
48 28  1
48 30  1
48 31  1
48 32  1
48 33  1
48 35  1
48 38  1
48 42  1
48 44  1
48 46  1
48 47  1
48 48  1
48 50  1
48 53  1
48 54  1
48 56  1
48 57  1
48 58  1
48 59  1
48 61  1
48 62  1
48 63  1
49 2  1
49 3  1
49 4  1
49 5  1
49 6  1
49 8  1
49 9  1
49 11  1
49 12  1
49 13  1
49 14  1
49 15  1
49 16  1
49 18  1
49 20  1
49 21  1
49 22  1
49 23  1
49 24  1
49 25  1
49 28  1
49 29  1
49 30  1
49 31  1
49 32  1
49 33  1
49 34  1
49 35  1
49 36  1
49 37  1
49 39  1
49 41  1
49 42  1
49 43  1
49 45  1
49 46  1
49 49  1
49 50  1
49 51  1
49 52  1
49 57  1
49 58  1
49 59  1
49 63  1
50 0  1
50 2  1
50 4  1
50 5  1
50 6  1
50 7  1
50 8  1
50 9  1
50 10  1
50 13  1
50 15  1
50 17  1
50 18  1
50 19  1
50 20  1
50 21  1
50 22  1
50 23  1
50 24  1
50 25  1
50 26  1
50 28  1
50 30  1
50 32  1
50 34  1
50 35  1
50 37  1
50 39  1
50 40  1
50 41  1
50 42  1
50 43  1
50 44  1
50 45  1
50 48  1
50 49  1
50 50  1
50 51  1
50 52  1
50 53  1
50 54  1
50 56  1
50 59  1
50 60  1
50 61  1
50 62  1
50 63  1
51 0  1
51 1  1
51 2  1
51 4  1
51 5  1
51 6  1
51 8  1
51 9  1
51 10  1
51 13  1
51 15  1
51 16  1
51 17  1
51 18  1
51 19  1
51 21  1
51 23  1
51 24  1
51 25  1
51 26  1
51 27  1
51 29  1
51 30  1
51 32  1
51 33  1
51 34  1
51 36  1
51 41  1
51 42  1
51 43  1
51 44  1
51 46  1
51 48  1
51 49  1
51 51  1
51 52  1
51 53  1
51 54  1
51 55  1
51 56  1
51 57  1
51 58  1
51 60  1
51 61  1
51 62  1
51 63  1
52 0  1
52 1  1
52 4  1
52 5  1
52 6  1
52 7  1
52 8  1
52 10  1
52 11  1
52 12  1
52 13  1
52 14  1
52 15  1
52 16  1
52 17  1
52 20  1
52 21  1
52 22  1
52 23  1
52 24  1
52 25  1
52 26  1
52 27  1
52 29  1
52 31  1
52 32  1
52 33  1
52 34  1
52 35  1
52 36  1
52 38  1
52 39  1
52 40  1
52 41  1
52 42  1
52 44  1
52 46  1
52 47  1
52 49  1
52 50  1
52 51  1
52 52  1
52 53  1
52 54  1
52 56  1
52 57  1
52 58  1
52 60  1
52 61  1
53 0  1
53 2  1
53 3  1
53 4  1
53 5  1
53 6  1
53 7  1
53 8  1
53 9  1
53 10  1
53 12  1
53 13  1
53 14  1
53 15  1
53 16  1
53 17  1
53 19  1
53 20  1
53 22  1
53 23  1
53 24  1
53 25  1
53 26  1
53 27  1
53 28  1
53 29  1
53 31  1
53 35  1
53 36  1
53 37  1
53 39  1
53 40  1
53 43  1
53 44  1
53 45  1
53 48  1
53 50  1
53 51  1
53 53  1
53 55  1
53 56  1
53 57  1
53 58  1
53 59  1
53 61  1
53 63  1
54 0  1
54 2  1
54 3  1
54 6  1
54 7  1
54 8  1
54 9  1
54 12  1
54 13  1
54 14  1
54 16  1
54 20  1
54 21  1
54 22  1
54 23  1
54 25  1
54 26  1
54 32  1
54 34  1
54 36  1
54 37  1
54 38  1
54 39  1
54 41  1
54 43  1
54 44  1
54 45  1
54 46  1
54 47  1
54 48  1
54 49  1
54 50  1
54 51  1
54 55  1
54 57  1
54 58  1
54 59  1
54 60  1
54 62  1
54 63  1
55 0  1
55 2  1
55 5  1
55 7  1
55 8  1
55 9  1
55 10  1
55 12  1
55 13  1
55 14  1
55 15  1
55 18  1
55 20  1
55 21  1
55 23  1
55 24  1
55 25  1
55 26  1
55 27  1
55 28  1
55 29  1
55 30  1
55 32  1
55 33  1
55 34  1
55 35  1
55 36  1
55 37  1
55 38  1
55 42  1
55 43  1
55 44  1
55 45  1
55 47  1
55 48  1
55 49  1
55 52  1
55 53  1
55 55  1
55 56  1
55 57  1
55 59  1
55 60  1
55 63  1
56 1  1
56 2  1
56 5  1
56 6  1
56 10  1
56 12  1
56 14  1
56 15  1
56 16  1
56 19  1
56 20  1
56 21  1
56 22  1
56 23  1
56 24  1
56 25  1
56 27  1
56 31  1
56 33  1
56 35  1
56 36  1
56 37  1
56 40  1
56 41  1
56 42  1
56 43  1
56 44  1
56 45  1
56 47  1
56 48  1
56 53  1
56 54  1
56 56  1
56 58  1
56 60  1
56 61  1
56 62  1
56 63  1
57 1  1
57 2  1
57 4  1
57 6  1
57 7  1
57 8  1
57 9  1
57 11  1
57 12  1
57 13  1
57 16  1
57 17  1
57 19  1
57 20  1
57 21  1
57 22  1
57 23  1
57 24  1
57 25  1
57 26  1
57 27  1
57 28  1
57 29  1
57 30  1
57 31  1
57 33  1
57 34  1
57 36  1
57 37  1
57 38  1
57 39  1
57 41  1
57 42  1
57 45  1
57 46  1
57 47  1
57 48  1
57 49  1
57 50  1
57 51  1
57 52  1
57 53  1
57 54  1
57 56  1
57 57  1
57 58  1
57 59  1
57 60  1
57 61  1
57 63  1
58 1  1
58 2  1
58 4  1
58 5  1
58 8  1
58 9  1
58 10  1
58 11  1
58 13  1
58 14  1
58 16  1
58 17  1
58 19  1
58 20  1
58 25  1
58 27  1
58 29  1
58 30  1
58 31  1
58 32  1
58 33  1
58 34  1
58 37  1
58 39  1
58 40  1
58 43  1
58 44  1
58 47  1
58 48  1
58 50  1
58 51  1
58 54  1
58 55  1
58 56  1
58 61  1
58 62  1
59 0  1
59 2  1
59 3  1
59 4  1
59 5  1
59 7  1
59 8  1
59 10  1
59 11  1
59 12  1
59 13  1
59 14  1
59 15  1
59 16  1
59 18  1
59 19  1
59 20  1
59 21  1
59 24  1
59 25  1
59 26  1
59 27  1
59 28  1
59 31  1
59 33  1
59 34  1
59 35  1
59 37  1
59 42  1
59 50  1
59 51  1
59 52  1
59 53  1
59 54  1
59 55  1
59 60  1
59 61  1
59 62  1
60 0  1
60 3  1
60 4  1
60 5  1
60 6  1
60 7  1
60 9  1
60 10  1
60 13  1
60 14  1
60 15  1
60 16  1
60 17  1
60 19  1
60 20  1
60 22  1
60 23  1
60 26  1
60 27  1
60 28  1
60 30  1
60 31  1
60 32  1
60 33  1
60 35  1
60 36  1
60 38  1
60 39  1
60 40  1
60 41  1
60 42  1
60 43  1
60 44  1
60 45  1
60 46  1
60 47  1
60 49  1
60 51  1
60 52  1
60 53  1
60 56  1
60 58  1
60 60  1
60 63  1
61 0  1
61 3  1
61 4  1
61 5  1
61 6  1
61 7  1
61 8  1
61 9  1
61 10  1
61 13  1
61 14  1
61 17  1
61 18  1
61 19  1
61 20  1
61 21  1
61 24  1
61 25  1
61 27  1
61 28  1
61 30  1
61 32  1
61 33  1
61 34  1
61 35  1
61 36  1
61 41  1
61 42  1
61 43  1
61 44  1
61 45  1
61 46  1
61 47  1
61 48  1
61 49  1
61 50  1
61 51  1
61 52  1
61 53  1
61 55  1
61 60  1
61 61  1
62 1  1
62 4  1
62 5  1
62 6  1
62 9  1
62 12  1
62 14  1
62 15  1
62 16  1
62 18  1
62 19  1
62 21  1
62 22  1
62 23  1
62 24  1
62 26  1
62 27  1
62 28  1
62 29  1
62 32  1
62 34  1
62 35  1
62 37  1
62 38  1
62 39  1
62 40  1
62 42  1
62 46  1
62 47  1
62 50  1
62 52  1
62 53  1
62 54  1
62 55  1
62 56  1
62 57  1
62 58  1
62 59  1
62 61  1
62 62  1
62 63  1
63 1  1
63 2  1
63 3  1
63 4  1
63 5  1
63 8  1
63 9  1
63 10  1
63 11  1
63 13  1
63 14  1
63 15  1
63 16  1
63 18  1
63 19  1
63 21  1
63 23  1
63 29  1
63 31  1
63 32  1
63 34  1
63 35  1
63 36  1
63 37  1
63 40  1
63 41  1
63 42  1
63 43  1
63 44  1
63 45  1
63 47  1
63 48  1
63 49  1
63 51  1
63 52  1
63 55  1
63 56  1
63 59  1
63 60  1
63 61  1
63 62  1
63 63  1
