size: 2896
Tuples
0 1  1
0 4  1
0 5  1
0 6  1
0 7  1
0 10  1
0 11  1
0 12  1
0 13  1
0 15  1
0 16  1
0 17  1
0 19  1
0 20  1
0 21  1
0 22  1
0 23  1
0 25  1
0 26  1
0 28  1
0 29  1
0 30  1
0 31  1
0 32  1
0 35  1
0 38  1
0 40  1
0 43  1
0 44  1
0 45  1
0 47  1
0 49  1
0 50  1
0 52  1
0 53  1
0 55  1
0 56  1
0 57  1
0 58  1
0 59  1
0 60  1
0 61  1
0 62  1
1 0  1
1 1  1
1 2  1
1 3  1
1 4  1
1 5  1
1 6  1
1 7  1
1 8  1
1 10  1
1 11  1
1 14  1
1 15  1
1 16  1
1 17  1
1 18  1
1 19  1
1 21  1
1 23  1
1 24  1
1 25  1
1 27  1
1 28  1
1 29  1
1 30  1
1 33  1
1 35  1
1 36  1
1 37  1
1 40  1
1 41  1
1 44  1
1 45  1
1 46  1
1 47  1
1 48  1
1 52  1
1 53  1
1 56  1
1 57  1
1 59  1
1 60  1
1 61  1
1 62  1
1 63  1
2 0  1
2 1  1
2 3  1
2 4  1
2 6  1
2 10  1
2 11  1
2 12  1
2 13  1
2 17  1
2 18  1
2 21  1
2 23  1
2 24  1
2 25  1
2 26  1
2 28  1
2 29  1
2 30  1
2 31  1
2 32  1
2 33  1
2 34  1
2 37  1
2 39  1
2 40  1
2 41  1
2 43  1
2 44  1
2 46  1
2 48  1
2 49  1
2 51  1
2 52  1
2 53  1
2 54  1
2 55  1
2 56  1
2 60  1
2 61  1
2 62  1
2 63  1
3 1  1
3 2  1
3 3  1
3 4  1
3 6  1
3 7  1
3 8  1
3 11  1
3 12  1
3 13  1
3 14  1
3 15  1
3 17  1
3 19  1
3 20  1
3 22  1
3 23  1
3 26  1
3 27  1
3 28  1
3 29  1
3 30  1
3 31  1
3 33  1
3 35  1
3 37  1
3 38  1
3 39  1
3 41  1
3 43  1
3 44  1
3 46  1
3 47  1
3 50  1
3 51  1
3 52  1
3 53  1
3 57  1
3 58  1
3 62  1
3 63  1
4 0  1
4 1  1
4 2  1
4 3  1
4 5  1
4 7  1
4 8  1
4 12  1
4 14  1
4 15  1
4 16  1
4 17  1
4 18  1
4 19  1
4 21  1
4 22  1
4 26  1
4 27  1
4 28  1
4 30  1
4 31  1
4 33  1
4 34  1
4 35  1
4 36  1
4 37  1
4 38  1
4 39  1
4 40  1
4 42  1
4 43  1
4 44  1
4 45  1
4 46  1
4 47  1
4 48  1
4 50  1
4 51  1
4 52  1
4 55  1
4 56  1
4 57  1
4 58  1
4 59  1
4 60  1
4 61  1
4 62  1
4 63  1
5 0  1
5 2  1
5 3  1
5 4  1
5 5  1
5 6  1
5 8  1
5 9  1
5 11  1
5 12  1
5 14  1
5 18  1
5 19  1
5 20  1
5 21  1
5 23  1
5 25  1
5 26  1
5 28  1
5 29  1
5 30  1
5 31  1
5 32  1
5 33  1
5 34  1
5 36  1
5 38  1
5 39  1
5 41  1
5 43  1
5 44  1
5 46  1
5 47  1
5 48  1
5 49  1
5 50  1
5 52  1
5 55  1
5 56  1
5 57  1
5 58  1
5 61  1
5 62  1
5 63  1
6 0  1
6 2  1
6 5  1
6 6  1
6 7  1
6 8  1
6 9  1
6 10  1
6 11  1
6 12  1
6 13  1
6 15  1
6 18  1
6 19  1
6 20  1
6 22  1
6 23  1
6 24  1
6 26  1
6 27  1
6 28  1
6 30  1
6 32  1
6 33  1
6 34  1
6 36  1
6 37  1
6 38  1
6 39  1
6 40  1
6 42  1
6 43  1
6 44  1
6 46  1
6 47  1
6 48  1
6 49  1
6 50  1
6 52  1
6 54  1
6 55  1
6 56  1
6 57  1
6 58  1
6 59  1
6 60  1
6 61  1
6 63  1
7 0  1
7 1  1
7 2  1
7 4  1
7 5  1
7 6  1
7 7  1
7 8  1
7 9  1
7 10  1
7 11  1
7 13  1
7 15  1
7 16  1
7 17  1
7 18  1
7 19  1
7 20  1
7 21  1
7 22  1
7 23  1
7 27  1
7 28  1
7 29  1
7 30  1
7 31  1
7 33  1
7 34  1
7 36  1
7 38  1
7 39  1
7 40  1
7 41  1
7 42  1
7 43  1
7 44  1
7 45  1
7 46  1
7 47  1
7 49  1
7 51  1
7 52  1
7 53  1
7 54  1
7 55  1
7 60  1
7 61  1
7 62  1
8 0  1
8 3  1
8 4  1
8 5  1
8 6  1
8 7  1
8 8  1
8 9  1
8 10  1
8 12  1
8 13  1
8 14  1
8 15  1
8 17  1
8 18  1
8 20  1
8 21  1
8 22  1
8 24  1
8 25  1
8 29  1
8 30  1
8 31  1
8 35  1
8 36  1
8 37  1
8 38  1
8 39  1
8 40  1
8 41  1
8 43  1
8 44  1
8 45  1
8 46  1
8 47  1
8 48  1
8 49  1
8 52  1
8 53  1
8 55  1
8 56  1
8 57  1
8 58  1
8 59  1
8 61  1
9 0  1
9 1  1
9 2  1
9 3  1
9 5  1
9 6  1
9 7  1
9 9  1
9 10  1
9 12  1
9 13  1
9 14  1
9 16  1
9 19  1
9 20  1
9 21  1
9 22  1
9 23  1
9 24  1
9 27  1
9 28  1
9 29  1
9 32  1
9 33  1
9 34  1
9 35  1
9 36  1
9 37  1
9 38  1
9 40  1
9 41  1
9 42  1
9 44  1
9 46  1
9 47  1
9 48  1
9 49  1
9 50  1
9 51  1
9 52  1
9 53  1
9 54  1
9 58  1
9 59  1
9 60  1
9 62  1
9 63  1
10 0  1
10 1  1
10 2  1
10 3  1
10 5  1
10 6  1
10 7  1
10 8  1
10 9  1
10 10  1
10 11  1
10 15  1
10 16  1
10 17  1
10 19  1
10 21  1
10 22  1
10 23  1
10 24  1
10 26  1
10 28  1
10 30  1
10 31  1
10 32  1
10 33  1
10 34  1
10 36  1
10 37  1
10 38  1
10 40  1
10 41  1
10 44  1
10 45  1
10 46  1
10 49  1
10 50  1
10 51  1
10 53  1
10 55  1
10 56  1
10 57  1
10 58  1
10 59  1
10 60  1
10 61  1
10 62  1
10 63  1
11 1  1
11 2  1
11 3  1
11 4  1
11 6  1
11 7  1
11 9  1
11 10  1
11 12  1
11 13  1
11 14  1
11 15  1
11 18  1
11 20  1
11 21  1
11 22  1
11 23  1
11 24  1
11 25  1
11 28  1
11 29  1
11 30  1
11 31  1
11 33  1
11 37  1
11 38  1
11 39  1
11 40  1
11 42  1
11 43  1
11 50  1
11 51  1
11 52  1
11 53  1
11 55  1
11 56  1
11 57  1
11 58  1
11 59  1
11 60  1
11 61  1
11 62  1
11 63  1
12 0  1
12 3  1
12 4  1
12 5  1
12 6  1
12 7  1
12 9  1
12 10  1
12 11  1
12 12  1
12 14  1
12 15  1
12 17  1
12 18  1
12 19  1
12 20  1
12 21  1
12 22  1
12 23  1
12 24  1
12 25  1
12 26  1
12 27  1
12 28  1
12 29  1
12 30  1
12 31  1
12 33  1
12 34  1
12 35  1
12 36  1
12 39  1
12 40  1
12 41  1
12 42  1
12 45  1
12 46  1
12 47  1
12 50  1
12 51  1
12 52  1
12 54  1
12 56  1
12 57  1
12 58  1
12 59  1
12 61  1
12 62  1
12 63  1
13 0  1
13 1  1
13 3  1
13 4  1
13 5  1
13 6  1
13 7  1
13 9  1
13 10  1
13 14  1
13 15  1
13 16  1
13 17  1
13 18  1
13 20  1
13 22  1
13 25  1
13 27  1
13 29  1
13 30  1
13 32  1
13 33  1
13 37  1
13 38  1
13 39  1
13 40  1
13 42  1
13 43  1
13 44  1
13 46  1
13 48  1
13 49  1
13 51  1
13 53  1
13 55  1
13 56  1
13 57  1
13 58  1
13 59  1
13 61  1
13 62  1
13 63  1
14 0  1
14 3  1
14 4  1
14 5  1
14 6  1
14 7  1
14 9  1
14 11  1
14 14  1
14 16  1
14 18  1
14 20  1
14 21  1
14 23  1
14 25  1
14 26  1
14 27  1
14 29  1
14 31  1
14 32  1
14 33  1
14 34  1
14 35  1
14 39  1
14 41  1
14 44  1
14 45  1
14 46  1
14 47  1
14 48  1
14 49  1
14 52  1
14 53  1
14 55  1
14 58  1
14 62  1
15 0  1
15 2  1
15 3  1
15 4  1
15 5  1
15 6  1
15 9  1
15 10  1
15 14  1
15 15  1
15 16  1
15 18  1
15 20  1
15 21  1
15 22  1
15 23  1
15 24  1
15 26  1
15 27  1
15 30  1
15 32  1
15 35  1
15 37  1
15 38  1
15 41  1
15 43  1
15 44  1
15 48  1
15 49  1
15 50  1
15 51  1
15 52  1
15 53  1
15 54  1
15 55  1
15 56  1
15 57  1
15 59  1
15 60  1
15 61  1
15 62  1
15 63  1
16 0  1
16 2  1
16 3  1
16 5  1
16 8  1
16 10  1
16 11  1
16 14  1
16 15  1
16 16  1
16 17  1
16 20  1
16 21  1
16 22  1
16 23  1
16 24  1
16 27  1
16 29  1
16 30  1
16 31  1
16 38  1
16 39  1
16 41  1
16 42  1
16 43  1
16 44  1
16 45  1
16 46  1
16 47  1
16 48  1
16 49  1
16 50  1
16 51  1
16 52  1
16 53  1
16 54  1
16 55  1
16 58  1
16 61  1
16 62  1
17 1  1
17 5  1
17 6  1
17 7  1
17 8  1
17 9  1
17 10  1
17 11  1
17 13  1
17 14  1
17 15  1
17 16  1
17 21  1
17 22  1
17 23  1
17 24  1
17 25  1
17 26  1
17 27  1
17 28  1
17 29  1
17 31  1
17 33  1
17 34  1
17 35  1
17 37  1
17 38  1
17 39  1
17 41  1
17 42  1
17 43  1
17 45  1
17 46  1
17 50  1
17 51  1
17 56  1
17 58  1
17 60  1
17 61  1
18 0  1
18 1  1
18 2  1
18 4  1
18 5  1
18 6  1
18 7  1
18 9  1
18 11  1
18 12  1
18 13  1
18 14  1
18 15  1
18 16  1
18 18  1
18 22  1
18 23  1
18 25  1
18 26  1
18 27  1
18 29  1
18 33  1
18 34  1
18 35  1
18 36  1
18 37  1
18 39  1
18 40  1
18 41  1
18 42  1
18 43  1
18 44  1
18 46  1
18 47  1
18 48  1
18 49  1
18 50  1
18 51  1
18 52  1
18 56  1
18 57  1
18 58  1
18 61  1
18 63  1
19 1  1
19 4  1
19 5  1
19 7  1
19 8  1
19 9  1
19 11  1
19 12  1
19 13  1
19 14  1
19 15  1
19 16  1
19 17  1
19 18  1
19 20  1
19 21  1
19 23  1
19 26  1
19 27  1
19 28  1
19 29  1
19 30  1
19 31  1
19 32  1
19 33  1
19 34  1
19 36  1
19 37  1
19 38  1
19 39  1
19 41  1
19 46  1
19 47  1
19 50  1
19 52  1
19 53  1
19 54  1
19 55  1
19 57  1
19 58  1
19 61  1
19 62  1
19 63  1
20 0  1
20 1  1
20 2  1
20 4  1
20 5  1
20 6  1
20 7  1
20 9  1
20 10  1
20 11  1
20 12  1
20 13  1
20 15  1
20 16  1
20 17  1
20 20  1
20 21  1
20 22  1
20 24  1
20 25  1
20 26  1
20 27  1
20 28  1
20 30  1
20 32  1
20 33  1
20 34  1
20 35  1
20 36  1
20 37  1
20 38  1
20 39  1
20 40  1
20 43  1
20 44  1
20 46  1
20 49  1
20 50  1
20 53  1
20 54  1
20 56  1
20 57  1
20 58  1
20 59  1
20 60  1
20 61  1
20 62  1
20 63  1
21 3  1
21 4  1
21 5  1
21 6  1
21 8  1
21 13  1
21 14  1
21 15  1
21 16  1
21 17  1
21 18  1
21 20  1
21 21  1
21 23  1
21 24  1
21 27  1
21 29  1
21 31  1
21 32  1
21 33  1
21 34  1
21 35  1
21 36  1
21 37  1
21 39  1
21 41  1
21 43  1
21 44  1
21 45  1
21 46  1
21 47  1
21 48  1
21 50  1
21 53  1
21 54  1
21 56  1
21 58  1
21 59  1
21 60  1
21 61  1
21 62  1
21 63  1
22 0  1
22 1  1
22 2  1
22 3  1
22 5  1
22 6  1
22 7  1
22 9  1
22 10  1
22 11  1
22 13  1
22 15  1
22 16  1
22 17  1
22 18  1
22 19  1
22 21  1
22 22  1
22 23  1
22 25  1
22 27  1
22 28  1
22 30  1
22 32  1
22 34  1
22 36  1
22 37  1
22 38  1
22 39  1
22 40  1
22 41  1
22 44  1
22 45  1
22 46  1
22 47  1
22 49  1
22 50  1
22 51  1
22 52  1
22 54  1
22 55  1
22 56  1
22 57  1
22 58  1
22 59  1
22 60  1
22 62  1
23 0  1
23 1  1
23 2  1
23 3  1
23 4  1
23 6  1
23 7  1
23 8  1
23 9  1
23 11  1
23 12  1
23 13  1
23 14  1
23 18  1
23 19  1
23 21  1
23 22  1
23 23  1
23 24  1
23 26  1
23 27  1
23 31  1
23 32  1
23 33  1
23 35  1
23 36  1
23 37  1
23 38  1
23 39  1
23 40  1
23 41  1
23 42  1
23 43  1
23 44  1
23 46  1
23 47  1
23 48  1
23 49  1
23 50  1
23 51  1
23 54  1
23 55  1
23 56  1
23 57  1
23 58  1
23 60  1
23 63  1
24 0  1
24 3  1
24 4  1
24 5  1
24 7  1
24 8  1
24 9  1
24 11  1
24 12  1
24 13  1
24 14  1
24 15  1
24 21  1
24 22  1
24 23  1
24 25  1
24 26  1
24 27  1
24 32  1
24 33  1
24 34  1
24 35  1
24 37  1
24 38  1
24 40  1
24 41  1
24 43  1
24 44  1
24 45  1
24 46  1
24 47  1
24 48  1
24 50  1
24 52  1
24 55  1
24 56  1
24 57  1
24 58  1
24 59  1
24 60  1
24 62  1
24 63  1
25 0  1
25 2  1
25 3  1
25 5  1
25 6  1
25 9  1
25 10  1
25 11  1
25 12  1
25 13  1
25 14  1
25 16  1
25 20  1
25 23  1
25 24  1
25 27  1
25 28  1
25 29  1
25 30  1
25 31  1
25 32  1
25 33  1
25 34  1
25 36  1
25 37  1
25 38  1
25 39  1
25 41  1
25 43  1
25 44  1
25 45  1
25 46  1
25 47  1
25 48  1
25 50  1
25 51  1
25 52  1
25 53  1
25 54  1
25 55  1
25 56  1
25 58  1
25 60  1
25 61  1
25 62  1
25 63  1
26 2  1
26 3  1
26 4  1
26 5  1
26 6  1
26 7  1
26 8  1
26 9  1
26 10  1
26 11  1
26 12  1
26 13  1
26 15  1
26 16  1
26 17  1
26 18  1
26 19  1
26 20  1
26 21  1
26 22  1
26 23  1
26 24  1
26 27  1
26 28  1
26 29  1
26 30  1
26 31  1
26 32  1
26 33  1
26 34  1
26 35  1
26 36  1
26 38  1
26 39  1
26 41  1
26 42  1
26 43  1
26 45  1
26 47  1
26 49  1
26 50  1
26 51  1
26 52  1
26 53  1
26 54  1
26 55  1
26 56  1
26 57  1
26 58  1
26 59  1
26 60  1
26 62  1
26 63  1
27 0  1
27 1  1
27 2  1
27 3  1
27 4  1
27 5  1
27 8  1
27 11  1
27 12  1
27 13  1
27 15  1
27 16  1
27 17  1
27 19  1
27 20  1
27 21  1
27 22  1
27 23  1
27 24  1
27 25  1
27 26  1
27 28  1
27 30  1
27 31  1
27 32  1
27 33  1
27 34  1
27 35  1
27 36  1
27 38  1
27 39  1
27 40  1
27 41  1
27 42  1
27 43  1
27 44  1
27 45  1
27 46  1
27 47  1
27 48  1
27 51  1
27 52  1
27 53  1
27 54  1
27 55  1
27 56  1
27 57  1
27 58  1
27 59  1
27 60  1
27 61  1
27 62  1
27 63  1
28 5  1
28 8  1
28 9  1
28 10  1
28 12  1
28 13  1
28 15  1
28 16  1
28 17  1
28 19  1
28 20  1
28 22  1
28 23  1
28 24  1
28 25  1
28 26  1
28 27  1
28 31  1
28 33  1
28 34  1
28 35  1
28 36  1
28 37  1
28 38  1
28 39  1
28 40  1
28 42  1
28 43  1
28 45  1
28 46  1
28 48  1
28 49  1
28 50  1
28 51  1
28 52  1
28 53  1
28 55  1
28 57  1
28 58  1
28 60  1
28 62  1
28 63  1
29 0  1
29 1  1
29 2  1
29 3  1
29 4  1
29 5  1
29 6  1
29 8  1
29 10  1
29 11  1
29 12  1
29 13  1
29 14  1
29 17  1
29 19  1
29 20  1
29 21  1
29 22  1
29 23  1
29 24  1
29 25  1
29 26  1
29 28  1
29 30  1
29 31  1
29 32  1
29 33  1
29 34  1
29 35  1
29 36  1
29 37  1
29 38  1
29 39  1
29 40  1
29 41  1
29 43  1
29 44  1
29 45  1
29 46  1
29 47  1
29 48  1
29 49  1
29 50  1
29 52  1
29 53  1
29 54  1
29 55  1
29 56  1
29 57  1
29 58  1
29 59  1
29 60  1
29 62  1
29 63  1
30 0  1
30 3  1
30 4  1
30 5  1
30 9  1
30 10  1
30 11  1
30 13  1
30 14  1
30 15  1
30 18  1
30 21  1
30 22  1
30 23  1
30 24  1
30 25  1
30 28  1
30 30  1
30 31  1
30 32  1
30 33  1
30 34  1
30 37  1
30 38  1
30 40  1
30 41  1
30 42  1
30 43  1
30 44  1
30 45  1
30 46  1
30 47  1
30 48  1
30 49  1
30 51  1
30 54  1
30 55  1
30 56  1
30 57  1
30 58  1
30 59  1
30 61  1
30 62  1
30 63  1
31 0  1
31 4  1
31 7  1
31 8  1
31 9  1
31 10  1
31 11  1
31 13  1
31 14  1
31 15  1
31 16  1
31 17  1
31 18  1
31 19  1
31 20  1
31 21  1
31 22  1
31 23  1
31 24  1
31 25  1
31 27  1
31 29  1
31 30  1
31 31  1
31 33  1
31 34  1
31 35  1
31 37  1
31 38  1
31 40  1
31 41  1
31 45  1
31 47  1
31 48  1
31 50  1
31 51  1
31 52  1
31 53  1
31 54  1
31 56  1
31 59  1
31 60  1
31 61  1
31 63  1
32 1  1
32 3  1
32 6  1
32 7  1
32 8  1
32 9  1
32 10  1
32 12  1
32 14  1
32 15  1
32 17  1
32 18  1
32 20  1
32 21  1
32 22  1
32 23  1
32 25  1
32 26  1
32 29  1
32 30  1
32 31  1
32 32  1
32 33  1
32 34  1
32 36  1
32 37  1
32 38  1
32 39  1
32 42  1
32 43  1
32 44  1
32 45  1
32 46  1
32 47  1
32 49  1
32 52  1
32 53  1
32 54  1
32 55  1
32 56  1
32 57  1
32 58  1
32 60  1
32 61  1
32 62  1
32 63  1
33 0  1
33 1  1
33 2  1
33 3  1
33 4  1
33 5  1
33 6  1
33 9  1
33 10  1
33 12  1
33 14  1
33 15  1
33 16  1
33 17  1
33 18  1
33 19  1
33 20  1
33 21  1
33 22  1
33 24  1
33 25  1
33 27  1
33 28  1
33 29  1
33 30  1
33 31  1
33 32  1
33 34  1
33 36  1
33 39  1
33 40  1
33 41  1
33 44  1
33 45  1
33 46  1
33 48  1
33 49  1
33 50  1
33 51  1
33 52  1
33 55  1
33 56  1
33 57  1
33 58  1
33 60  1
33 61  1
33 62  1
33 63  1
34 0  1
34 2  1
34 3  1
34 4  1
34 5  1
34 6  1
34 9  1
34 11  1
34 12  1
34 13  1
34 14  1
34 15  1
34 16  1
34 17  1
34 18  1
34 19  1
34 20  1
34 22  1
34 23  1
34 24  1
34 25  1
34 26  1
34 27  1
34 29  1
34 30  1
34 32  1
34 33  1
34 35  1
34 38  1
34 39  1
34 40  1
34 41  1
34 45  1
34 46  1
34 47  1
34 48  1
34 50  1
34 51  1
34 52  1
34 53  1
34 54  1
34 56  1
34 57  1
34 58  1
34 59  1
34 60  1
34 62  1
35 0  1
35 1  1
35 2  1
35 3  1
35 4  1
35 5  1
35 7  1
35 9  1
35 10  1
35 11  1
35 12  1
35 13  1
35 16  1
35 17  1
35 21  1
35 22  1
35 23  1
35 24  1
35 25  1
35 26  1
35 27  1
35 28  1
35 29  1
35 30  1
35 31  1
35 33  1
35 34  1
35 35  1
35 36  1
35 37  1
35 38  1
35 39  1
35 40  1
35 43  1
35 45  1
35 47  1
35 48  1
35 49  1
35 50  1
35 51  1
35 52  1
35 54  1
35 55  1
35 56  1
35 58  1
35 59  1
35 60  1
36 0  1
36 2  1
36 3  1
36 4  1
36 6  1
36 7  1
36 8  1
36 9  1
36 11  1
36 12  1
36 13  1
36 14  1
36 16  1
36 17  1
36 18  1
36 19  1
36 20  1
36 22  1
36 24  1
36 25  1
36 26  1
36 29  1
36 30  1
36 31  1
36 32  1
36 33  1
36 34  1
36 36  1
36 38  1
36 41  1
36 43  1
36 45  1
36 47  1
36 48  1
36 49  1
36 53  1
36 54  1
36 56  1
36 60  1
36 61  1
36 62  1
36 63  1
37 0  1
37 1  1
37 3  1
37 5  1
37 6  1
37 7  1
37 8  1
37 9  1
37 10  1
37 11  1
37 15  1
37 16  1
37 17  1
37 18  1
37 19  1
37 20  1
37 21  1
37 22  1
37 23  1
37 25  1
37 26  1
37 28  1
37 29  1
37 31  1
37 33  1
37 34  1
37 36  1
37 37  1
37 38  1
37 39  1
37 40  1
37 41  1
37 42  1
37 44  1
37 45  1
37 46  1
37 47  1
37 48  1
37 50  1
37 52  1
37 54  1
37 55  1
37 56  1
37 57  1
37 58  1
37 59  1
37 60  1
37 61  1
37 62  1
37 63  1
38 1  1
38 2  1
38 4  1
38 5  1
38 6  1
38 7  1
38 8  1
38 9  1
38 11  1
38 12  1
38 17  1
38 18  1
38 20  1
38 24  1
38 25  1
38 26  1
38 28  1
38 29  1
38 30  1
38 31  1
38 32  1
38 34  1
38 36  1
38 37  1
38 40  1
38 42  1
38 43  1
38 44  1
38 45  1
38 47  1
38 48  1
38 51  1
38 52  1
38 53  1
38 54  1
38 55  1
38 56  1
38 57  1
38 58  1
38 59  1
38 60  1
38 62  1
38 63  1
39 0  1
39 1  1
39 5  1
39 7  1
39 9  1
39 11  1
39 12  1
39 13  1
39 15  1
39 17  1
39 18  1
39 19  1
39 20  1
39 21  1
39 22  1
39 28  1
39 30  1
39 31  1
39 32  1
39 33  1
39 34  1
39 36  1
39 37  1
39 39  1
39 40  1
39 41  1
39 42  1
39 45  1
39 47  1
39 48  1
39 50  1
39 52  1
39 53  1
39 54  1
39 55  1
39 56  1
39 57  1
39 58  1
39 59  1
39 60  1
39 61  1
39 62  1
39 63  1
40 0  1
40 1  1
40 2  1
40 3  1
40 4  1
40 6  1
40 7  1
40 8  1
40 10  1
40 11  1
40 12  1
40 13  1
40 14  1
40 15  1
40 16  1
40 18  1
40 20  1
40 21  1
40 22  1
40 24  1
40 25  1
40 29  1
40 30  1
40 32  1
40 33  1
40 34  1
40 36  1
40 37  1
40 38  1
40 40  1
40 41  1
40 43  1
40 45  1
40 46  1
40 47  1
40 48  1
40 49  1
40 50  1
40 51  1
40 52  1
40 53  1
40 54  1
40 55  1
40 56  1
40 57  1
40 58  1
40 59  1
40 61  1
41 0  1
41 1  1
41 2  1
41 3  1
41 6  1
41 8  1
41 9  1
41 10  1
41 11  1
41 12  1
41 13  1
41 14  1
41 16  1
41 17  1
41 18  1
41 19  1
41 20  1
41 22  1
41 24  1
41 25  1
41 27  1
41 30  1
41 31  1
41 32  1
41 33  1
41 35  1
41 37  1
41 38  1
41 40  1
41 41  1
41 43  1
41 44  1
41 45  1
41 48  1
41 49  1
41 53  1
41 55  1
41 56  1
41 57  1
41 59  1
41 60  1
41 61  1
42 0  1
42 2  1
42 3  1
42 4  1
42 5  1
42 6  1
42 7  1
42 8  1
42 10  1
42 11  1
42 12  1
42 13  1
42 14  1
42 16  1
42 17  1
42 20  1
42 21  1
42 23  1
42 24  1
42 26  1
42 27  1
42 28  1
42 30  1
42 33  1
42 35  1
42 36  1
42 38  1
42 39  1
42 42  1
42 44  1
42 46  1
42 47  1
42 49  1
42 50  1
42 51  1
42 52  1
42 53  1
42 54  1
42 55  1
42 56  1
42 57  1
42 59  1
42 60  1
42 62  1
42 63  1
43 0  1
43 1  1
43 3  1
43 4  1
43 5  1
43 7  1
43 9  1
43 11  1
43 12  1
43 16  1
43 17  1
43 18  1
43 19  1
43 20  1
43 21  1
43 23  1
43 24  1
43 25  1
43 26  1
43 28  1
43 30  1
43 31  1
43 32  1
43 33  1
43 34  1
43 35  1
43 37  1
43 39  1
43 40  1
43 41  1
43 42  1
43 44  1
43 46  1
43 47  1
43 48  1
43 49  1
43 51  1
43 52  1
43 53  1
43 55  1
43 56  1
43 59  1
43 60  1
43 62  1
43 63  1
44 0  1
44 3  1
44 4  1
44 5  1
44 6  1
44 7  1
44 8  1
44 9  1
44 10  1
44 11  1
44 12  1
44 14  1
44 17  1
44 18  1
44 19  1
44 20  1
44 21  1
44 22  1
44 23  1
44 24  1
44 25  1
44 26  1
44 27  1
44 28  1
44 29  1
44 30  1
44 31  1
44 32  1
44 33  1
44 35  1
44 36  1
44 37  1
44 38  1
44 39  1
44 40  1
44 41  1
44 43  1
44 44  1
44 45  1
44 47  1
44 49  1
44 50  1
44 51  1
44 52  1
44 54  1
44 57  1
44 60  1
44 61  1
44 62  1
44 63  1
45 2  1
45 3  1
45 4  1
45 5  1
45 6  1
45 7  1
45 8  1
45 9  1
45 10  1
45 11  1
45 12  1
45 14  1
45 16  1
45 17  1
45 18  1
45 21  1
45 22  1
45 24  1
45 27  1
45 28  1
45 29  1
45 31  1
45 32  1
45 33  1
45 34  1
45 36  1
45 37  1
45 38  1
45 39  1
45 40  1
45 41  1
45 42  1
45 43  1
45 46  1
45 50  1
45 51  1
45 53  1
45 54  1
45 58  1
45 59  1
45 60  1
45 61  1
45 62  1
46 0  1
46 4  1
46 5  1
46 6  1
46 7  1
46 8  1
46 10  1
46 12  1
46 13  1
46 15  1
46 17  1
46 21  1
46 22  1
46 24  1
46 25  1
46 26  1
46 27  1
46 28  1
46 30  1
46 31  1
46 32  1
46 33  1
46 35  1
46 37  1
46 38  1
46 39  1
46 40  1
46 42  1
46 43  1
46 45  1
46 46  1
46 47  1
46 48  1
46 49  1
46 52  1
46 53  1
46 55  1
46 56  1
46 58  1
46 59  1
46 61  1
46 63  1
47 0  1
47 3  1
47 4  1
47 5  1
47 6  1
47 8  1
47 9  1
47 11  1
47 12  1
47 13  1
47 15  1
47 16  1
47 17  1
47 21  1
47 22  1
47 23  1
47 24  1
47 25  1
47 26  1
47 27  1
47 29  1
47 30  1
47 31  1
47 32  1
47 35  1
47 36  1
47 37  1
47 38  1
47 39  1
47 40  1
47 41  1
47 42  1
47 43  1
47 44  1
47 46  1
47 48  1
47 50  1
47 51  1
47 52  1
47 53  1
47 54  1
47 56  1
47 57  1
47 59  1
47 60  1
47 61  1
47 63  1
48 0  1
48 1  1
48 2  1
48 6  1
48 8  1
48 9  1
48 10  1
48 11  1
48 12  1
48 13  1
48 14  1
48 15  1
48 16  1
48 18  1
48 22  1
48 23  1
48 24  1
48 25  1
48 26  1
48 27  1
48 29  1
48 31  1
48 32  1
48 33  1
48 34  1
48 35  1
48 36  1
48 38  1
48 39  1
48 40  1
48 41  1
48 42  1
48 43  1
48 44  1
48 45  1
48 46  1
48 48  1
48 49  1
48 51  1
48 52  1
48 54  1
48 55  1
48 56  1
48 57  1
48 58  1
48 59  1
48 60  1
48 61  1
48 62  1
49 3  1
49 4  1
49 5  1
49 6  1
49 7  1
49 8  1
49 9  1
49 10  1
49 12  1
49 13  1
49 14  1
49 15  1
49 17  1
49 18  1
49 19  1
49 21  1
49 24  1
49 25  1
49 26  1
49 27  1
49 28  1
49 30  1
49 31  1
49 34  1
49 36  1
49 37  1
49 38  1
49 39  1
49 40  1
49 43  1
49 44  1
49 46  1
49 47  1
49 49  1
49 51  1
49 52  1
49 53  1
49 54  1
49 55  1
49 56  1
49 57  1
49 58  1
49 59  1
49 60  1
49 61  1
49 62  1
50 0  1
50 2  1
50 3  1
50 4  1
50 5  1
50 6  1
50 7  1
50 8  1
50 9  1
50 10  1
50 13  1
50 14  1
50 15  1
50 16  1
50 19  1
50 21  1
50 22  1
50 23  1
50 24  1
50 25  1
50 26  1
50 27  1
50 28  1
50 30  1
50 31  1
50 33  1
50 37  1
50 39  1
50 41  1
50 42  1
50 43  1
50 45  1
50 47  1
50 48  1
50 50  1
50 51  1
50 52  1
50 53  1
50 54  1
50 55  1
50 57  1
50 59  1
50 62  1
50 63  1
51 0  1
51 1  1
51 3  1
51 6  1
51 7  1
51 8  1
51 10  1
51 11  1
51 13  1
51 14  1
51 15  1
51 16  1
51 18  1
51 19  1
51 20  1
51 22  1
51 23  1
51 24  1
51 25  1
51 28  1
51 29  1
51 31  1
51 34  1
51 35  1
51 37  1
51 38  1
51 39  1
51 40  1
51 41  1
51 42  1
51 43  1
51 47  1
51 48  1
51 49  1
51 50  1
51 52  1
51 53  1
51 54  1
51 56  1
51 57  1
51 59  1
51 60  1
51 61  1
51 62  1
52 0  1
52 1  1
52 2  1
52 3  1
52 4  1
52 5  1
52 6  1
52 7  1
52 10  1
52 11  1
52 12  1
52 13  1
52 14  1
52 16  1
52 17  1
52 20  1
52 21  1
52 22  1
52 23  1
52 24  1
52 25  1
52 26  1
52 28  1
52 29  1
52 31  1
52 32  1
52 33  1
52 34  1
52 35  1
52 36  1
52 37  1
52 38  1
52 40  1
52 43  1
52 44  1
52 45  1
52 47  1
52 48  1
52 52  1
52 54  1
52 55  1
52 56  1
52 57  1
52 58  1
52 61  1
52 62  1
52 63  1
53 0  1
53 1  1
53 3  1
53 4  1
53 5  1
53 6  1
53 7  1
53 9  1
53 11  1
53 12  1
53 13  1
53 14  1
53 15  1
53 16  1
53 18  1
53 19  1
53 21  1
53 22  1
53 23  1
53 25  1
53 26  1
53 29  1
53 30  1
53 31  1
53 33  1
53 34  1
53 35  1
53 36  1
53 37  1
53 39  1
53 40  1
53 41  1
53 43  1
53 44  1
53 45  1
53 47  1
53 48  1
53 50  1
53 53  1
53 54  1
53 55  1
53 56  1
53 59  1
53 62  1
54 0  1
54 1  1
54 2  1
54 3  1
54 4  1
54 5  1
54 9  1
54 10  1
54 11  1
54 15  1
54 17  1
54 18  1
54 19  1
54 20  1
54 21  1
54 22  1
54 23  1
54 24  1
54 26  1
54 27  1
54 29  1
54 30  1
54 31  1
54 33  1
54 34  1
54 35  1
54 38  1
54 40  1
54 42  1
54 44  1
54 45  1
54 46  1
54 48  1
54 52  1
54 54  1
54 55  1
54 56  1
54 57  1
54 58  1
54 59  1
54 60  1
54 61  1
54 63  1
55 0  1
55 1  1
55 3  1
55 4  1
55 6  1
55 7  1
55 8  1
55 9  1
55 10  1
55 12  1
55 14  1
55 16  1
55 18  1
55 20  1
55 21  1
55 22  1
55 23  1
55 26  1
55 27  1
55 28  1
55 29  1
55 30  1
55 31  1
55 32  1
55 33  1
55 34  1
55 35  1
55 36  1
55 37  1
55 38  1
55 39  1
55 40  1
55 41  1
55 42  1
55 46  1
55 49  1
55 50  1
55 51  1
55 52  1
55 54  1
55 55  1
55 57  1
55 59  1
55 61  1
55 63  1
56 2  1
56 4  1
56 5  1
56 6  1
56 7  1
56 8  1
56 10  1
56 11  1
56 12  1
56 13  1
56 19  1
56 22  1
56 24  1
56 25  1
56 26  1
56 27  1
56 29  1
56 30  1
56 32  1
56 33  1
56 34  1
56 35  1
56 36  1
56 37  1
56 39  1
56 40  1
56 41  1
56 42  1
56 43  1
56 44  1
56 45  1
56 46  1
56 49  1
56 52  1
56 54  1
56 55  1
56 56  1
56 57  1
56 58  1
56 59  1
56 61  1
56 63  1
57 0  1
57 1  1
57 2  1
57 3  1
57 4  1
57 5  1
57 6  1
57 9  1
57 10  1
57 12  1
57 13  1
57 14  1
57 15  1
57 16  1
57 17  1
57 18  1
57 20  1
57 21  1
57 23  1
57 24  1
57 25  1
57 26  1
57 27  1
57 32  1
57 33  1
57 35  1
57 37  1
57 38  1
57 39  1
57 40  1
57 43  1
57 44  1
57 45  1
57 46  1
57 47  1
57 48  1
57 50  1
57 52  1
57 53  1
57 54  1
57 55  1
57 57  1
57 58  1
57 61  1
58 1  1
58 2  1
58 3  1
58 4  1
58 5  1
58 11  1
58 12  1
58 14  1
58 15  1
58 16  1
58 17  1
58 19  1
58 21  1
58 22  1
58 23  1
58 24  1
58 25  1
58 26  1
58 28  1
58 29  1
58 30  1
58 32  1
58 33  1
58 34  1
58 35  1
58 36  1
58 37  1
58 38  1
58 39  1
58 40  1
58 41  1
58 42  1
58 45  1
58 46  1
58 47  1
58 49  1
58 50  1
58 51  1
58 53  1
58 54  1
58 55  1
58 56  1
58 57  1
58 58  1
58 60  1
58 62  1
58 63  1
59 0  1
59 1  1
59 2  1
59 3  1
59 4  1
59 5  1
59 6  1
59 7  1
59 9  1
59 10  1
59 11  1
59 12  1
59 13  1
59 14  1
59 15  1
59 16  1
59 17  1
59 18  1
59 19  1
59 20  1
59 21  1
59 22  1
59 23  1
59 26  1
59 28  1
59 29  1
59 30  1
59 31  1
59 33  1
59 34  1
59 35  1
59 36  1
59 37  1
59 40  1
59 42  1
59 43  1
59 44  1
59 45  1
59 46  1
59 47  1
59 48  1
59 50  1
59 52  1
59 53  1
59 55  1
59 56  1
59 57  1
59 58  1
59 59  1
59 60  1
59 62  1
59 63  1
60 0  1
60 1  1
60 2  1
60 3  1
60 4  1
60 5  1
60 6  1
60 8  1
60 10  1
60 11  1
60 12  1
60 13  1
60 14  1
60 17  1
60 18  1
60 19  1
60 20  1
60 21  1
60 22  1
60 23  1
60 24  1
60 25  1
60 26  1
60 27  1
60 28  1
60 29  1
60 30  1
60 31  1
60 32  1
60 33  1
60 34  1
60 35  1
60 36  1
60 40  1
60 43  1
60 46  1
60 47  1
60 48  1
60 49  1
60 53  1
60 54  1
60 55  1
60 56  1
60 57  1
60 58  1
60 62  1
60 63  1
61 0  1
61 1  1
61 3  1
61 4  1
61 5  1
61 6  1
61 7  1
61 8  1
61 9  1
61 13  1
61 14  1
61 15  1
61 16  1
61 18  1
61 19  1
61 20  1
61 21  1
61 22  1
61 24  1
61 25  1
61 27  1
61 29  1
61 30  1
61 31  1
61 32  1
61 33  1
61 35  1
61 38  1
61 39  1
61 40  1
61 41  1
61 42  1
61 43  1
61 44  1
61 45  1
61 46  1
61 48  1
61 49  1
61 51  1
61 52  1
61 55  1
61 56  1
61 57  1
61 58  1
61 59  1
61 60  1
61 61  1
61 62  1
62 1  1
62 2  1
62 3  1
62 7  1
62 8  1
62 9  1
62 11  1
62 12  1
62 14  1
62 15  1
62 16  1
62 17  1
62 18  1
62 20  1
62 21  1
62 22  1
62 23  1
62 24  1
62 25  1
62 26  1
62 27  1
62 29  1
62 30  1
62 31  1
62 32  1
62 33  1
62 34  1
62 35  1
62 37  1
62 38  1
62 39  1
62 40  1
62 44  1
62 45  1
62 46  1
62 48  1
62 50  1
62 52  1
62 53  1
62 57  1
62 60  1
62 61  1
62 62  1
62 63  1
63 0  1
63 1  1
63 2  1
63 4  1
63 5  1
63 6  1
63 7  1
63 8  1
63 9  1
63 10  1
63 14  1
63 15  1
63 16  1
63 17  1
63 19  1
63 20  1
63 21  1
63 22  1
63 24  1
63 26  1
63 27  1
63 28  1
63 31  1
63 33  1
63 34  1
63 37  1
63 38  1
63 41  1
63 42  1
63 43  1
63 44  1
63 45  1
63 46  1
63 47  1
63 48  1
63 50  1
63 51  1
63 53  1
63 54  1
63 55  1
63 58  1
63 60  1
63 62  1
63 63  1
