size: 2883
Tuples
0 3  1
0 5  1
0 6  1
0 7  1
0 9  1
0 10  1
0 11  1
0 12  1
0 15  1
0 17  1
0 19  1
0 20  1
0 21  1
0 22  1
0 23  1
0 24  1
0 25  1
0 26  1
0 27  1
0 28  1
0 29  1
0 30  1
0 31  1
0 32  1
0 33  1
0 34  1
0 35  1
0 37  1
0 38  1
0 39  1
0 40  1
0 41  1
0 44  1
0 45  1
0 46  1
0 47  1
0 48  1
0 49  1
0 50  1
0 53  1
0 54  1
0 55  1
0 56  1
0 57  1
0 59  1
0 60  1
0 62  1
1 0  1
1 2  1
1 3  1
1 4  1
1 5  1
1 7  1
1 8  1
1 9  1
1 11  1
1 12  1
1 14  1
1 15  1
1 16  1
1 17  1
1 19  1
1 23  1
1 25  1
1 29  1
1 30  1
1 32  1
1 33  1
1 34  1
1 36  1
1 37  1
1 39  1
1 40  1
1 41  1
1 42  1
1 43  1
1 45  1
1 46  1
1 47  1
1 49  1
1 50  1
1 52  1
1 54  1
1 55  1
1 56  1
1 57  1
1 58  1
1 60  1
1 62  1
1 63  1
2 2  1
2 3  1
2 4  1
2 5  1
2 6  1
2 7  1
2 8  1
2 9  1
2 10  1
2 12  1
2 13  1
2 15  1
2 16  1
2 18  1
2 19  1
2 20  1
2 21  1
2 22  1
2 23  1
2 24  1
2 25  1
2 26  1
2 27  1
2 29  1
2 30  1
2 31  1
2 32  1
2 33  1
2 34  1
2 37  1
2 38  1
2 39  1
2 40  1
2 41  1
2 42  1
2 43  1
2 44  1
2 45  1
2 46  1
2 48  1
2 52  1
2 53  1
2 54  1
2 55  1
2 56  1
2 57  1
2 58  1
2 59  1
2 60  1
2 61  1
2 63  1
3 0  1
3 1  1
3 2  1
3 3  1
3 4  1
3 5  1
3 6  1
3 7  1
3 10  1
3 11  1
3 12  1
3 13  1
3 14  1
3 15  1
3 17  1
3 18  1
3 20  1
3 21  1
3 22  1
3 23  1
3 24  1
3 25  1
3 26  1
3 27  1
3 30  1
3 31  1
3 32  1
3 33  1
3 34  1
3 35  1
3 38  1
3 40  1
3 41  1
3 43  1
3 44  1
3 45  1
3 46  1
3 47  1
3 49  1
3 50  1
3 51  1
3 56  1
3 57  1
3 60  1
3 61  1
3 63  1
4 1  1
4 3  1
4 4  1
4 5  1
4 9  1
4 10  1
4 12  1
4 13  1
4 14  1
4 17  1
4 18  1
4 19  1
4 20  1
4 23  1
4 25  1
4 26  1
4 30  1
4 31  1
4 32  1
4 33  1
4 34  1
4 35  1
4 39  1
4 40  1
4 41  1
4 42  1
4 45  1
4 47  1
4 48  1
4 49  1
4 50  1
4 51  1
4 52  1
4 53  1
4 55  1
4 56  1
4 58  1
4 59  1
4 61  1
4 62  1
5 0  1
5 1  1
5 3  1
5 4  1
5 5  1
5 6  1
5 10  1
5 11  1
5 12  1
5 13  1
5 14  1
5 16  1
5 19  1
5 21  1
5 23  1
5 24  1
5 25  1
5 26  1
5 27  1
5 28  1
5 29  1
5 30  1
5 31  1
5 34  1
5 35  1
5 39  1
5 41  1
5 42  1
5 43  1
5 44  1
5 45  1
5 47  1
5 49  1
5 50  1
5 52  1
5 53  1
5 54  1
5 58  1
5 59  1
5 61  1
5 62  1
5 63  1
6 0  1
6 1  1
6 3  1
6 5  1
6 6  1
6 8  1
6 9  1
6 10  1
6 11  1
6 12  1
6 13  1
6 14  1
6 15  1
6 16  1
6 17  1
6 19  1
6 20  1
6 21  1
6 22  1
6 23  1
6 24  1
6 27  1
6 28  1
6 30  1
6 31  1
6 32  1
6 33  1
6 34  1
6 35  1
6 39  1
6 40  1
6 43  1
6 44  1
6 45  1
6 47  1
6 48  1
6 49  1
6 50  1
6 51  1
6 53  1
6 54  1
6 59  1
6 60  1
6 62  1
6 63  1
7 0  1
7 1  1
7 2  1
7 5  1
7 8  1
7 9  1
7 10  1
7 11  1
7 12  1
7 13  1
7 14  1
7 16  1
7 17  1
7 18  1
7 19  1
7 20  1
7 21  1
7 22  1
7 25  1
7 28  1
7 29  1
7 30  1
7 32  1
7 34  1
7 35  1
7 36  1
7 37  1
7 38  1
7 41  1
7 43  1
7 45  1
7 48  1
7 49  1
7 50  1
7 51  1
7 52  1
7 53  1
7 55  1
7 56  1
7 58  1
7 59  1
7 60  1
7 61  1
7 62  1
7 63  1
8 0  1
8 1  1
8 2  1
8 3  1
8 5  1
8 8  1
8 9  1
8 10  1
8 11  1
8 12  1
8 13  1
8 15  1
8 16  1
8 18  1
8 19  1
8 22  1
8 23  1
8 25  1
8 31  1
8 33  1
8 34  1
8 38  1
8 39  1
8 41  1
8 43  1
8 44  1
8 45  1
8 46  1
8 47  1
8 48  1
8 49  1
8 50  1
8 52  1
8 53  1
8 54  1
8 55  1
8 58  1
8 60  1
8 61  1
8 62  1
8 63  1
9 0  1
9 1  1
9 2  1
9 3  1
9 4  1
9 6  1
9 8  1
9 9  1
9 10  1
9 11  1
9 13  1
9 15  1
9 16  1
9 17  1
9 18  1
9 19  1
9 20  1
9 21  1
9 22  1
9 23  1
9 25  1
9 27  1
9 28  1
9 29  1
9 30  1
9 32  1
9 33  1
9 35  1
9 36  1
9 37  1
9 38  1
9 39  1
9 40  1
9 41  1
9 42  1
9 43  1
9 45  1
9 46  1
9 47  1
9 49  1
9 50  1
9 51  1
9 52  1
9 53  1
9 54  1
9 55  1
9 56  1
9 57  1
9 58  1
9 61  1
9 62  1
9 63  1
10 0  1
10 1  1
10 3  1
10 4  1
10 5  1
10 6  1
10 7  1
10 9  1
10 11  1
10 12  1
10 13  1
10 14  1
10 15  1
10 16  1
10 17  1
10 18  1
10 19  1
10 20  1
10 23  1
10 24  1
10 25  1
10 27  1
10 28  1
10 29  1
10 30  1
10 31  1
10 33  1
10 34  1
10 36  1
10 37  1
10 38  1
10 41  1
10 42  1
10 43  1
10 44  1
10 45  1
10 47  1
10 49  1
10 51  1
10 52  1
10 53  1
10 56  1
10 57  1
10 58  1
10 59  1
10 61  1
10 62  1
10 63  1
11 0  1
11 2  1
11 3  1
11 4  1
11 6  1
11 7  1
11 8  1
11 10  1
11 13  1
11 14  1
11 16  1
11 17  1
11 18  1
11 19  1
11 20  1
11 21  1
11 23  1
11 24  1
11 25  1
11 27  1
11 28  1
11 29  1
11 30  1
11 31  1
11 32  1
11 33  1
11 34  1
11 35  1
11 37  1
11 38  1
11 40  1
11 41  1
11 42  1
11 44  1
11 45  1
11 46  1
11 47  1
11 48  1
11 49  1
11 52  1
11 53  1
11 54  1
11 55  1
11 56  1
11 57  1
11 59  1
11 60  1
11 61  1
12 0  1
12 1  1
12 2  1
12 3  1
12 5  1
12 6  1
12 7  1
12 8  1
12 9  1
12 10  1
12 14  1
12 15  1
12 17  1
12 18  1
12 19  1
12 21  1
12 22  1
12 23  1
12 24  1
12 25  1
12 26  1
12 27  1
12 28  1
12 29  1
12 31  1
12 32  1
12 33  1
12 34  1
12 38  1
12 39  1
12 41  1
12 42  1
12 43  1
12 44  1
12 46  1
12 48  1
12 50  1
12 52  1
12 54  1
12 56  1
12 57  1
12 58  1
12 59  1
12 60  1
12 61  1
12 62  1
12 63  1
13 3  1
13 4  1
13 5  1
13 6  1
13 7  1
13 10  1
13 12  1
13 13  1
13 15  1
13 16  1
13 17  1
13 18  1
13 19  1
13 20  1
13 21  1
13 22  1
13 23  1
13 24  1
13 25  1
13 26  1
13 27  1
13 28  1
13 29  1
13 30  1
13 31  1
13 32  1
13 33  1
13 35  1
13 36  1
13 38  1
13 39  1
13 42  1
13 44  1
13 45  1
13 46  1
13 48  1
13 51  1
13 52  1
13 53  1
13 54  1
13 55  1
13 56  1
13 57  1
13 58  1
13 59  1
13 60  1
13 61  1
13 62  1
13 63  1
14 0  1
14 1  1
14 3  1
14 4  1
14 5  1
14 6  1
14 7  1
14 8  1
14 9  1
14 10  1
14 11  1
14 12  1
14 14  1
14 15  1
14 16  1
14 17  1
14 18  1
14 19  1
14 20  1
14 21  1
14 22  1
14 23  1
14 24  1
14 25  1
14 26  1
14 27  1
14 29  1
14 30  1
14 31  1
14 32  1
14 33  1
14 35  1
14 37  1
14 39  1
14 40  1
14 42  1
14 44  1
14 46  1
14 47  1
14 48  1
14 49  1
14 50  1
14 51  1
14 53  1
14 56  1
14 57  1
14 60  1
14 61  1
14 62  1
15 1  1
15 2  1
15 3  1
15 6  1
15 8  1
15 14  1
15 15  1
15 17  1
15 18  1
15 19  1
15 20  1
15 21  1
15 23  1
15 25  1
15 26  1
15 27  1
15 29  1
15 30  1
15 32  1
15 33  1
15 35  1
15 36  1
15 40  1
15 41  1
15 42  1
15 43  1
15 44  1
15 48  1
15 49  1
15 50  1
15 51  1
15 52  1
15 53  1
15 54  1
15 57  1
15 58  1
15 59  1
15 60  1
15 62  1
15 63  1
16 0  1
16 2  1
16 3  1
16 6  1
16 7  1
16 8  1
16 9  1
16 10  1
16 11  1
16 12  1
16 14  1
16 16  1
16 17  1
16 19  1
16 21  1
16 23  1
16 24  1
16 25  1
16 28  1
16 29  1
16 30  1
16 32  1
16 33  1
16 38  1
16 39  1
16 40  1
16 41  1
16 43  1
16 44  1
16 45  1
16 47  1
16 48  1
16 51  1
16 52  1
16 54  1
16 55  1
16 57  1
16 58  1
16 59  1
16 61  1
16 63  1
17 0  1
17 2  1
17 3  1
17 4  1
17 5  1
17 7  1
17 8  1
17 10  1
17 12  1
17 13  1
17 14  1
17 15  1
17 16  1
17 17  1
17 18  1
17 19  1
17 20  1
17 22  1
17 23  1
17 26  1
17 27  1
17 30  1
17 31  1
17 32  1
17 33  1
17 35  1
17 36  1
17 39  1
17 40  1
17 41  1
17 42  1
17 44  1
17 45  1
17 46  1
17 47  1
17 48  1
17 49  1
17 50  1
17 51  1
17 53  1
17 56  1
17 57  1
17 59  1
17 60  1
17 61  1
17 62  1
17 63  1
18 0  1
18 1  1
18 2  1
18 4  1
18 5  1
18 6  1
18 7  1
18 8  1
18 11  1
18 14  1
18 15  1
18 16  1
18 18  1
18 19  1
18 20  1
18 21  1
18 22  1
18 23  1
18 24  1
18 26  1
18 27  1
18 28  1
18 29  1
18 30  1
18 31  1
18 32  1
18 33  1
18 34  1
18 36  1
18 38  1
18 39  1
18 40  1
18 41  1
18 43  1
18 44  1
18 45  1
18 46  1
18 47  1
18 48  1
18 49  1
18 50  1
18 51  1
18 52  1
18 53  1
18 54  1
18 55  1
18 56  1
18 57  1
18 58  1
18 59  1
18 60  1
18 63  1
19 0  1
19 1  1
19 2  1
19 3  1
19 5  1
19 6  1
19 7  1
19 8  1
19 12  1
19 13  1
19 14  1
19 15  1
19 16  1
19 17  1
19 18  1
19 20  1
19 22  1
19 25  1
19 26  1
19 28  1
19 29  1
19 30  1
19 31  1
19 32  1
19 34  1
19 35  1
19 38  1
19 39  1
19 41  1
19 42  1
19 43  1
19 44  1
19 47  1
19 48  1
19 50  1
19 51  1
19 53  1
19 55  1
19 56  1
19 57  1
19 59  1
19 60  1
19 61  1
20 0  1
20 2  1
20 3  1
20 4  1
20 5  1
20 6  1
20 7  1
20 9  1
20 10  1
20 11  1
20 12  1
20 13  1
20 14  1
20 16  1
20 17  1
20 19  1
20 24  1
20 26  1
20 27  1
20 28  1
20 29  1
20 31  1
20 32  1
20 34  1
20 35  1
20 36  1
20 37  1
20 39  1
20 40  1
20 41  1
20 42  1
20 43  1
20 44  1
20 45  1
20 46  1
20 47  1
20 49  1
20 51  1
20 52  1
20 53  1
20 55  1
20 56  1
20 57  1
20 60  1
20 61  1
20 62  1
20 63  1
21 1  1
21 2  1
21 3  1
21 5  1
21 6  1
21 8  1
21 9  1
21 11  1
21 13  1
21 15  1
21 16  1
21 18  1
21 20  1
21 21  1
21 23  1
21 28  1
21 29  1
21 30  1
21 31  1
21 32  1
21 37  1
21 38  1
21 40  1
21 41  1
21 42  1
21 43  1
21 44  1
21 45  1
21 46  1
21 48  1
21 49  1
21 51  1
21 52  1
21 53  1
21 55  1
21 57  1
21 58  1
21 59  1
21 60  1
21 61  1
21 62  1
21 63  1
22 0  1
22 2  1
22 3  1
22 5  1
22 8  1
22 10  1
22 11  1
22 12  1
22 13  1
22 14  1
22 17  1
22 18  1
22 19  1
22 20  1
22 21  1
22 22  1
22 23  1
22 24  1
22 25  1
22 28  1
22 30  1
22 32  1
22 34  1
22 35  1
22 36  1
22 37  1
22 38  1
22 39  1
22 40  1
22 41  1
22 42  1
22 43  1
22 44  1
22 45  1
22 46  1
22 48  1
22 49  1
22 51  1
22 52  1
22 53  1
22 54  1
22 55  1
22 56  1
22 57  1
22 58  1
22 59  1
22 61  1
22 63  1
23 0  1
23 3  1
23 4  1
23 6  1
23 7  1
23 8  1
23 10  1
23 11  1
23 12  1
23 13  1
23 14  1
23 15  1
23 16  1
23 17  1
23 19  1
23 21  1
23 22  1
23 23  1
23 26  1
23 29  1
23 30  1
23 33  1
23 34  1
23 35  1
23 36  1
23 37  1
23 38  1
23 40  1
23 41  1
23 42  1
23 43  1
23 44  1
23 45  1
23 46  1
23 47  1
23 50  1
23 51  1
23 52  1
23 53  1
23 54  1
23 57  1
23 59  1
23 60  1
23 62  1
23 63  1
24 1  1
24 2  1
24 3  1
24 6  1
24 7  1
24 8  1
24 9  1
24 10  1
24 11  1
24 12  1
24 13  1
24 15  1
24 16  1
24 18  1
24 19  1
24 20  1
24 21  1
24 23  1
24 24  1
24 25  1
24 27  1
24 28  1
24 29  1
24 30  1
24 31  1
24 32  1
24 33  1
24 34  1
24 35  1
24 37  1
24 38  1
24 39  1
24 41  1
24 42  1
24 44  1
24 45  1
24 47  1
24 48  1
24 49  1
24 51  1
24 52  1
24 53  1
24 54  1
24 55  1
24 56  1
24 57  1
24 59  1
24 60  1
24 61  1
24 63  1
25 1  1
25 2  1
25 4  1
25 5  1
25 6  1
25 7  1
25 8  1
25 9  1
25 11  1
25 13  1
25 15  1
25 16  1
25 18  1
25 19  1
25 20  1
25 21  1
25 23  1
25 24  1
25 25  1
25 26  1
25 27  1
25 28  1
25 29  1
25 30  1
25 32  1
25 33  1
25 36  1
25 37  1
25 38  1
25 40  1
25 41  1
25 42  1
25 43  1
25 44  1
25 45  1
25 46  1
25 48  1
25 49  1
25 50  1
25 51  1
25 52  1
25 53  1
25 54  1
25 56  1
25 57  1
25 58  1
25 59  1
25 60  1
25 61  1
25 63  1
26 0  1
26 3  1
26 4  1
26 5  1
26 6  1
26 7  1
26 8  1
26 9  1
26 11  1
26 12  1
26 13  1
26 14  1
26 15  1
26 16  1
26 17  1
26 19  1
26 21  1
26 22  1
26 24  1
26 25  1
26 26  1
26 27  1
26 28  1
26 30  1
26 31  1
26 32  1
26 33  1
26 35  1
26 36  1
26 39  1
26 40  1
26 41  1
26 42  1
26 43  1
26 44  1
26 45  1
26 46  1
26 47  1
26 48  1
26 49  1
26 50  1
26 52  1
26 53  1
26 54  1
26 55  1
26 56  1
26 57  1
26 60  1
26 61  1
26 63  1
27 1  1
27 2  1
27 3  1
27 6  1
27 8  1
27 9  1
27 10  1
27 14  1
27 15  1
27 16  1
27 17  1
27 22  1
27 23  1
27 24  1
27 26  1
27 27  1
27 28  1
27 29  1
27 30  1
27 33  1
27 34  1
27 35  1
27 38  1
27 40  1
27 41  1
27 42  1
27 44  1
27 46  1
27 47  1
27 48  1
27 50  1
27 51  1
27 52  1
27 53  1
27 54  1
27 55  1
27 56  1
27 57  1
27 59  1
27 60  1
27 61  1
27 62  1
27 63  1
28 0  1
28 2  1
28 3  1
28 4  1
28 6  1
28 7  1
28 8  1
28 9  1
28 11  1
28 12  1
28 13  1
28 15  1
28 16  1
28 19  1
28 20  1
28 22  1
28 26  1
28 27  1
28 28  1
28 29  1
28 31  1
28 32  1
28 34  1
28 35  1
28 36  1
28 37  1
28 38  1
28 39  1
28 42  1
28 43  1
28 44  1
28 45  1
28 47  1
28 48  1
28 49  1
28 50  1
28 51  1
28 53  1
28 54  1
28 55  1
28 56  1
28 57  1
28 59  1
28 60  1
28 61  1
28 62  1
29 0  1
29 1  1
29 2  1
29 5  1
29 6  1
29 9  1
29 11  1
29 12  1
29 13  1
29 14  1
29 15  1
29 16  1
29 19  1
29 21  1
29 23  1
29 24  1
29 25  1
29 26  1
29 28  1
29 30  1
29 31  1
29 32  1
29 33  1
29 34  1
29 35  1
29 36  1
29 37  1
29 38  1
29 40  1
29 42  1
29 43  1
29 44  1
29 45  1
29 49  1
29 50  1
29 52  1
29 53  1
29 54  1
29 56  1
29 57  1
29 58  1
29 60  1
30 0  1
30 3  1
30 4  1
30 7  1
30 11  1
30 12  1
30 14  1
30 15  1
30 16  1
30 17  1
30 18  1
30 19  1
30 20  1
30 21  1
30 22  1
30 25  1
30 26  1
30 27  1
30 29  1
30 30  1
30 33  1
30 34  1
30 37  1
30 42  1
30 44  1
30 47  1
30 48  1
30 49  1
30 50  1
30 52  1
30 54  1
30 55  1
30 57  1
30 59  1
30 60  1
30 61  1
30 62  1
30 63  1
31 0  1
31 1  1
31 2  1
31 4  1
31 7  1
31 10  1
31 11  1
31 12  1
31 13  1
31 15  1
31 16  1
31 19  1
31 20  1
31 21  1
31 22  1
31 23  1
31 24  1
31 25  1
31 26  1
31 27  1
31 28  1
31 30  1
31 31  1
31 33  1
31 35  1
31 36  1
31 37  1
31 39  1
31 40  1
31 43  1
31 44  1
31 45  1
31 46  1
31 47  1
31 48  1
31 50  1
31 52  1
31 54  1
31 55  1
31 57  1
31 58  1
31 60  1
31 61  1
31 62  1
31 63  1
32 3  1
32 4  1
32 5  1
32 7  1
32 8  1
32 10  1
32 11  1
32 12  1
32 13  1
32 14  1
32 16  1
32 17  1
32 18  1
32 19  1
32 20  1
32 21  1
32 22  1
32 23  1
32 24  1
32 26  1
32 27  1
32 28  1
32 29  1
32 30  1
32 32  1
32 33  1
32 35  1
32 36  1
32 37  1
32 42  1
32 43  1
32 44  1
32 45  1
32 47  1
32 48  1
32 49  1
32 50  1
32 51  1
32 52  1
32 54  1
32 57  1
32 60  1
32 61  1
32 63  1
33 0  1
33 1  1
33 3  1
33 4  1
33 5  1
33 7  1
33 10  1
33 12  1
33 13  1
33 15  1
33 16  1
33 18  1
33 19  1
33 20  1
33 22  1
33 23  1
33 24  1
33 25  1
33 26  1
33 27  1
33 28  1
33 29  1
33 30  1
33 31  1
33 32  1
33 33  1
33 34  1
33 37  1
33 38  1
33 39  1
33 40  1
33 41  1
33 42  1
33 43  1
33 44  1
33 45  1
33 46  1
33 49  1
33 51  1
33 53  1
33 54  1
33 55  1
33 58  1
33 59  1
33 60  1
33 61  1
33 62  1
33 63  1
34 0  1
34 4  1
34 5  1
34 7  1
34 8  1
34 9  1
34 10  1
34 11  1
34 12  1
34 13  1
34 14  1
34 17  1
34 18  1
34 19  1
34 22  1
34 23  1
34 26  1
34 28  1
34 29  1
34 30  1
34 33  1
34 35  1
34 36  1
34 37  1
34 39  1
34 40  1
34 41  1
34 43  1
34 44  1
34 46  1
34 50  1
34 51  1
34 54  1
34 55  1
34 58  1
34 61  1
34 62  1
34 63  1
35 0  1
35 2  1
35 3  1
35 4  1
35 5  1
35 6  1
35 8  1
35 9  1
35 10  1
35 12  1
35 13  1
35 14  1
35 16  1
35 17  1
35 19  1
35 21  1
35 22  1
35 23  1
35 24  1
35 25  1
35 27  1
35 29  1
35 31  1
35 32  1
35 33  1
35 37  1
35 40  1
35 41  1
35 42  1
35 43  1
35 44  1
35 45  1
35 46  1
35 47  1
35 48  1
35 49  1
35 50  1
35 51  1
35 54  1
35 56  1
35 57  1
35 58  1
35 59  1
35 60  1
35 63  1
36 0  1
36 1  1
36 3  1
36 5  1
36 6  1
36 7  1
36 8  1
36 10  1
36 12  1
36 13  1
36 14  1
36 16  1
36 17  1
36 18  1
36 20  1
36 22  1
36 24  1
36 25  1
36 27  1
36 28  1
36 29  1
36 30  1
36 32  1
36 34  1
36 35  1
36 36  1
36 38  1
36 39  1
36 42  1
36 43  1
36 44  1
36 45  1
36 49  1
36 51  1
36 52  1
36 53  1
36 54  1
36 59  1
36 60  1
36 61  1
36 62  1
36 63  1
37 0  1
37 2  1
37 3  1
37 4  1
37 5  1
37 7  1
37 8  1
37 9  1
37 10  1
37 11  1
37 14  1
37 16  1
37 17  1
37 18  1
37 19  1
37 21  1
37 22  1
37 25  1
37 30  1
37 32  1
37 33  1
37 34  1
37 35  1
37 36  1
37 37  1
37 38  1
37 39  1
37 40  1
37 41  1
37 42  1
37 43  1
37 44  1
37 45  1
37 47  1
37 48  1
37 49  1
37 50  1
37 51  1
37 53  1
37 54  1
37 55  1
37 56  1
37 58  1
37 59  1
37 60  1
37 61  1
37 62  1
37 63  1
38 0  1
38 1  1
38 2  1
38 3  1
38 4  1
38 5  1
38 7  1
38 8  1
38 9  1
38 10  1
38 11  1
38 12  1
38 13  1
38 15  1
38 16  1
38 17  1
38 18  1
38 19  1
38 21  1
38 22  1
38 24  1
38 25  1
38 27  1
38 29  1
38 30  1
38 33  1
38 34  1
38 36  1
38 40  1
38 41  1
38 42  1
38 43  1
38 44  1
38 46  1
38 47  1
38 49  1
38 50  1
38 51  1
38 52  1
38 53  1
38 55  1
38 57  1
38 58  1
38 59  1
38 60  1
38 61  1
38 62  1
38 63  1
39 0  1
39 1  1
39 2  1
39 4  1
39 5  1
39 6  1
39 8  1
39 10  1
39 13  1
39 14  1
39 15  1
39 17  1
39 18  1
39 19  1
39 22  1
39 24  1
39 27  1
39 29  1
39 30  1
39 31  1
39 32  1
39 33  1
39 35  1
39 37  1
39 38  1
39 39  1
39 40  1
39 41  1
39 42  1
39 43  1
39 44  1
39 45  1
39 46  1
39 47  1
39 48  1
39 49  1
39 50  1
39 51  1
39 52  1
39 53  1
39 55  1
39 56  1
39 57  1
39 58  1
39 59  1
39 61  1
39 63  1
40 0  1
40 2  1
40 4  1
40 5  1
40 6  1
40 8  1
40 10  1
40 11  1
40 12  1
40 13  1
40 14  1
40 15  1
40 16  1
40 18  1
40 19  1
40 20  1
40 21  1
40 22  1
40 23  1
40 24  1
40 26  1
40 27  1
40 28  1
40 29  1
40 30  1
40 31  1
40 32  1
40 33  1
40 34  1
40 35  1
40 38  1
40 39  1
40 41  1
40 44  1
40 47  1
40 51  1
40 52  1
40 53  1
40 54  1
40 55  1
40 56  1
40 57  1
40 58  1
40 59  1
40 60  1
40 61  1
40 62  1
40 63  1
41 1  1
41 5  1
41 6  1
41 7  1
41 9  1
41 10  1
41 11  1
41 12  1
41 13  1
41 14  1
41 16  1
41 17  1
41 18  1
41 21  1
41 23  1
41 24  1
41 26  1
41 27  1
41 28  1
41 29  1
41 30  1
41 33  1
41 35  1
41 36  1
41 38  1
41 40  1
41 41  1
41 42  1
41 43  1
41 44  1
41 45  1
41 46  1
41 48  1
41 49  1
41 50  1
41 52  1
41 53  1
41 55  1
41 56  1
41 57  1
41 58  1
41 59  1
41 62  1
41 63  1
42 0  1
42 1  1
42 2  1
42 3  1
42 4  1
42 5  1
42 6  1
42 8  1
42 9  1
42 10  1
42 11  1
42 12  1
42 13  1
42 14  1
42 15  1
42 17  1
42 19  1
42 21  1
42 24  1
42 25  1
42 26  1
42 27  1
42 28  1
42 29  1
42 30  1
42 31  1
42 32  1
42 33  1
42 34  1
42 35  1
42 36  1
42 37  1
42 38  1
42 40  1
42 41  1
42 43  1
42 44  1
42 45  1
42 51  1
42 53  1
42 54  1
42 55  1
42 58  1
42 60  1
43 0  1
43 3  1
43 6  1
43 7  1
43 8  1
43 9  1
43 11  1
43 12  1
43 13  1
43 15  1
43 17  1
43 19  1
43 20  1
43 21  1
43 22  1
43 25  1
43 26  1
43 27  1
43 29  1
43 30  1
43 33  1
43 36  1
43 37  1
43 38  1
43 40  1
43 42  1
43 44  1
43 45  1
43 47  1
43 49  1
43 50  1
43 51  1
43 52  1
43 53  1
43 55  1
43 57  1
43 58  1
43 60  1
43 62  1
43 63  1
44 0  1
44 1  1
44 3  1
44 4  1
44 5  1
44 6  1
44 7  1
44 8  1
44 10  1
44 11  1
44 13  1
44 14  1
44 15  1
44 19  1
44 20  1
44 21  1
44 22  1
44 23  1
44 24  1
44 28  1
44 29  1
44 31  1
44 35  1
44 36  1
44 37  1
44 39  1
44 40  1
44 42  1
44 44  1
44 45  1
44 46  1
44 47  1
44 49  1
44 50  1
44 53  1
44 54  1
44 55  1
44 56  1
44 58  1
44 60  1
44 61  1
44 62  1
44 63  1
45 3  1
45 4  1
45 6  1
45 7  1
45 8  1
45 9  1
45 10  1
45 13  1
45 15  1
45 16  1
45 17  1
45 18  1
45 19  1
45 20  1
45 21  1
45 22  1
45 23  1
45 24  1
45 28  1
45 29  1
45 30  1
45 33  1
45 34  1
45 35  1
45 37  1
45 38  1
45 39  1
45 40  1
45 43  1
45 44  1
45 48  1
45 49  1
45 50  1
45 51  1
45 52  1
45 53  1
45 55  1
45 57  1
45 58  1
45 59  1
45 60  1
45 61  1
45 62  1
45 63  1
46 0  1
46 1  1
46 2  1
46 4  1
46 5  1
46 6  1
46 7  1
46 8  1
46 9  1
46 11  1
46 12  1
46 14  1
46 16  1
46 17  1
46 18  1
46 19  1
46 20  1
46 21  1
46 22  1
46 23  1
46 24  1
46 26  1
46 28  1
46 29  1
46 31  1
46 34  1
46 36  1
46 37  1
46 38  1
46 40  1
46 41  1
46 42  1
46 43  1
46 44  1
46 45  1
46 46  1
46 47  1
46 49  1
46 51  1
46 52  1
46 53  1
46 56  1
46 57  1
46 62  1
46 63  1
47 0  1
47 1  1
47 2  1
47 3  1
47 5  1
47 6  1
47 7  1
47 8  1
47 10  1
47 11  1
47 12  1
47 17  1
47 18  1
47 21  1
47 22  1
47 23  1
47 24  1
47 25  1
47 26  1
47 27  1
47 28  1
47 30  1
47 31  1
47 34  1
47 36  1
47 37  1
47 39  1
47 40  1
47 42  1
47 43  1
47 44  1
47 47  1
47 48  1
47 49  1
47 50  1
47 51  1
47 56  1
47 58  1
47 59  1
47 60  1
47 62  1
48 1  1
48 2  1
48 4  1
48 5  1
48 6  1
48 7  1
48 9  1
48 11  1
48 12  1
48 13  1
48 14  1
48 15  1
48 16  1
48 17  1
48 19  1
48 21  1
48 23  1
48 24  1
48 25  1
48 26  1
48 28  1
48 29  1
48 30  1
48 31  1
48 32  1
48 33  1
48 34  1
48 35  1
48 37  1
48 38  1
48 39  1
48 41  1
48 42  1
48 43  1
48 44  1
48 46  1
48 47  1
48 50  1
48 52  1
48 54  1
48 55  1
48 56  1
48 57  1
48 58  1
48 59  1
48 61  1
48 62  1
49 0  1
49 2  1
49 3  1
49 4  1
49 5  1
49 6  1
49 7  1
49 8  1
49 9  1
49 10  1
49 11  1
49 12  1
49 13  1
49 14  1
49 17  1
49 19  1
49 20  1
49 21  1
49 23  1
49 25  1
49 27  1
49 28  1
49 29  1
49 30  1
49 31  1
49 33  1
49 34  1
49 36  1
49 37  1
49 38  1
49 39  1
49 40  1
49 41  1
49 42  1
49 43  1
49 44  1
49 45  1
49 47  1
49 48  1
49 50  1
49 52  1
49 53  1
49 55  1
49 56  1
49 57  1
49 59  1
49 61  1
49 62  1
49 63  1
50 3  1
50 9  1
50 10  1
50 14  1
50 15  1
50 16  1
50 18  1
50 19  1
50 20  1
50 21  1
50 22  1
50 23  1
50 25  1
50 27  1
50 28  1
50 30  1
50 34  1
50 35  1
50 37  1
50 39  1
50 40  1
50 41  1
50 42  1
50 43  1
50 44  1
50 45  1
50 46  1
50 47  1
50 48  1
50 50  1
50 52  1
50 53  1
50 54  1
50 55  1
50 56  1
50 57  1
50 58  1
50 61  1
50 63  1
51 3  1
51 4  1
51 5  1
51 9  1
51 13  1
51 16  1
51 17  1
51 19  1
51 22  1
51 23  1
51 26  1
51 27  1
51 28  1
51 30  1
51 31  1
51 32  1
51 33  1
51 35  1
51 37  1
51 39  1
51 41  1
51 43  1
51 44  1
51 45  1
51 47  1
51 49  1
51 54  1
51 55  1
51 56  1
51 57  1
51 58  1
51 59  1
51 61  1
51 62  1
51 63  1
52 0  1
52 1  1
52 3  1
52 4  1
52 5  1
52 6  1
52 7  1
52 8  1
52 9  1
52 11  1
52 13  1
52 14  1
52 15  1
52 16  1
52 17  1
52 18  1
52 19  1
52 20  1
52 21  1
52 22  1
52 23  1
52 24  1
52 25  1
52 26  1
52 27  1
52 28  1
52 29  1
52 30  1
52 31  1
52 32  1
52 33  1
52 35  1
52 36  1
52 37  1
52 38  1
52 39  1
52 41  1
52 43  1
52 44  1
52 45  1
52 47  1
52 48  1
52 49  1
52 54  1
52 56  1
52 58  1
52 60  1
52 61  1
52 62  1
53 0  1
53 1  1
53 3  1
53 4  1
53 6  1
53 9  1
53 11  1
53 14  1
53 15  1
53 16  1
53 17  1
53 18  1
53 20  1
53 22  1
53 23  1
53 25  1
53 29  1
53 30  1
53 32  1
53 33  1
53 34  1
53 35  1
53 36  1
53 37  1
53 38  1
53 39  1
53 40  1
53 42  1
53 43  1
53 44  1
53 46  1
53 47  1
53 49  1
53 50  1
53 52  1
53 53  1
53 54  1
53 56  1
53 58  1
53 59  1
53 60  1
53 61  1
53 62  1
53 63  1
54 0  1
54 1  1
54 2  1
54 3  1
54 4  1
54 5  1
54 6  1
54 7  1
54 8  1
54 9  1
54 10  1
54 11  1
54 14  1
54 15  1
54 16  1
54 18  1
54 21  1
54 24  1
54 26  1
54 27  1
54 29  1
54 30  1
54 33  1
54 35  1
54 36  1
54 37  1
54 38  1
54 39  1
54 43  1
54 45  1
54 46  1
54 47  1
54 50  1
54 52  1
54 53  1
54 55  1
54 59  1
54 60  1
54 62  1
54 63  1
55 0  1
55 2  1
55 4  1
55 5  1
55 6  1
55 10  1
55 11  1
55 12  1
55 13  1
55 14  1
55 15  1
55 17  1
55 18  1
55 19  1
55 20  1
55 21  1
55 22  1
55 23  1
55 24  1
55 25  1
55 26  1
55 27  1
55 28  1
55 29  1
55 34  1
55 35  1
55 36  1
55 37  1
55 38  1
55 39  1
55 41  1
55 42  1
55 44  1
55 45  1
55 46  1
55 47  1
55 48  1
55 49  1
55 50  1
55 51  1
55 53  1
55 54  1
55 55  1
55 56  1
55 57  1
55 58  1
55 59  1
55 60  1
55 61  1
55 62  1
56 2  1
56 4  1
56 5  1
56 6  1
56 8  1
56 9  1
56 11  1
56 14  1
56 17  1
56 18  1
56 20  1
56 21  1
56 23  1
56 25  1
56 26  1
56 27  1
56 30  1
56 31  1
56 32  1
56 33  1
56 35  1
56 36  1
56 38  1
56 39  1
56 41  1
56 43  1
56 44  1
56 45  1
56 46  1
56 50  1
56 51  1
56 53  1
56 55  1
56 57  1
56 58  1
56 62  1
57 0  1
57 2  1
57 3  1
57 6  1
57 7  1
57 9  1
57 10  1
57 12  1
57 13  1
57 15  1
57 16  1
57 19  1
57 20  1
57 21  1
57 23  1
57 24  1
57 26  1
57 27  1
57 29  1
57 30  1
57 32  1
57 33  1
57 34  1
57 35  1
57 38  1
57 39  1
57 40  1
57 41  1
57 45  1
57 46  1
57 47  1
57 49  1
57 50  1
57 51  1
57 52  1
57 53  1
57 54  1
57 56  1
57 57  1
57 58  1
57 59  1
57 60  1
57 61  1
57 62  1
57 63  1
58 0  1
58 1  1
58 2  1
58 7  1
58 8  1
58 9  1
58 11  1
58 12  1
58 13  1
58 15  1
58 16  1
58 17  1
58 18  1
58 19  1
58 20  1
58 21  1
58 22  1
58 23  1
58 24  1
58 26  1
58 27  1
58 29  1
58 30  1
58 31  1
58 33  1
58 34  1
58 35  1
58 36  1
58 37  1
58 38  1
58 41  1
58 42  1
58 43  1
58 44  1
58 45  1
58 46  1
58 47  1
58 48  1
58 49  1
58 50  1
58 51  1
58 52  1
58 53  1
58 54  1
58 55  1
58 57  1
58 58  1
58 59  1
58 60  1
58 61  1
58 63  1
59 0  1
59 1  1
59 2  1
59 3  1
59 6  1
59 7  1
59 8  1
59 9  1
59 11  1
59 12  1
59 13  1
59 15  1
59 16  1
59 17  1
59 18  1
59 19  1
59 21  1
59 22  1
59 23  1
59 24  1
59 25  1
59 26  1
59 27  1
59 28  1
59 30  1
59 34  1
59 35  1
59 37  1
59 38  1
59 40  1
59 41  1
59 43  1
59 44  1
59 47  1
59 49  1
59 50  1
59 52  1
59 54  1
59 55  1
59 56  1
59 59  1
59 60  1
59 61  1
59 62  1
59 63  1
60 0  1
60 1  1
60 2  1
60 5  1
60 7  1
60 9  1
60 11  1
60 13  1
60 14  1
60 16  1
60 17  1
60 18  1
60 19  1
60 21  1
60 22  1
60 23  1
60 25  1
60 26  1
60 28  1
60 31  1
60 32  1
60 33  1
60 34  1
60 35  1
60 37  1
60 38  1
60 41  1
60 44  1
60 45  1
60 46  1
60 48  1
60 49  1
60 50  1
60 52  1
60 54  1
60 55  1
60 56  1
60 57  1
60 58  1
60 59  1
60 60  1
60 61  1
60 62  1
60 63  1
61 0  1
61 1  1
61 2  1
61 3  1
61 4  1
61 5  1
61 6  1
61 7  1
61 8  1
61 10  1
61 12  1
61 13  1
61 14  1
61 15  1
61 16  1
61 18  1
61 19  1
61 21  1
61 23  1
61 25  1
61 26  1
61 28  1
61 30  1
61 31  1
61 32  1
61 34  1
61 35  1
61 37  1
61 38  1
61 41  1
61 42  1
61 44  1
61 46  1
61 48  1
61 49  1
61 50  1
61 51  1
61 52  1
61 54  1
61 55  1
61 56  1
61 57  1
61 58  1
61 59  1
61 60  1
61 61  1
61 62  1
61 63  1
62 0  1
62 1  1
62 2  1
62 3  1
62 5  1
62 7  1
62 8  1
62 10  1
62 12  1
62 13  1
62 15  1
62 16  1
62 17  1
62 18  1
62 19  1
62 21  1
62 22  1
62 23  1
62 24  1
62 25  1
62 28  1
62 29  1
62 30  1
62 32  1
62 33  1
62 35  1
62 36  1
62 37  1
62 38  1
62 40  1
62 42  1
62 43  1
62 46  1
62 47  1
62 48  1
62 49  1
62 51  1
62 53  1
62 54  1
62 55  1
62 56  1
62 59  1
62 61  1
62 62  1
62 63  1
63 0  1
63 1  1
63 4  1
63 5  1
63 6  1
63 7  1
63 8  1
63 9  1
63 11  1
63 12  1
63 14  1
63 15  1
63 16  1
63 17  1
63 18  1
63 19  1
63 20  1
63 24  1
63 28  1
63 29  1
63 31  1
63 34  1
63 35  1
63 36  1
63 39  1
63 41  1
63 42  1
63 43  1
63 44  1
63 46  1
63 48  1
63 49  1
63 50  1
63 51  1
63 52  1
63 53  1
63 55  1
63 56  1
63 57  1
63 58  1
63 59  1
63 60  1
63 61  1
63 62  1
63 63  1
