size: 243
Tuples
0 3  89
0 4  67
0 5  50
0 6  84
0 7  -24
0 8  30
0 9  84
0 10  81
1 4  89
1 6  50
1 8  -24
1 10  84
2 0  34
2 1  30
2 39  94
2 40  -92
2 41  99
2 42  97
2 43  13
2 44  -37
2 45  23
2 46  -77
2 47  19
2 48  -62
2 49  54
2 50  89
3 0  72
3 1  -24
3 40  94
3 42  99
3 46  23
3 48  19
3 57  -92
3 58  97
3 59  -77
3 60  -62
4 57  94
4 58  99
4 59  23
4 60  19
6 41  94
6 42  -92
6 47  23
6 48  -77
7 42  94
7 48  23
7 58  -92
7 60  -77
8 58  94
8 60  23
14 0  37
14 1  34
14 2  30
14 43  94
14 44  13
14 49  23
14 50  54
15 0  8
15 1  72
15 2  -24
20 1  37
20 2  34
20 44  94
20 50  23
21 1  8
21 2  72
26 2  37
27 2  8
27 15  11
27 17  11
27 19  67
27 21  84
27 23  30
27 25  81
28 15  -37
28 16  11
28 17  9
28 18  11
28 19  89
28 20  67
28 21  50
28 22  84
28 23  -24
28 24  30
28 25  84
28 26  81
29 16  -37
29 18  9
29 20  89
29 22  50
29 24  -24
29 26  84
44 3  -63
44 7  -68
44 11  -44
44 17  -20
44 25  41
45 3  88
45 4  -63
45 7  71
45 8  -68
45 11  -24
45 12  -44
45 17  -72
45 18  -20
45 21  -59
45 25  40
45 26  41
46 4  88
46 8  71
46 12  -24
46 18  -72
46 22  -59
46 26  40
47 3  -20
47 5  -63
47 9  -68
47 11  41
47 13  -44
48 3  -72
48 4  -20
48 5  88
48 6  -63
48 7  -59
48 9  71
48 10  -68
48 11  40
48 12  41
48 13  -24
48 14  -44
49 4  -72
49 6  88
49 8  -59
49 10  71
49 12  40
49 14  -24
50 27  -79
50 28  -4
50 29  -19
50 30  32
50 31  -56
50 32  -52
50 33  32
50 34  49
50 35  -72
50 36  -20
50 37  88
50 38  -63
50 39  -49
50 40  -95
50 41  -37
50 42  -51
50 43  -12
50 44  -59
50 45  -47
50 46  -38
50 47  21
50 48  86
50 49  -28
50 50  40
51 28  -79
51 30  -19
51 32  -56
51 34  32
51 36  -72
51 38  88
51 40  -49
51 42  -37
51 46  -47
51 48  21
51 51  -4
51 52  32
51 53  -52
51 54  49
51 55  -20
51 56  -63
51 57  -95
51 58  -51
51 59  -38
51 60  86
52 51  -79
52 52  -19
52 53  -56
52 54  32
52 55  -72
52 56  88
52 57  -49
52 58  -37
52 59  -47
52 60  21
52 61  -4
52 62  32
52 63  -52
53 61  -79
53 62  -19
53 63  -56
54 29  -79
54 30  -4
54 33  -56
54 34  -52
54 37  -72
54 38  -20
54 41  -49
54 42  -95
54 47  -47
54 48  -38
55 30  -79
55 34  -56
55 38  -72
55 42  -49
55 48  -47
55 52  -4
55 54  -52
55 56  -20
55 58  -95
55 60  -38
56 52  -79
56 54  -56
56 56  -72
56 58  -49
56 60  -47
56 62  -4
57 62  -79
62 31  -79
62 32  -4
62 33  -19
62 34  32
62 35  -56
62 36  -52
62 37  32
62 38  49
62 43  -49
62 44  -12
62 49  -47
62 50  -28
63 32  -79
63 34  -19
63 36  -56
63 38  32
63 53  -4
63 54  32
63 55  -52
63 56  49
