size: 193
Tuples
0 21  34
0 22  -74
0 23  -90
0 24  -21
0 47  -21
0 48  53
0 49  68
0 50  87
0 52  -1
1 0  -38
1 1  11
1 2  66
1 3  68
1 7  80
1 8  -1
1 9  -90
1 10  -29
1 53  60
1 54  -22
1 55  -53
1 56  -16
1 57  -29
1 58  93
1 59  48
1 60  -40
2 40  -29
2 42  -40
2 46  68
2 47  48
2 61  -98
2 62  -41
3 40  68
3 41  -29
3 42  48
3 43  -40
3 62  -98
3 63  -41
4 2  11
4 3  66
4 9  -1
4 10  -90
4 42  -98
4 43  -41
4 44  68
4 45  -29
4 57  -22
4 58  -16
4 59  -29
4 60  93
5 31  -82
5 32  -28
5 33  11
5 34  54
5 35  -35
5 36  66
5 46  -40
5 61  -29
6 0  80
6 1  -1
6 2  -90
6 3  -29
6 18  60
6 20  -22
6 22  -29
6 24  48
6 53  -53
6 54  -16
6 57  93
6 59  -40
7 37  -82
7 38  54
7 39  -98
9 32  -82
9 35  54
9 38  -28
9 39  -35
9 40  -40
9 46  48
9 61  68
9 62  -29
13 38  -82
13 39  54
13 40  48
13 41  -40
13 62  68
13 63  -29
17 33  -82
17 36  54
17 46  -29
17 47  -40
17 49  48
17 61  -41
23 46  -41
23 47  -29
23 48  -40
23 49  68
23 50  48
28 5  80
28 6  -1
28 26  60
28 27  -22
29 21  -22
29 22  -16
29 23  -29
29 24  93
29 47  -41
29 48  -29
29 49  -98
29 50  68
29 51  48
29 52  -40
30 0  11
30 6  80
30 7  -1
30 27  60
30 53  -22
30 55  -16
31 0  -1
31 16  60
31 18  -22
31 27  -53
31 53  -16
34 40  -11
34 42  99
34 46  -66
34 47  -85
34 61  -87
34 62  -3
37 40  -66
37 41  -11
37 42  -85
37 43  99
37 62  -87
37 63  -3
40 2  39
40 3  -18
40 40  -3
40 42  -11
40 44  99
40 46  -87
40 47  -66
40 48  -85
43 2  21
43 3  -63
43 9  39
43 10  -18
43 40  -87
43 41  -3
43 42  -66
43 43  -11
43 44  -85
43 45  99
46 2  -61
46 3  -17
46 22  21
46 24  -63
46 42  -3
46 44  -11
46 47  -87
46 48  -66
46 52  -85
46 57  39
46 59  -18
49 2  67
49 3  -82
49 9  -61
49 10  -17
49 42  -87
49 43  -3
49 44  -66
49 45  -11
49 57  21
49 58  39
49 59  -63
49 60  -18
53 28  -27
53 29  81
53 30  67
53 31  -90
53 32  10
53 33  -82
53 34  -87
53 35  -3
53 36  -66
57 29  -27
57 32  -90
57 35  -87
57 37  81
57 38  10
57 39  -3
61 37  -27
61 38  -90
61 39  -87
