size: 147
Tuples
2 40  -94
2 42  81
2 46  34
2 47  30
2 61  37
2 62  58
5 40  34
5 41  -94
5 42  30
5 43  81
5 62  37
5 63  58
8 2  11
8 3  84
8 40  58
8 42  -94
8 44  81
8 46  37
8 47  34
8 48  30
11 2  11
11 3  67
11 9  11
11 10  84
11 40  37
11 41  58
11 42  34
11 43  -94
11 44  30
11 45  81
14 2  -83
14 3  -75
14 22  11
14 24  67
14 42  58
14 44  -94
14 47  37
14 48  34
14 52  30
14 57  11
14 59  84
17 2  -84
17 3  -64
17 9  -83
17 10  -75
17 42  37
17 43  58
17 44  34
17 45  -94
17 57  11
17 58  11
17 59  67
17 60  84
21 28  -92
21 29  97
21 30  -84
21 31  -77
21 32  -62
21 33  -64
21 34  37
21 35  58
21 36  34
25 29  -92
25 32  -77
25 35  37
25 37  97
25 38  -62
25 39  58
29 37  -92
29 38  -77
29 39  37
33 30  -92
33 33  -77
33 36  37
48 0  11
49 0  9
49 1  11
49 2  84
49 3  81
50 4  9
50 5  11
51 5  9
51 6  11
52 0  11
52 6  9
52 7  11
53 0  -37
53 1  11
53 2  67
53 3  30
53 7  9
53 8  11
53 9  84
53 10  81
54 11  -37
54 12  11
54 13  9
54 14  11
55 12  -37
55 14  9
55 15  11
55 16  11
56 15  -37
56 16  9
56 17  11
56 18  11
57 17  -37
57 18  9
57 19  11
57 20  11
57 21  67
57 22  84
57 23  30
57 24  81
58 13  -37
58 14  11
58 25  9
58 26  11
59 14  -37
59 16  11
59 26  9
59 27  11
60 0  -83
60 16  -37
60 18  11
60 27  9
60 53  11
61 0  33
61 1  -83
61 2  -75
61 3  -94
61 18  -37
61 20  11
61 22  67
61 24  30
61 53  9
61 54  11
61 57  84
61 59  81
62 4  33
62 5  -83
62 25  -37
62 26  11
63 5  33
63 6  -83
63 26  -37
63 27  11
