size: 136
Tuples
1 30  -4
1 33  -95
1 36  -38
16 0  -63
17 0  88
17 1  -63
17 2  -68
17 3  -44
18 4  88
18 5  -63
19 5  88
19 6  -63
20 0  -20
20 6  88
20 7  -63
21 0  -72
21 1  -20
21 3  41
21 7  88
21 8  -63
21 9  -68
21 10  -44
22 11  -72
22 12  -20
22 13  88
22 14  -63
23 12  -72
23 14  88
23 15  -20
23 16  -63
24 15  -72
24 16  88
24 17  -20
24 18  -63
25 17  -72
25 18  88
25 19  -20
25 20  -63
25 22  -68
25 23  41
25 24  -44
26 13  -72
26 14  -20
26 25  88
26 26  -63
27 14  -72
27 16  -20
27 26  88
27 27  -63
28 0  49
28 16  -72
28 18  -20
28 27  88
28 53  -63
29 0  32
29 1  49
29 2  -73
29 3  -26
29 18  -72
29 20  -20
29 24  41
29 53  88
29 54  -63
29 57  -68
29 59  -44
30 4  32
30 5  49
30 25  -72
30 26  -20
31 5  32
31 6  49
31 26  -72
31 27  -20
32 0  -52
32 6  32
32 7  49
32 27  -72
32 53  -20
32 55  -63
33 0  -56
33 1  -52
33 2  9
33 3  -11
33 7  32
33 8  49
33 9  -73
33 10  -26
33 53  -72
33 54  -20
33 55  88
33 56  -63
33 58  -68
33 59  41
33 60  -44
37 31  -4
37 32  32
37 33  -52
37 34  -95
37 35  -51
37 36  9
37 46  -44
37 61  -26
41 32  -4
41 35  -95
41 38  32
41 39  -51
41 40  -44
41 46  41
41 61  -11
41 62  -26
45 38  -4
45 39  -95
45 40  41
45 41  -44
45 62  -11
45 63  -26
49 33  -4
49 36  -95
49 46  -26
49 47  -44
49 49  41
49 61  86
55 46  86
55 47  -26
55 48  -44
55 49  -11
55 50  41
61 21  -20
61 22  -63
61 24  -68
61 47  86
61 48  -26
61 49  -38
61 50  -11
61 51  41
61 52  -44
