size: 336
Tuples
0 11  -38
0 23  -1
0 41  56
0 47  68
1 41  -38
1 47  -1
2 0  -43
2 4  -74
2 12  -89
2 16  -21
2 24  53
2 28  -1
3 0  4
3 1  -43
3 4  51
3 5  -74
3 12  6
3 13  -89
3 16  49
3 17  -21
3 24  -63
3 25  53
3 28  -10
3 29  -1
4 1  4
4 5  51
4 13  6
4 17  49
4 25  -63
4 29  -10
4 36  -43
4 38  -74
4 42  -89
4 44  -21
4 48  53
4 50  -1
5 36  4
5 38  51
5 42  6
5 44  49
5 48  -63
5 50  -10
6 0  -86
6 2  -43
6 4  34
6 6  -74
6 12  -11
6 14  -89
6 16  -90
6 18  -21
6 24  87
6 26  53
6 30  -1
6 54  4
6 57  51
6 63  6
7 0  -35
7 1  -86
7 2  4
7 3  -43
7 4  -45
7 5  34
7 6  51
7 7  -74
7 12  -80
7 13  -11
7 14  6
7 15  -89
7 16  52
7 17  -90
7 18  49
7 19  -21
7 24  73
7 25  87
7 26  -63
7 27  53
7 28  14
7 30  -10
7 31  -1
8 1  -35
8 3  4
8 5  -45
8 7  51
8 13  -80
8 15  6
8 17  52
8 19  49
8 25  73
8 27  -63
8 29  14
8 31  -10
8 36  -86
8 37  -43
8 38  34
8 39  -74
8 42  -11
8 43  -89
8 44  -90
8 45  -21
8 48  87
8 49  53
8 51  -1
9 36  -35
9 37  4
9 38  -45
9 39  51
9 42  -80
9 43  6
9 44  52
9 45  49
9 48  73
9 49  -63
9 50  14
9 51  -10
10 2  -86
10 6  34
10 14  -11
10 18  -90
10 26  87
10 54  -35
10 55  4
10 56  -43
10 57  -45
10 58  51
10 59  -74
10 63  -80
11 2  -35
11 3  -86
11 6  -45
11 7  34
11 14  -80
11 15  -11
11 18  52
11 19  -90
11 26  73
11 27  87
11 30  14
11 56  4
11 59  51
12 3  -35
12 7  -45
12 15  -80
12 19  52
12 27  73
12 31  14
12 37  -86
12 39  34
12 43  -11
12 45  -90
12 49  87
13 37  -35
13 39  -45
13 43  -80
13 45  52
13 49  73
13 51  14
14 0  80
14 4  -43
14 8  -74
14 12  80
14 16  -89
14 20  -21
14 24  -21
14 28  53
14 32  -1
15 10  -37
15 11  -82
15 22  -66
15 23  54
15 34  -35
15 35  -98
15 62  -34
16 9  -37
16 11  -34
16 21  -66
16 23  5
16 33  -35
16 35  -94
16 40  -82
16 41  -28
16 46  54
16 47  -35
16 52  -98
16 53  -41
17 36  -46
17 38  4
17 40  51
17 42  -97
17 44  6
17 46  49
17 48  41
17 50  -63
17 52  -10
18 8  -37
18 9  -82
18 10  -34
18 11  -28
18 20  -66
18 21  54
18 22  5
18 23  -35
18 32  -35
18 33  -98
18 34  -94
18 35  -41
19 0  -1
19 4  -16
19 12  -90
19 16  93
19 24  -29
19 28  -40
20 4  80
20 8  -43
20 16  80
20 20  -89
20 28  -21
20 32  53
21 36  5
21 38  36
21 40  30
21 42  -94
21 44  63
21 46  18
22 0  80
22 1  -1
22 4  -53
22 5  -16
22 12  36
22 13  -90
22 16  30
22 17  93
22 24  63
22 25  -29
22 28  18
22 29  -40
23 38  -46
23 40  4
23 44  -97
23 46  6
23 50  41
23 52  -63
24 40  -37
24 41  -34
24 46  -66
24 47  5
24 52  -35
24 53  -94
25 0  -38
25 1  11
25 2  80
25 3  -1
25 4  60
25 5  -22
25 6  -53
25 7  -16
25 12  76
25 13  66
25 14  36
25 15  -90
25 16  -88
25 17  -29
25 18  30
25 19  93
25 24  -21
25 25  68
25 26  63
25 27  -29
25 28  83
25 29  48
25 30  18
25 31  -40
26 0  11
26 2  -1
26 4  -22
26 6  -16
26 12  66
26 14  -90
26 16  -29
26 18  93
26 24  68
26 26  -29
26 28  48
26 30  -40
26 54  80
26 57  -53
26 63  36
27 10  -82
27 22  54
27 34  -98
27 60  -37
27 61  -34
27 62  -28
28 1  80
28 5  -53
28 13  36
28 17  30
28 25  63
28 29  18
28 36  -1
28 38  -16
28 42  -90
28 44  93
28 48  -29
28 50  -40
29 8  -82
29 10  -28
29 20  54
29 22  -35
29 32  -98
29 34  -41
29 60  -34
30 9  -34
30 21  5
30 33  -94
30 40  -28
30 46  -35
30 52  -41
31 2  -27
31 6  67
31 10  21
31 14  -90
31 18  -82
31 22  -63
31 26  -87
31 30  -66
31 34  -85
31 54  62
31 55  -54
31 56  81
31 57  40
31 58  -70
31 59  -61
31 60  -80
31 61  -89
31 62  39
31 63  -40
