size: 632
Tuples
0 1  41
0 5  41
0 9  -58
0 13  -65
0 17  -27
0 21  11
0 36  10
0 38  -17
0 40  -18
0 42  -3
0 44  -11
0 46  99
1 36  41
1 38  41
1 40  -58
1 42  -65
1 44  -27
1 46  11
2 0  -90
2 2  10
2 4  -82
2 6  -17
2 8  -63
2 10  -18
2 12  -87
2 14  -3
2 16  -66
2 18  -11
2 20  -85
2 22  99
2 54  41
2 57  41
2 60  -58
2 63  -65
3 0  -40
3 1  -90
3 2  41
3 3  10
3 4  56
3 5  -82
3 6  41
3 7  -17
3 8  40
3 9  -63
3 10  -58
3 11  -18
3 12  -63
3 13  -87
3 14  -65
3 15  -3
3 16  -89
3 17  -66
3 18  -27
3 19  -11
3 20  -70
3 21  -85
3 22  11
3 23  99
4 1  -40
4 3  41
4 5  56
4 7  41
4 9  40
4 11  -58
4 13  -63
4 15  -65
4 17  -89
4 19  -27
4 21  -70
4 23  11
4 36  -90
4 37  10
4 38  -82
4 39  -17
4 40  -63
4 41  -18
4 42  -87
4 43  -3
4 44  -66
4 45  -11
4 46  -85
4 47  99
5 36  -40
5 37  41
5 38  56
5 39  41
5 40  40
5 41  -58
5 42  -63
5 43  -65
5 44  -89
5 45  -27
5 46  -70
5 47  11
6 2  -90
6 6  -82
6 10  -63
6 14  -87
6 18  -66
6 22  -85
6 54  -40
6 55  41
6 56  10
6 57  56
6 58  41
6 59  -17
6 60  40
6 61  -58
6 62  -18
6 63  -63
7 2  -40
7 3  -90
7 6  56
7 7  -82
7 10  40
7 11  -63
7 14  -63
7 15  -87
7 18  -89
7 19  -66
7 22  -70
7 23  -85
7 56  41
7 59  41
7 62  -58
8 3  -40
8 7  56
8 11  40
8 15  -63
8 19  -89
8 23  -70
8 37  -90
8 39  -82
8 41  -63
8 43  -87
8 45  -66
8 47  -85
9 37  -40
9 39  56
9 41  40
9 43  -63
9 45  -89
9 47  -70
10 4  10
10 8  -17
10 16  -3
10 20  -11
11 4  41
11 5  10
11 8  41
11 9  -17
11 16  -65
11 17  -3
11 20  -27
11 21  -11
12 5  41
12 9  41
12 17  -65
12 21  -27
12 38  10
12 40  -17
12 44  -3
12 46  -11
13 38  41
13 40  41
13 44  -65
13 46  -27
14 4  -90
14 6  10
14 8  -82
14 10  -17
14 16  -87
14 18  -3
14 20  -66
14 22  -11
14 57  41
14 60  41
15 4  -40
15 5  -90
15 6  41
15 7  10
15 8  56
15 9  -82
15 10  41
15 11  -17
15 16  -63
15 17  -87
15 18  -65
15 19  -3
15 20  -89
15 21  -66
15 22  -27
15 23  -11
16 5  -40
16 7  41
16 9  56
16 11  41
16 17  -63
16 19  -65
16 21  -89
16 23  -27
16 38  -90
16 39  10
16 40  -82
16 41  -17
16 44  -87
16 45  -3
16 46  -66
16 47  -11
17 38  -40
17 39  41
17 40  56
17 41  41
17 44  -63
17 45  -65
17 46  -89
17 47  -27
18 6  -90
18 10  -82
18 18  -87
18 22  -66
18 57  -40
18 58  41
18 59  10
18 60  56
18 61  41
18 62  -17
19 6  -40
19 7  -90
19 10  56
19 11  -82
19 18  -63
19 19  -87
19 22  -89
19 23  -66
19 59  41
19 62  41
20 7  -40
20 11  56
20 19  -63
20 23  -89
20 39  -90
20 41  -82
20 45  -87
20 47  -66
21 39  -40
21 41  56
21 45  -63
21 47  -89
22 8  10
22 20  -3
23 8  41
23 9  10
23 20  -65
23 21  -3
24 9  41
24 21  -65
24 40  10
24 46  -3
25 40  41
25 46  -65
26 8  -90
26 10  10
26 20  -87
26 22  -3
26 60  41
27 8  -40
27 9  -90
27 10  41
27 11  10
27 20  -63
27 21  -87
27 22  -65
27 23  -3
28 9  -40
28 11  41
28 21  -63
28 23  -65
28 40  -90
28 41  10
28 46  -87
28 47  -3
29 40  -40
29 41  41
29 46  -63
29 47  -65
30 10  -90
30 22  -87
30 60  -40
30 61  41
30 62  10
31 10  -40
31 11  -90
31 22  -63
31 23  -87
31 62  41
32 11  -40
32 23  -63
32 41  -90
32 47  -87
33 41  -40
33 47  -63
34 0  -61
34 4  39
34 12  -17
34 16  -18
34 24  -11
34 28  99
35 0  -70
35 1  -61
35 4  -89
35 5  39
35 12  41
35 13  -17
35 16  -58
35 17  -18
35 24  -27
35 25  -11
35 28  11
35 29  99
36 1  -70
36 5  -89
36 13  41
36 17  -58
36 25  -27
36 29  11
36 36  -61
36 38  39
36 42  -17
36 44  -18
36 48  -11
36 50  99
37 36  -70
37 38  -89
37 42  41
37 44  -58
37 48  -27
37 50  11
38 0  67
38 2  -61
38 4  21
38 6  39
38 12  -82
38 14  -17
38 16  -63
38 18  -18
38 24  -66
38 26  -11
38 28  -85
38 30  99
38 54  -70
38 57  -89
38 63  41
39 0  40
39 1  67
39 2  -70
39 3  -61
39 4  -80
39 5  21
39 6  -89
39 7  39
39 12  56
39 13  -82
39 14  41
39 15  -17
39 16  40
39 17  -63
39 18  -58
39 19  -18
39 24  -89
39 25  -66
39 26  -27
39 27  -11
39 28  -70
39 29  -85
39 30  11
39 31  99
40 1  40
40 3  -70
40 5  -80
40 7  -89
40 13  56
40 15  41
40 17  40
40 19  -58
40 25  -89
40 27  -27
40 29  -70
40 31  11
40 36  67
40 37  -61
40 38  21
40 39  39
40 42  -82
40 43  -17
40 44  -63
40 45  -18
40 48  -66
40 49  -11
40 50  -85
40 51  99
41 36  40
41 37  -70
41 38  -80
41 39  -89
41 42  56
41 43  41
41 44  40
41 45  -58
41 48  -89
41 49  -27
41 50  -70
41 51  11
42 2  67
42 6  21
42 14  -82
42 18  -63
42 26  -66
42 30  -85
42 54  40
42 55  -70
42 56  -61
42 57  -80
42 58  -89
42 59  39
42 63  56
43 2  40
43 3  67
43 6  -80
43 7  21
43 14  56
43 15  -82
43 18  40
43 19  -63
43 26  -89
43 27  -66
43 30  -70
43 31  -85
43 56  -70
43 59  -89
44 3  40
44 7  -80
44 15  56
44 19  40
44 27  -89
44 31  -70
44 37  67
44 39  21
44 43  -82
44 45  -63
44 49  -66
44 51  -85
45 37  40
45 39  -80
45 43  56
45 45  40
45 49  -89
45 51  -70
46 0  81
46 4  -61
46 8  39
46 12  10
46 16  -17
46 20  -18
46 24  -3
46 28  -11
46 32  99
47 0  -54
47 1  81
47 4  -70
47 5  -61
47 8  -89
47 9  39
47 12  41
47 13  10
47 16  41
47 17  -17
47 20  -58
47 21  -18
47 24  -65
47 25  -3
47 28  -27
47 29  -11
47 32  11
47 33  99
48 1  -54
48 5  -70
48 9  -89
48 13  41
48 17  41
48 21  -58
48 25  -65
48 29  -27
48 33  11
48 36  81
48 38  -61
48 40  39
48 42  10
48 44  -17
48 46  -18
48 48  -3
48 50  -11
48 52  99
49 36  -54
49 38  -70
49 40  -89
49 42  41
49 44  41
49 46  -58
49 48  -65
49 50  -27
49 52  11
50 0  -27
50 2  81
50 4  67
50 6  -61
50 8  21
50 10  39
50 12  -90
50 14  10
50 16  -82
50 18  -17
50 20  -63
50 22  -18
50 24  -87
50 26  -3
50 28  -66
50 30  -11
50 32  -85
50 34  99
50 54  -54
50 57  -70
50 60  -89
50 63  41
51 10  54
51 22  -98
51 60  -66
51 61  5
51 62  -35
52 4  81
52 8  -61
52 16  10
52 20  -17
52 28  -3
52 32  -11
53 4  -54
53 5  81
53 8  -70
53 9  -61
53 16  41
53 17  10
53 20  41
53 21  -17
53 28  -65
53 29  -3
53 32  -27
53 33  -11
54 5  -54
54 9  -70
54 17  41
54 21  41
54 29  -65
54 33  -27
54 38  81
54 40  -61
54 44  10
54 46  -17
54 50  -3
54 52  -11
55 38  -54
55 40  -70
55 44  41
55 46  41
55 50  -65
55 52  -27
56 4  -27
56 6  81
56 8  67
56 10  -61
56 16  -90
56 18  10
56 20  -82
56 22  -17
56 28  -87
56 30  -3
56 32  -66
56 34  -11
56 57  -54
56 60  -70
57 6  -27
57 10  67
57 18  -90
57 22  -82
57 30  -87
57 34  -66
57 57  62
57 58  -54
57 59  81
57 60  40
57 61  -70
57 62  -61
58 8  81
58 20  10
58 32  -3
59 8  -54
59 9  81
59 20  41
59 21  10
59 32  -65
59 33  -3
60 9  -54
60 21  41
60 33  -65
60 40  81
60 46  10
60 52  -3
61 40  -54
61 46  41
61 52  -65
62 8  -27
62 10  81
62 20  -90
62 22  10
62 32  -87
62 34  -3
62 60  -54
63 10  -27
63 22  -90
63 34  -87
63 60  62
63 61  -54
63 62  81
