size: 752
Tuples
0 0  -37
0 1  -82
0 2  -34
0 3  -28
0 4  -38
0 5  11
0 6  80
0 7  -1
0 8  60
0 9  -22
0 10  -53
0 11  -16
0 12  -66
0 13  54
0 14  5
0 15  -35
0 16  76
0 17  66
0 18  36
0 19  -90
0 20  -88
0 21  -29
0 22  30
0 23  93
0 24  -35
0 25  -98
0 26  -94
0 27  -41
0 28  -21
0 29  68
0 30  63
0 31  -29
0 32  83
0 33  48
0 34  18
0 35  -40
1 1  -37
1 3  -34
1 5  -38
1 7  80
1 9  60
1 11  -53
1 13  -66
1 15  5
1 17  76
1 19  36
1 21  -88
1 23  30
1 25  -35
1 27  -94
1 29  -21
1 31  63
1 33  83
1 35  18
1 36  -82
1 37  -28
1 38  11
1 39  -1
1 40  -22
1 41  -16
1 42  54
1 43  -35
1 44  66
1 45  -90
1 46  -29
1 47  93
1 48  -98
1 49  -41
1 50  68
1 51  -29
1 52  48
1 53  -40
2 2  -94
2 6  -86
2 10  34
2 14  56
2 18  -11
2 22  -90
2 26  68
2 30  87
2 54  -72
2 55  -46
2 56  80
2 57  -35
2 58  4
2 59  -43
2 60  -45
2 61  51
2 62  -74
2 63  -38
3 2  -37
3 3  -82
3 6  -38
3 7  11
3 10  60
3 11  -22
3 14  -66
3 15  54
3 18  76
3 19  66
3 22  -88
3 23  -29
3 26  -35
3 27  -98
3 30  -21
3 31  68
3 34  83
3 35  48
3 56  -34
3 59  80
3 62  -53
4 4  -94
4 6  80
4 8  -86
4 10  -43
4 16  56
4 18  80
4 20  -11
4 22  -89
4 28  68
4 30  -21
4 32  87
4 34  53
4 57  -46
4 60  4
5 5  -46
5 9  4
5 17  -97
5 21  6
5 29  41
5 33  -63
5 38  80
5 40  -43
5 44  80
5 46  -89
5 50  -21
5 52  53
6 4  -37
6 5  -82
6 6  -34
6 7  -28
6 8  -38
6 9  11
6 10  80
6 11  -1
6 16  -66
6 17  54
6 18  5
6 19  -35
6 20  76
6 21  66
6 22  36
6 23  -90
6 28  -35
6 29  -98
6 30  -94
6 31  -41
6 32  -21
6 33  68
6 34  63
6 35  -29
7 5  -37
7 7  -34
7 9  -38
7 11  80
7 17  -66
7 19  5
7 21  76
7 23  36
7 29  -35
7 31  -94
7 33  -21
7 35  63
7 38  -82
7 39  -28
7 40  11
7 41  -1
7 44  54
7 45  -35
7 46  66
7 47  -90
7 50  -98
7 51  -41
7 52  68
7 53  -29
8 8  -94
8 10  80
8 20  56
8 22  80
8 32  68
8 34  -21
8 60  -46
9 6  -37
9 7  -82
9 10  -38
9 11  11
9 18  -66
9 19  54
9 22  76
9 23  66
9 30  -35
9 31  -98
9 34  -21
9 35  68
9 59  -34
9 62  80
10 7  -37
10 11  -38
10 19  -66
10 23  76
10 31  -35
10 35  -21
10 39  -82
10 41  11
10 45  54
10 47  66
10 51  -98
10 53  68
11 10  -94
11 22  56
11 34  68
11 60  -72
11 61  -46
11 62  80
12 0  -94
12 2  80
12 4  -86
12 6  -43
12 8  34
12 10  -74
12 12  56
12 14  80
12 16  -11
12 18  -89
12 20  -90
12 22  -21
12 24  68
12 26  -21
12 28  87
12 30  53
12 34  -1
12 54  -46
12 57  4
12 60  51
12 63  -97
13 1  -46
13 5  4
13 9  51
13 13  -97
13 17  6
13 21  49
13 25  41
13 29  -63
13 33  -10
13 36  80
13 38  -43
13 40  -74
13 42  80
13 44  -89
13 46  -21
13 48  -21
13 50  53
13 52  -1
14 3  -37
14 7  -38
14 11  60
14 15  -66
14 19  76
14 23  -88
14 27  -35
14 31  -21
14 35  83
14 37  -82
14 39  11
14 41  -22
14 43  54
14 45  66
14 47  -29
14 49  -98
14 51  68
14 53  48
15 0  -46
15 1  80
15 4  4
15 5  -43
15 8  51
15 9  -74
15 12  -97
15 13  80
15 16  6
15 17  -89
15 20  49
15 21  -21
15 24  41
15 25  -21
15 28  -63
15 29  53
15 32  -10
15 33  -1
16 11  -37
16 23  -66
16 35  -35
16 41  -82
16 47  54
16 53  -98
17 9  -46
17 21  -97
17 33  41
17 40  80
17 46  80
17 52  -21
18 0  -90
18 4  93
18 12  -29
18 16  -40
19 0  36
19 1  -90
19 4  30
19 5  93
19 12  63
19 13  -29
19 16  18
19 17  -40
20 1  36
20 5  30
20 13  63
20 17  18
20 36  -90
20 38  93
20 42  -29
20 44  -40
21 8  -46
21 9  80
21 20  -97
21 21  80
21 32  41
21 33  -21
22 0  66
22 2  -90
22 4  -29
22 6  93
22 12  68
22 14  -29
22 16  48
22 18  -40
22 54  36
22 57  30
22 63  63
23 0  76
23 1  66
23 2  36
23 3  -90
23 4  -88
23 5  -29
23 6  30
23 7  93
23 12  -21
23 13  68
23 14  63
23 15  -29
23 16  83
23 17  48
23 18  18
23 19  -40
24 1  76
24 3  36
24 5  -88
24 7  30
24 13  -21
24 15  63
24 17  83
24 19  18
24 36  66
24 37  -90
24 38  -29
24 39  93
24 42  68
24 43  -29
24 44  48
24 45  -40
25 8  80
25 20  80
25 32  -21
26 2  66
26 6  -29
26 14  68
26 18  48
26 54  76
26 55  36
26 56  -90
26 57  -88
26 58  30
26 59  93
26 63  -21
27 2  76
27 3  66
27 6  -88
27 7  -29
27 14  -21
27 15  68
27 18  83
27 19  48
27 56  36
27 59  30
28 3  76
28 7  -88
28 15  -21
28 19  83
28 37  66
28 39  -29
28 43  68
28 45  48
29 6  -94
29 10  -86
29 18  56
29 22  -11
29 30  68
29 34  87
29 57  -72
29 58  -46
29 59  80
29 60  -35
29 61  4
29 62  -43
30 0  -35
30 4  -90
30 8  93
30 12  -41
30 16  -29
30 20  -40
31 0  5
31 1  -35
31 4  36
31 5  -90
31 8  30
31 9  93
31 12  -94
31 13  -41
31 16  63
31 17  -29
31 20  18
31 21  -40
32 1  5
32 5  36
32 9  30
32 13  -94
32 17  63
32 21  18
32 36  -35
32 38  -90
32 40  93
32 42  -41
32 44  -29
32 46  -40
33 4  -46
33 5  80
33 8  4
33 9  -43
33 16  -97
33 17  80
33 20  6
33 21  -89
33 28  41
33 29  -21
33 32  -63
33 33  53
34 0  54
34 2  -35
34 4  66
34 6  -90
34 8  -29
34 10  93
34 12  -98
34 14  -41
34 16  68
34 18  -29
34 20  48
34 22  -40
34 54  5
34 57  36
34 60  30
34 63  -94
35 0  -66
35 1  54
35 2  5
35 3  -35
35 4  76
35 5  66
35 6  36
35 7  -90
35 8  -88
35 9  -29
35 10  30
35 11  93
35 12  -35
35 13  -98
35 14  -94
35 15  -41
35 16  -21
35 17  68
35 18  63
35 19  -29
35 20  83
35 21  48
35 22  18
35 23  -40
36 1  -66
36 3  5
36 5  76
36 7  36
36 9  -88
36 11  30
36 13  -35
36 15  -94
36 17  -21
36 19  63
36 21  83
36 23  18
36 36  54
36 37  -35
36 38  66
36 39  -90
36 40  -29
36 41  93
36 42  -98
36 43  -41
36 44  68
36 45  -29
36 46  48
36 47  -40
37 36  -66
37 37  5
37 38  76
37 39  36
37 40  -88
37 41  30
37 42  -35
37 43  -94
37 44  -21
37 45  63
37 46  83
37 47  18
38 2  54
38 6  66
38 10  -29
38 14  -98
38 18  68
38 22  48
38 54  -66
38 55  5
38 56  -35
38 57  76
38 58  36
38 59  -90
38 60  -88
38 61  30
38 62  93
38 63  -35
39 2  -66
39 3  54
39 6  76
39 7  66
39 10  -88
39 11  -29
39 14  -35
39 15  -98
39 18  -21
39 19  68
39 22  83
39 23  48
39 56  5
39 59  36
39 62  30
40 3  -66
40 7  76
40 11  -88
40 15  -35
40 19  -21
40 23  83
40 37  54
40 39  66
40 41  -29
40 43  -98
40 45  68
40 47  48
41 37  -66
41 39  76
41 41  -88
41 43  -35
41 45  -21
41 47  83
42 4  -35
42 8  -90
42 16  -41
42 20  -29
43 4  5
43 5  -35
43 8  36
43 9  -90
43 16  -94
43 17  -41
43 20  63
43 21  -29
44 5  5
44 9  36
44 17  -94
44 21  63
44 38  -35
44 40  -90
44 44  -41
44 46  -29
45 38  5
45 40  36
45 44  -94
45 46  63
46 4  54
46 6  -35
46 8  66
46 10  -90
46 16  -98
46 18  -41
46 20  68
46 22  -29
46 57  5
46 60  36
47 4  -66
47 5  54
47 6  5
47 7  -35
47 8  76
47 9  66
47 10  36
47 11  -90
47 16  -35
47 17  -98
47 18  -94
47 19  -41
47 20  -21
47 21  68
47 22  63
47 23  -29
48 5  -66
48 7  5
48 9  76
48 11  36
48 17  -35
48 19  -94
48 21  -21
48 23  63
48 38  54
48 39  -35
48 40  66
48 41  -90
48 44  -98
48 45  -41
48 46  68
48 47  -29
49 38  -66
49 39  5
49 40  76
49 41  36
49 44  -35
49 45  -94
49 46  -21
49 47  63
50 6  54
50 10  66
50 18  -98
50 22  68
50 57  -66
50 58  5
50 59  -35
50 60  76
50 61  36
50 62  -90
51 6  -66
51 7  54
51 10  76
51 11  66
51 18  -35
51 19  -98
51 22  -21
51 23  68
51 59  5
51 62  36
52 7  -66
52 11  76
52 19  -35
52 23  -21
52 39  54
52 41  66
52 45  -98
52 47  68
53 39  -66
53 41  76
53 45  -35
53 47  -21
54 8  -35
54 20  -41
55 8  5
55 9  -35
55 20  -94
55 21  -41
56 9  5
56 21  -94
56 40  -35
56 46  -41
57 40  5
57 46  -94
58 8  54
58 10  -35
58 20  -98
58 22  -41
58 60  5
59 8  -66
59 9  54
59 10  5
59 11  -35
59 20  -35
59 21  -98
59 22  -94
59 23  -41
60 36  36
60 38  30
60 42  63
60 44  18
61 36  76
61 37  36
61 38  -88
61 39  30
61 42  -21
61 43  63
61 44  83
61 45  18
62 39  -37
62 41  -38
62 45  -66
62 47  76
62 51  -35
62 53  -21
63 38  -37
63 39  -34
63 40  -38
63 41  80
63 44  -66
63 45  5
63 46  76
63 47  36
63 50  -35
63 51  -94
63 52  -21
63 53  63
