size: 64
Tuples
0 0  -86
0 6  4
0 7  -43
0 27  -45
0 53  34
0 55  -74
1 0  -35
1 1  -86
1 2  -11
1 3  87
1 7  4
1 8  -43
1 9  -89
1 10  53
1 53  -45
1 54  34
1 55  51
1 56  -74
1 57  -90
1 58  -21
1 60  -1
5 31  -94
5 32  80
5 33  -86
5 34  56
5 35  80
5 36  -11
5 46  -1
5 61  53
9 32  -94
9 35  56
9 38  80
9 39  80
9 40  -1
9 61  87
9 62  53
13 38  -94
13 39  56
13 41  -1
13 62  87
13 63  53
17 33  -94
17 36  56
17 46  53
17 47  -1
17 61  -21
21 30  -82
21 33  54
21 36  -98
23 46  -21
23 47  53
23 48  -1
23 49  87
24 2  -1
24 3  -90
24 22  -22
24 24  -29
24 42  -41
24 44  -29
24 47  -98
24 48  68
24 52  48
24 57  -16
24 59  93
