size: 287
Tuples
0 49  -40
0 50  -90
0 51  -63
0 52  -87
1 50  -40
1 52  -63
2 46  -40
2 47  -63
8 28  -17
8 29  -18
8 31  -11
8 32  99
8 55  10
8 56  -3
9 28  41
9 29  -58
9 31  -27
9 32  11
9 55  41
9 56  -65
10 59  -90
10 60  -82
10 62  -87
10 63  -66
11 59  -40
11 60  56
11 62  -63
11 63  -89
15 4  -18
15 5  99
16 4  -58
16 5  11
16 7  -18
16 8  99
17 7  -58
17 8  11
18 22  -18
18 24  99
18 37  -58
18 40  11
19 4  -63
19 5  -85
19 22  -58
19 23  -18
19 24  11
19 25  99
20 4  40
20 5  -70
20 7  -63
20 8  -85
20 23  -58
20 25  11
20 28  10
20 29  -17
20 30  -18
20 31  -3
20 32  -11
20 33  99
21 7  40
21 8  -70
21 28  41
21 29  41
21 30  -58
21 31  -65
21 32  -27
21 33  11
22 10  -58
22 11  -18
22 14  11
22 15  99
22 60  -90
22 63  -87
23 11  -58
23 15  11
23 60  -40
23 63  -63
26 10  40
26 11  -63
26 12  -58
26 13  -18
26 14  -70
26 15  -85
26 16  11
26 17  99
27 4  -17
27 5  -11
27 11  40
27 13  -58
27 15  -70
27 17  11
28 4  41
28 5  -27
28 7  -17
28 8  -11
29 7  41
29 8  -27
30 12  40
30 13  -63
30 16  -70
30 17  -85
30 22  -17
30 24  -11
30 37  41
30 38  -58
30 39  -18
30 40  -27
30 41  11
30 42  99
31 4  -82
31 5  -66
31 13  40
31 17  -70
31 22  41
31 23  -17
31 24  -27
31 25  -11
31 39  -58
31 42  11
32 4  56
32 5  -89
32 7  -82
32 8  -66
32 23  41
32 25  -27
32 29  10
32 30  -17
32 32  -3
32 33  -11
33 7  56
33 8  -89
33 29  41
33 30  41
33 32  -65
33 33  -27
34 46  -70
34 47  41
34 48  -27
34 58  67
34 59  21
34 61  -82
34 62  -63
35 49  67
35 51  -82
35 53  -66
35 58  40
35 59  -80
35 61  56
35 62  40
36 49  40
36 50  67
36 51  56
36 52  -82
36 53  -89
36 54  -66
37 50  40
37 52  56
37 54  -89
38 46  40
38 47  56
38 48  -89
44 28  39
44 31  -18
44 34  99
44 55  -61
44 56  -17
44 57  -11
45 28  -89
45 31  -58
45 34  11
45 55  -70
45 56  41
45 57  -27
46 46  -54
46 47  41
46 48  -65
46 58  -27
46 59  67
46 60  21
46 61  -90
46 62  -82
46 63  -63
47 49  -27
47 51  -90
47 53  -87
47 58  62
47 59  40
47 60  -80
47 61  -40
47 62  56
47 63  40
48 49  62
48 50  -27
48 51  -40
48 52  -90
48 53  -63
48 54  -87
49 50  62
49 52  -40
49 54  -63
50 46  62
50 47  -40
50 48  -63
51 12  -88
51 13  -29
51 16  83
51 17  48
51 22  -90
51 24  -29
51 37  36
51 38  30
51 39  93
51 40  63
51 41  18
51 42  -40
52 59  -27
52 60  67
52 62  -90
52 63  -82
53 0  -85
53 2  99
53 59  62
53 60  40
53 62  -40
53 63  56
54 0  -70
54 1  -85
54 2  11
54 3  99
55 1  -70
55 3  11
57 22  39
57 24  -18
57 26  99
57 37  -89
57 40  -58
57 43  11
58 10  -89
58 11  39
58 14  -58
58 15  -18
58 18  11
58 19  99
58 60  -27
58 63  -90
59 0  -66
59 2  -11
59 11  -89
59 15  -58
59 19  11
59 60  62
59 63  -40
60 0  -89
60 1  -66
60 2  -27
60 3  -11
61 1  -89
61 3  -27
62 10  -80
62 11  21
62 12  -89
62 13  39
62 14  40
62 15  -63
62 16  -58
62 17  -18
62 18  -70
62 19  -85
62 20  11
62 21  99
63 12  -80
63 13  21
63 16  40
63 17  -63
63 20  -70
63 21  -85
63 22  -61
63 24  -17
63 26  -11
63 37  -70
63 38  -89
63 39  39
63 40  41
63 41  -58
63 42  -18
63 43  -27
63 44  11
63 45  99
