size: 186
Tuples
0 19  -97
0 22  41
2 26  51
2 32  49
2 38  -10
3 44  34
3 52  -90
4 44  -45
4 45  34
4 52  52
4 53  -90
4 60  14
5 45  -45
5 53  52
5 61  14
6 2  49
6 8  -63
6 11  -10
6 26  -45
6 32  52
6 38  14
10 0  6
10 1  -89
10 2  52
10 3  49
10 4  -21
10 8  73
10 9  -63
10 10  53
10 11  14
10 12  -10
10 13  -1
11 1  6
11 4  49
11 10  -63
11 13  -10
11 17  -43
11 18  -74
11 20  -89
11 21  -21
11 23  53
11 24  -1
12 17  4
12 18  51
12 20  6
12 21  49
12 23  -63
12 24  -10
14 26  4
14 27  51
14 32  6
14 33  49
14 38  -63
14 39  -10
15 7  5
15 16  -94
15 19  -28
15 22  -35
15 25  -41
15 31  -38
15 37  76
15 43  -21
16 50  -38
16 51  11
16 58  76
16 59  66
17 45  -35
17 47  -45
17 53  -80
17 55  52
17 61  73
17 63  14
18 29  -38
18 31  80
18 35  76
18 37  36
18 41  -21
18 43  63
18 50  11
18 58  66
19 26  -53
19 32  30
19 38  18
20 26  -46
20 27  4
20 28  51
20 29  -74
20 32  -97
20 33  6
20 34  49
20 35  -21
20 38  41
20 39  -63
20 40  -10
20 41  -1
21 45  76
21 47  -88
21 53  -21
21 55  83
22 44  -22
22 52  -29
22 60  48
23 45  -72
23 47  -35
23 49  -45
23 51  51
23 53  -38
23 55  -80
23 57  52
23 59  49
23 61  -1
23 63  73
24 51  -38
24 59  76
26 2  30
26 8  63
26 11  18
26 26  60
26 32  -88
26 38  83
27 5  -66
27 6  5
27 7  -35
27 14  -35
27 15  -94
27 16  -41
27 30  -38
27 31  11
27 36  76
27 37  66
27 42  -21
27 43  68
28 44  60
28 45  -22
28 52  -88
28 53  -29
28 60  83
28 61  48
29 5  5
29 14  -94
29 27  -37
29 28  -38
29 29  11
29 30  80
29 31  -1
29 33  -66
29 34  76
29 35  66
29 36  36
29 37  -90
29 39  -35
29 40  -21
29 41  68
29 42  63
29 43  -29
30 46  -37
30 47  -82
30 48  -38
30 49  11
30 50  80
30 51  -1
30 54  -66
30 55  54
30 56  76
30 57  66
30 58  36
30 59  -90
30 62  -35
30 63  -98
31 0  41
31 1  10
31 2  56
31 3  41
31 4  -17
31 5  40
31 6  -58
31 7  -18
31 8  -63
31 9  -65
31 10  -3
31 11  -89
31 12  -27
31 13  -11
31 14  -70
31 15  11
31 16  99
