size: 83
Tuples
0 25  51
2 22  73
2 23  14
2 27  -1
2 28  68
2 29  41
2 30  -21
3 11  -21
3 28  -1
3 30  41
3 31  68
4 2  68
4 4  -21
4 11  41
4 31  -1
5 2  -1
5 3  68
5 4  41
5 5  -21
5 6  87
6 15  41
6 16  -21
6 29  -1
6 30  68
7 11  68
7 12  -21
7 16  41
7 30  -1
8 4  68
8 11  -1
8 12  41
8 13  -21
9 4  -1
9 5  68
9 13  41
9 14  -21
10 15  -1
10 16  68
10 17  41
10 18  -21
11 12  68
11 16  -1
11 18  41
11 19  -21
12 12  -1
12 13  68
12 19  41
12 20  -21
13 9  80
13 10  80
13 13  -1
13 14  68
13 20  41
13 21  -21
14 22  -1
14 23  73
17 6  68
17 7  87
19 22  -21
19 23  83
19 27  -35
19 28  -98
19 29  -94
19 30  -41
20 23  -1
22 11  -41
22 28  -35
22 30  -94
22 31  -98
23 7  68
24 0  -40
25 11  -98
25 12  -41
25 16  -94
25 30  -35
26 15  -94
26 16  -41
26 29  -35
26 30  -98
28 2  -98
28 4  -41
28 11  -94
28 31  -35
