size: 698
Tuples
0 0  94
0 1  -92
0 2  99
0 3  97
0 4  13
0 5  -84
0 6  33
0 7  -83
0 8  -37
0 9  11
0 10  9
0 11  11
0 12  23
0 13  -77
0 14  19
0 15  -62
0 16  54
0 17  -64
0 18  -19
0 19  -75
0 20  89
0 21  67
0 22  50
0 23  84
0 24  8
0 25  37
0 26  82
0 27  58
0 28  72
0 29  34
0 30  -82
0 31  -94
0 32  -24
0 33  30
0 34  84
0 35  81
1 1  94
1 3  99
1 5  13
1 7  33
1 9  -37
1 11  9
1 13  23
1 15  19
1 17  54
1 19  -19
1 21  89
1 23  50
1 25  8
1 27  82
1 29  72
1 31  -82
1 33  -24
1 35  84
1 36  -92
1 37  97
1 38  -84
1 39  -83
1 40  11
1 41  11
1 42  -77
1 43  -62
1 44  -64
1 45  -75
1 46  67
1 47  84
1 48  37
1 49  58
1 50  34
1 51  -94
1 52  30
1 53  81
2 36  94
2 37  99
2 38  13
2 39  33
2 40  -37
2 41  9
2 42  23
2 43  19
2 44  54
2 45  -19
2 46  89
2 47  50
2 48  8
2 49  82
2 50  72
2 51  -82
2 52  -24
2 53  84
3 2  94
3 3  -92
3 6  13
3 7  -84
3 10  -37
3 11  11
3 14  23
3 15  -77
3 18  54
3 19  -64
3 22  89
3 23  67
3 26  8
3 27  37
3 30  72
3 31  34
3 34  -24
3 35  30
3 56  99
3 59  33
3 62  9
4 3  94
4 7  13
4 11  -37
4 15  23
4 19  54
4 23  89
4 27  8
4 31  72
4 35  -24
4 37  -92
4 39  -84
4 41  11
4 43  -77
4 45  -64
4 47  67
4 49  37
4 51  34
4 53  30
5 37  94
5 39  13
5 41  -37
5 43  23
5 45  54
5 47  89
5 49  8
5 51  72
5 53  -24
6 4  94
6 5  -92
6 6  99
6 7  97
6 8  13
6 9  -84
6 10  33
6 11  -83
6 16  23
6 17  -77
6 18  19
6 19  -62
6 20  54
6 21  -64
6 22  -19
6 23  -75
6 28  8
6 29  37
6 30  82
6 31  58
6 32  72
6 33  34
6 34  -82
6 35  -94
7 5  94
7 7  99
7 9  13
7 11  33
7 17  23
7 19  19
7 21  54
7 23  -19
7 29  8
7 31  82
7 33  72
7 35  -82
7 38  -92
7 39  97
7 40  -84
7 41  -83
7 44  -77
7 45  -62
7 46  -64
7 47  -75
7 50  37
7 51  58
7 52  34
7 53  -94
8 38  94
8 39  99
8 40  13
8 41  33
8 44  23
8 45  19
8 46  54
8 47  -19
8 50  8
8 51  82
8 52  72
8 53  -82
9 6  94
9 7  -92
9 10  13
9 11  -84
9 18  23
9 19  -77
9 22  54
9 23  -64
9 30  8
9 31  37
9 34  72
9 35  34
9 59  99
9 62  33
10 7  94
10 11  13
10 19  23
10 23  54
10 31  8
10 35  72
10 39  -92
10 41  -84
10 45  -77
10 47  -64
10 51  37
10 53  34
11 39  94
11 41  13
11 45  23
11 47  54
11 51  8
11 53  72
12 8  94
12 9  -92
12 10  99
12 11  97
12 20  23
12 21  -77
12 22  19
12 23  -62
12 32  8
12 33  37
12 34  82
12 35  58
13 9  94
13 11  99
13 21  23
13 23  19
13 33  8
13 35  82
13 40  -92
13 41  97
13 46  -77
13 47  -62
13 52  37
13 53  58
14 40  94
14 41  99
14 46  23
14 47  19
14 52  8
14 53  82
15 10  94
15 11  -92
15 22  23
15 23  -77
15 34  8
15 35  37
15 62  99
16 11  94
16 23  23
16 35  8
16 41  -92
16 47  -77
16 53  37
17 41  94
17 47  23
17 53  8
18 0  -75
18 4  84
18 12  -94
18 16  81
19 0  -19
19 1  -75
19 4  50
19 5  84
19 12  -82
19 13  -94
19 16  84
19 17  81
20 1  -19
20 5  50
20 13  -82
20 17  84
20 36  -75
20 38  84
20 42  -94
20 44  81
21 36  -19
21 38  50
21 42  -82
21 44  84
22 0  -64
22 2  -75
22 4  67
22 6  84
22 12  34
22 14  -94
22 16  30
22 18  81
22 54  -19
22 57  50
22 63  -82
23 0  54
23 1  -64
23 2  -19
23 3  -75
23 4  89
23 5  67
23 6  50
23 7  84
23 12  72
23 13  34
23 14  -82
23 15  -94
23 16  -24
23 17  30
23 18  84
23 19  81
24 1  54
24 3  -19
24 5  89
24 7  50
24 13  72
24 15  -82
24 17  -24
24 19  84
24 36  -64
24 37  -75
24 38  67
24 39  84
24 42  34
24 43  -94
24 44  30
24 45  81
25 36  54
25 37  -19
25 38  89
25 39  50
25 42  72
25 43  -82
25 44  -24
25 45  84
26 2  -64
26 6  67
26 14  34
26 18  30
26 54  54
26 55  -19
26 56  -75
26 57  89
26 58  50
26 59  84
26 63  72
27 2  54
27 3  -64
27 6  89
27 7  67
27 14  72
27 15  34
27 18  -24
27 19  30
27 56  -19
27 59  50
28 3  54
28 7  89
28 15  72
28 19  -24
28 37  -64
28 39  67
28 43  34
28 45  30
29 37  54
29 39  89
29 43  72
29 45  -24
30 0  -62
30 4  -75
30 8  84
30 12  58
30 16  -94
30 20  81
31 0  19
31 1  -62
31 4  -19
31 5  -75
31 8  50
31 9  84
31 12  82
31 13  58
31 16  -82
31 17  -94
31 20  84
31 21  81
32 1  19
32 5  -19
32 9  50
32 13  82
32 17  -82
32 21  84
32 36  -62
32 38  -75
32 40  84
32 42  58
32 44  -94
32 46  81
33 36  19
33 38  -19
33 40  50
33 42  82
33 44  -82
33 46  84
34 0  -77
34 2  -62
34 4  -64
34 6  -75
34 8  67
34 10  84
34 12  37
34 14  58
34 16  34
34 18  -94
34 20  30
34 22  81
34 54  19
34 57  -19
34 60  50
34 63  82
35 0  23
35 1  -77
35 2  19
35 3  -62
35 4  54
35 5  -64
35 6  -19
35 7  -75
35 8  89
35 9  67
35 10  50
35 11  84
35 12  8
35 13  37
35 14  82
35 15  58
35 16  72
35 17  34
35 18  -82
35 19  -94
35 20  -24
35 21  30
35 22  84
35 23  81
36 1  23
36 3  19
36 5  54
36 7  -19
36 9  89
36 11  50
36 13  8
36 15  82
36 17  72
36 19  -82
36 21  -24
36 23  84
36 36  -77
36 37  -62
36 38  -64
36 39  -75
36 40  67
36 41  84
36 42  37
36 43  58
36 44  34
36 45  -94
36 46  30
36 47  81
37 36  23
37 37  19
37 38  54
37 39  -19
37 40  89
37 41  50
37 42  8
37 43  82
37 44  72
37 45  -82
37 46  -24
37 47  84
38 2  -77
38 6  -64
38 10  67
38 14  37
38 18  34
38 22  30
38 54  23
38 55  19
38 56  -62
38 57  54
38 58  -19
38 59  -75
38 60  89
38 61  50
38 62  84
38 63  8
39 2  23
39 3  -77
39 6  54
39 7  -64
39 10  89
39 11  67
39 14  8
39 15  37
39 18  72
39 19  34
39 22  -24
39 23  30
39 56  19
39 59  -19
39 62  50
40 3  23
40 7  54
40 11  89
40 15  8
40 19  72
40 23  -24
40 37  -77
40 39  -64
40 41  67
40 43  37
40 45  34
40 47  30
41 37  23
41 39  54
41 41  89
41 43  8
41 45  72
41 47  -24
42 4  -62
42 8  -75
42 16  58
42 20  -94
43 4  19
43 5  -62
43 8  -19
43 9  -75
43 16  82
43 17  58
43 20  -82
43 21  -94
44 5  19
44 9  -19
44 17  82
44 21  -82
44 38  -62
44 40  -75
44 44  58
44 46  -94
45 38  19
45 40  -19
45 44  82
45 46  -82
46 4  -77
46 6  -62
46 8  -64
46 10  -75
46 16  37
46 18  58
46 20  34
46 22  -94
46 57  19
46 60  -19
47 4  23
47 5  -77
47 6  19
47 7  -62
47 8  54
47 9  -64
47 10  -19
47 11  -75
47 16  8
47 17  37
47 18  82
47 19  58
47 20  72
47 21  34
47 22  -82
47 23  -94
48 5  23
48 7  19
48 9  54
48 11  -19
48 17  8
48 19  82
48 21  72
48 23  -82
48 38  -77
48 39  -62
48 40  -64
48 41  -75
48 44  37
48 45  58
48 46  34
48 47  -94
49 38  23
49 39  19
49 40  54
49 41  -19
49 44  8
49 45  82
49 46  72
49 47  -82
50 6  -77
50 10  -64
50 18  37
50 22  34
50 57  23
50 58  19
50 59  -62
50 60  54
50 61  -19
50 62  -75
51 6  23
51 7  -77
51 10  54
51 11  -64
51 18  8
51 19  37
51 22  72
51 23  34
51 59  19
51 62  -19
52 7  23
52 11  54
52 19  8
52 23  72
52 39  -77
52 41  -64
52 45  37
52 47  34
53 39  23
53 41  54
53 45  8
53 47  72
54 8  -62
54 20  58
55 8  19
55 9  -62
55 20  82
55 21  58
56 9  19
56 21  82
56 40  -62
56 46  58
57 40  19
57 46  82
58 8  -77
58 10  -62
58 20  37
58 22  58
58 60  19
59 8  23
59 9  -77
59 10  19
59 11  -62
59 20  8
59 21  37
59 22  82
59 23  58
60 9  23
60 11  19
60 21  8
60 23  82
60 40  -77
60 41  -62
60 46  37
60 47  58
61 40  23
61 41  19
61 46  8
61 47  82
62 10  -77
62 22  37
62 60  23
62 61  19
62 62  -62
63 10  23
63 11  -77
63 22  8
63 23  37
63 62  19
