size: 632
Tuples
0 1  -37
0 5  19
0 9  71
0 13  21
0 17  35
0 21  -24
0 36  -51
0 38  -73
0 40  -68
0 42  86
0 44  -26
0 46  -44
1 36  -37
1 38  19
1 40  71
1 42  21
1 44  35
1 46  -24
2 0  -95
2 2  -51
2 4  9
2 6  -73
2 10  -68
2 12  -38
2 14  86
2 16  -11
2 18  -26
2 20  41
2 22  -44
2 54  -37
2 57  19
2 60  71
2 63  21
3 0  -49
3 1  -95
3 2  -37
3 3  -51
3 4  -12
3 5  9
3 6  19
3 7  -73
3 8  -59
3 10  71
3 11  -68
3 12  -47
3 13  -38
3 14  21
3 15  86
3 16  -28
3 17  -11
3 18  35
3 19  -26
3 20  40
3 21  41
3 22  -24
3 23  -44
4 1  -49
4 3  -37
4 5  -12
4 7  19
4 9  -59
4 11  71
4 13  -47
4 15  21
4 17  -28
4 19  35
4 21  40
4 23  -24
4 36  -95
4 37  -51
4 38  9
4 39  -73
4 41  -68
4 42  -38
4 43  86
4 44  -11
4 45  -26
4 46  41
4 47  -44
5 36  -49
5 37  -37
5 38  -12
5 39  19
5 40  -59
5 41  71
5 42  -47
5 43  21
5 44  -28
5 45  35
5 46  40
5 47  -24
6 2  -95
6 6  9
6 14  -38
6 18  -11
6 22  41
6 54  -49
6 55  -37
6 56  -51
6 57  -12
6 58  19
6 59  -73
6 60  -59
6 61  71
6 62  -68
6 63  -47
7 2  -49
7 3  -95
7 6  -12
7 7  9
7 10  -59
7 14  -47
7 15  -38
7 18  -28
7 19  -11
7 22  40
7 23  41
7 56  -37
7 59  19
7 62  71
8 3  -49
8 7  -12
8 11  -59
8 15  -47
8 19  -28
8 23  40
8 37  -95
8 39  9
8 43  -38
8 45  -11
8 47  41
9 37  -49
9 39  -12
9 41  -59
9 43  -47
9 45  -28
9 47  40
10 4  -51
10 8  -73
10 16  86
10 20  -26
11 4  -37
11 5  -51
11 8  19
11 9  -73
11 16  21
11 17  86
11 20  35
11 21  -26
12 5  -37
12 9  19
12 17  21
12 21  35
12 38  -51
12 40  -73
12 44  86
12 46  -26
13 38  -37
13 40  19
13 44  21
13 46  35
14 4  -95
14 6  -51
14 8  9
14 10  -73
14 16  -38
14 18  86
14 20  -11
14 22  -26
14 57  -37
14 60  19
15 4  -49
15 5  -95
15 6  -37
15 7  -51
15 8  -12
15 9  9
15 10  19
15 11  -73
15 16  -47
15 17  -38
15 18  21
15 19  86
15 20  -28
15 21  -11
15 22  35
15 23  -26
16 5  -49
16 7  -37
16 9  -12
16 11  19
16 17  -47
16 19  21
16 21  -28
16 23  35
16 38  -95
16 39  -51
16 40  9
16 41  -73
16 44  -38
16 45  86
16 46  -11
16 47  -26
17 38  -49
17 39  -37
17 40  -12
17 41  19
17 44  -47
17 45  21
17 46  -28
17 47  35
18 6  -95
18 10  9
18 18  -38
18 22  -11
18 57  -49
18 58  -37
18 59  -51
18 60  -12
18 61  19
18 62  -73
19 6  -49
19 7  -95
19 10  -12
19 11  9
19 18  -47
19 19  -38
19 22  -28
19 23  -11
19 59  -37
19 62  19
20 7  -49
20 11  -12
20 19  -47
20 23  -28
20 39  -95
20 41  9
20 45  -38
20 47  -11
21 39  -49
21 41  -12
21 45  -47
21 47  -28
22 8  -51
22 20  86
23 8  -37
23 9  -51
23 20  21
23 21  86
24 9  -37
24 21  21
24 40  -51
24 46  86
25 40  -37
25 46  21
26 8  -95
26 10  -51
26 20  -38
26 22  86
26 60  -37
27 8  -49
27 9  -95
27 10  -37
27 11  -51
27 20  -47
27 21  -38
27 22  21
27 23  86
28 9  -49
28 11  -37
28 21  -47
28 23  21
28 40  -95
28 41  -51
28 46  -38
28 47  86
29 40  -49
29 41  -37
29 46  -47
29 47  21
30 10  -95
30 22  -38
30 60  -49
30 61  -37
30 62  -51
31 10  -49
31 11  -95
31 22  -47
31 23  -38
31 62  -37
32 11  -49
32 23  -47
32 41  -95
32 47  -38
33 41  -49
33 47  -47
34 0  49
34 4  -63
34 12  -73
34 16  -68
34 24  -26
34 28  -44
35 0  32
35 1  49
35 4  88
35 5  -63
35 12  19
35 13  -73
35 16  71
35 17  -68
35 24  35
35 25  -26
35 28  -24
35 29  -44
36 1  32
36 5  88
36 13  19
36 17  71
36 25  35
36 29  -24
36 36  49
36 38  -63
36 42  -73
36 44  -68
36 48  -26
36 50  -44
37 36  32
37 38  88
37 42  19
37 44  71
37 48  35
37 50  -24
38 0  -52
38 2  49
38 4  -20
38 6  -63
38 12  9
38 14  -73
38 18  -68
38 24  -11
38 26  -26
38 28  41
38 30  -44
38 54  32
38 57  88
38 63  19
39 0  -56
39 1  -52
39 2  32
39 3  49
39 4  -72
39 5  -20
39 6  88
39 7  -63
39 12  -12
39 13  9
39 14  19
39 15  -73
39 16  -59
39 18  71
39 19  -68
39 24  -28
39 25  -11
39 26  35
39 27  -26
39 28  40
39 29  41
39 30  -24
39 31  -44
40 1  -56
40 3  32
40 5  -72
40 7  88
40 13  -12
40 15  19
40 17  -59
40 19  71
40 25  -28
40 27  35
40 29  40
40 31  -24
40 36  -52
40 37  49
40 38  -20
40 39  -63
40 42  9
40 43  -73
40 45  -68
40 48  -11
40 49  -26
40 50  41
40 51  -44
41 36  -56
41 37  32
41 38  -72
41 39  88
41 42  -12
41 43  19
41 44  -59
41 45  71
41 48  -28
41 49  35
41 50  40
41 51  -24
42 2  -52
42 6  -20
42 14  9
42 26  -11
42 30  41
42 54  -56
42 55  32
42 56  49
42 57  -72
42 58  88
42 59  -63
42 63  -12
43 2  -56
43 3  -52
43 6  -72
43 7  -20
43 14  -12
43 15  9
43 18  -59
43 26  -28
43 27  -11
43 30  40
43 31  41
43 56  32
43 59  88
44 3  -56
44 7  -72
44 15  -12
44 19  -59
44 27  -28
44 31  40
44 37  -52
44 39  -20
44 43  9
44 49  -11
44 51  41
45 37  -56
45 39  -72
45 43  -12
45 45  -59
45 49  -28
45 51  40
46 0  32
46 4  49
46 8  -63
46 12  -51
46 16  -73
46 20  -68
46 24  86
46 28  -26
46 32  -44
47 0  -19
47 1  32
47 4  32
47 5  49
47 8  88
47 9  -63
47 12  -37
47 13  -51
47 16  19
47 17  -73
47 20  71
47 21  -68
47 24  21
47 25  86
47 28  35
47 29  -26
47 32  -24
47 33  -44
48 1  -19
48 5  32
48 9  88
48 13  -37
48 17  19
48 21  71
48 25  21
48 29  35
48 33  -24
48 36  32
48 38  49
48 40  -63
48 42  -51
48 44  -73
48 46  -68
48 48  86
48 50  -26
48 52  -44
49 36  -19
49 38  32
49 40  88
49 42  -37
49 44  19
49 46  71
49 48  21
49 50  35
49 52  -24
50 0  -4
50 2  32
50 4  -52
50 6  49
50 8  -20
50 10  -63
50 12  -95
50 14  -51
50 16  9
50 18  -73
50 22  -68
50 24  -38
50 26  86
50 28  -11
50 30  -26
50 32  41
50 34  -44
50 54  -19
50 57  32
50 60  88
50 63  -37
51 2  -4
51 6  -52
51 10  -20
51 14  -95
51 18  9
51 26  -38
51 30  -11
51 34  41
51 54  -79
51 55  -19
51 56  32
51 57  -56
51 58  32
51 59  49
51 60  -72
51 61  88
51 62  -63
51 63  -49
52 4  32
52 8  49
52 16  -51
52 20  -73
52 28  86
52 32  -26
53 4  -19
53 5  32
53 8  32
53 9  49
53 16  -37
53 17  -51
53 20  19
53 21  -73
53 28  21
53 29  86
53 32  35
53 33  -26
54 5  -19
54 9  32
54 17  -37
54 21  19
54 29  21
54 33  35
54 38  32
54 40  49
54 44  -51
54 46  -73
54 50  86
54 52  -26
55 38  -19
55 40  32
55 44  -37
55 46  19
55 50  21
55 52  35
56 4  -4
56 6  32
56 8  -52
56 10  49
56 16  -95
56 18  -51
56 20  9
56 22  -73
56 28  -38
56 30  86
56 32  -11
56 34  -26
56 57  -19
56 60  32
57 6  -4
57 10  -52
57 18  -95
57 22  9
57 30  -38
57 34  -11
57 57  -79
57 58  -19
57 59  32
57 60  -56
57 61  32
57 62  49
58 8  32
58 20  -51
58 32  86
59 8  -19
59 9  32
59 20  -37
59 21  -51
59 32  21
59 33  86
60 9  -19
60 21  -37
60 33  21
60 40  32
60 46  -51
60 52  86
61 40  -19
61 46  -37
61 52  21
62 8  -4
62 10  32
62 20  -95
62 22  -51
62 32  -38
62 34  86
62 60  -19
63 10  -4
63 22  -95
63 34  -38
63 60  -79
63 61  -19
63 62  32
