size: 682
Tuples
0 0  -72
0 1  -94
0 2  -46
0 3  80
0 4  -35
0 5  -86
0 6  4
0 7  -43
0 8  -45
0 9  34
0 10  51
0 11  -74
0 12  -38
0 13  56
0 14  -97
0 15  80
0 16  -80
0 17  -11
0 18  6
0 19  -89
0 20  52
0 21  -90
0 22  49
0 23  -21
0 24  -1
0 25  68
0 26  41
0 27  -21
0 28  73
0 29  87
0 30  -63
0 31  53
0 32  14
0 34  -10
0 35  -1
1 1  -72
1 3  -46
1 5  -35
1 7  4
1 9  -45
1 11  51
1 13  -38
1 15  -97
1 17  -80
1 19  6
1 21  52
1 23  49
1 25  -1
1 27  41
1 29  73
1 31  -63
1 33  14
1 35  -10
1 36  -94
1 37  80
1 38  -86
1 39  -43
1 40  34
1 41  -74
1 42  56
1 43  80
1 44  -11
1 45  -89
1 46  -90
1 47  -21
1 48  68
1 49  -21
1 50  87
1 51  53
1 53  -1
2 36  -72
2 37  -46
2 38  -35
2 39  4
2 40  -45
2 41  51
2 42  -38
2 43  -97
2 44  -80
2 45  6
2 46  52
2 47  49
2 48  -1
2 49  41
2 50  73
2 51  -63
2 52  14
2 53  -10
3 2  -72
3 3  -94
3 6  -35
3 7  -86
3 10  -45
3 11  34
3 14  -38
3 15  56
3 18  -80
3 19  -11
3 22  52
3 23  -90
3 26  -1
3 27  68
3 30  73
3 31  87
3 34  14
3 56  -46
3 59  4
3 62  51
4 3  -72
4 7  -35
4 11  -45
4 15  -38
4 19  -80
4 23  52
4 27  -1
4 31  73
4 35  14
4 37  -94
4 39  -86
4 41  34
4 43  56
4 45  -11
4 47  -90
4 49  68
4 51  87
5 37  -72
5 39  -35
5 41  -45
5 43  -38
5 45  -80
5 47  52
5 49  -1
5 51  73
5 53  14
6 4  -72
6 5  -94
6 6  -46
6 7  80
6 8  -35
6 9  -86
6 10  4
6 11  -43
6 16  -38
6 17  56
6 18  -97
6 19  80
6 20  -80
6 21  -11
6 22  6
6 23  -89
6 28  -1
6 29  68
6 30  41
6 31  -21
6 32  73
6 33  87
6 34  -63
6 35  53
7 5  -72
7 7  -46
7 9  -35
7 11  4
7 17  -38
7 19  -97
7 21  -80
7 23  6
7 29  -1
7 31  41
7 33  73
7 35  -63
7 38  -94
7 39  80
7 40  -86
7 41  -43
7 44  56
7 45  80
7 46  -11
7 47  -89
7 50  68
7 51  -21
7 52  87
7 53  53
8 38  -72
8 39  -46
8 40  -35
8 41  4
8 44  -38
8 45  -97
8 46  -80
8 47  6
8 50  -1
8 51  41
8 52  73
8 53  -63
9 6  -72
9 7  -94
9 10  -35
9 11  -86
9 18  -38
9 19  56
9 22  -80
9 23  -11
9 30  -1
9 31  68
9 34  73
9 35  87
9 59  -46
9 62  4
10 7  -72
10 11  -35
10 19  -38
10 23  -80
10 31  -1
10 35  73
10 39  -94
10 41  -86
10 45  56
10 47  -11
10 51  68
10 53  87
11 39  -72
11 41  -35
11 45  -38
11 47  -80
11 51  -1
11 53  73
12 8  -72
12 9  -94
12 10  -46
12 11  80
12 20  -38
12 21  56
12 22  -97
12 23  80
12 32  -1
12 33  68
12 34  41
12 35  -21
13 9  -72
13 11  -46
13 21  -38
13 23  -97
13 33  -1
13 35  41
13 40  -94
13 41  80
13 46  56
13 47  80
13 52  68
13 53  -21
14 40  -72
14 41  -46
14 46  -38
14 47  -97
14 52  -1
14 53  41
15 10  -72
15 11  -94
15 22  -38
15 23  56
15 34  -1
15 35  68
15 62  -46
16 11  -72
16 23  -38
16 35  -1
16 41  -94
16 47  56
16 53  68
17 41  -72
17 47  -38
17 53  -1
18 0  -89
18 4  -21
18 12  53
18 16  -1
19 0  6
19 1  -89
19 4  49
19 5  -21
19 12  -63
19 13  53
19 16  -10
19 17  -1
20 1  6
20 5  49
20 13  -63
20 17  -10
20 36  -89
20 38  -21
20 42  53
20 44  -1
21 36  6
21 38  49
21 42  -63
21 44  -10
22 0  -11
22 2  -89
22 4  -90
22 6  -21
22 12  87
22 14  53
22 18  -1
22 54  6
22 57  49
22 63  -63
23 0  -80
23 1  -11
23 2  6
23 3  -89
23 4  52
23 5  -90
23 6  49
23 7  -21
23 12  73
23 13  87
23 14  -63
23 15  53
23 16  14
23 18  -10
23 19  -1
24 1  -80
24 3  6
24 5  52
24 7  49
24 13  73
24 15  -63
24 17  14
24 19  -10
24 36  -11
24 37  -89
24 38  -90
24 39  -21
24 42  87
24 43  53
24 45  -1
25 36  -80
25 37  6
25 38  52
25 39  49
25 42  73
25 43  -63
25 44  14
25 45  -10
26 2  -11
26 6  -90
26 14  87
26 54  -80
26 55  6
26 56  -89
26 57  52
26 58  49
26 59  -21
26 63  73
27 2  -80
27 3  -11
27 6  52
27 7  -90
27 14  73
27 15  87
27 18  14
27 56  6
27 59  49
28 3  -80
28 7  52
28 15  73
28 19  14
28 37  -11
28 39  -90
28 43  87
29 37  -80
29 39  52
29 43  73
29 45  14
30 0  80
30 4  -89
30 8  -21
30 12  -21
30 16  53
30 20  -1
31 0  -97
31 1  80
31 4  6
31 5  -89
31 8  49
31 9  -21
31 12  41
31 13  -21
31 16  -63
31 17  53
31 20  -10
31 21  -1
32 1  -97
32 5  6
32 9  49
32 13  41
32 17  -63
32 21  -10
32 36  80
32 38  -89
32 40  -21
32 42  -21
32 44  53
32 46  -1
33 36  -97
33 38  6
33 40  49
33 42  41
33 44  -63
33 46  -10
34 0  56
34 2  80
34 4  -11
34 6  -89
34 8  -90
34 10  -21
34 12  68
34 14  -21
34 16  87
34 18  53
34 22  -1
34 54  -97
34 57  6
34 60  49
34 63  41
35 0  -38
35 1  56
35 2  -97
35 3  80
35 4  -80
35 5  -11
35 6  6
35 7  -89
35 8  52
35 9  -90
35 10  49
35 11  -21
35 12  -1
35 13  68
35 14  41
35 15  -21
35 16  73
35 17  87
35 18  -63
35 19  53
35 20  14
35 22  -10
35 23  -1
36 1  -38
36 3  -97
36 5  -80
36 7  6
36 9  52
36 11  49
36 13  -1
36 15  41
36 17  73
36 19  -63
36 21  14
36 23  -10
36 36  56
36 37  80
36 38  -11
36 39  -89
36 40  -90
36 41  -21
36 42  68
36 43  -21
36 44  87
36 45  53
36 47  -1
37 36  -38
37 37  -97
37 38  -80
37 39  6
37 40  52
37 41  49
37 42  -1
37 43  41
37 44  73
37 45  -63
37 46  14
37 47  -10
38 2  56
38 6  -11
38 10  -90
38 14  68
38 18  87
38 54  -38
38 55  -97
38 56  80
38 57  -80
38 58  6
38 59  -89
38 60  52
38 61  49
38 62  -21
38 63  -1
39 2  -38
39 3  56
39 6  -80
39 7  -11
39 10  52
39 11  -90
39 14  -1
39 15  68
39 18  73
39 19  87
39 22  14
39 56  -97
39 59  6
39 62  49
40 3  -38
40 7  -80
40 11  52
40 15  -1
40 19  73
40 23  14
40 37  56
40 39  -11
40 41  -90
40 43  68
40 45  87
41 37  -38
41 39  -80
41 41  52
41 43  -1
41 45  73
41 47  14
42 4  80
42 8  -89
42 16  -21
42 20  53
43 4  -97
43 5  80
43 8  6
43 9  -89
43 16  41
43 17  -21
43 20  -63
43 21  53
44 5  -97
44 9  6
44 17  41
44 21  -63
44 38  80
44 40  -89
44 44  -21
44 46  53
45 38  -97
45 40  6
45 44  41
45 46  -63
46 4  56
46 6  80
46 8  -11
46 10  -89
46 16  68
46 18  -21
46 20  87
46 22  53
46 57  -97
46 60  6
47 4  -38
47 5  56
47 6  -97
47 7  80
47 8  -80
47 9  -11
47 10  6
47 11  -89
47 16  -1
47 17  68
47 18  41
47 19  -21
47 20  73
47 21  87
47 22  -63
47 23  53
48 5  -38
48 7  -97
48 9  -80
48 11  6
48 17  -1
48 19  41
48 21  73
48 23  -63
48 38  56
48 39  80
48 40  -11
48 41  -89
48 44  68
48 45  -21
48 46  87
48 47  53
49 38  -38
49 39  -97
49 40  -80
49 41  6
49 44  -1
49 45  41
49 46  73
49 47  -63
50 6  56
50 10  -11
50 18  68
50 22  87
50 57  -38
50 58  -97
50 59  80
50 60  -80
50 61  6
50 62  -89
51 6  -38
51 7  56
51 10  -80
51 11  -11
51 18  -1
51 19  68
51 22  73
51 23  87
51 59  -97
51 62  6
52 7  -38
52 11  -80
52 19  -1
52 23  73
52 39  56
52 41  -11
52 45  68
52 47  87
53 39  -38
53 41  -80
53 45  -1
53 47  73
54 8  80
54 20  -21
55 8  -97
55 9  80
55 20  41
55 21  -21
56 9  -97
56 21  41
56 40  80
56 46  -21
57 40  -97
57 46  41
58 8  56
58 10  80
58 20  68
58 22  -21
58 60  -97
59 8  -38
59 9  56
59 10  -97
59 11  80
59 20  -1
59 21  68
59 22  41
59 23  -21
60 9  -38
60 11  -97
60 21  -1
60 23  41
60 40  56
60 41  80
60 46  68
60 47  -21
61 40  -38
61 41  -97
61 46  -1
61 47  41
62 10  56
62 22  68
62 60  -38
62 61  -97
62 62  80
63 10  -38
63 11  56
63 22  -1
63 23  68
63 62  -97
