size: 718
Tuples
0 40  -46
0 46  -97
0 52  41
1 41  -66
1 47  -35
2 36  -37
2 37  -34
2 38  -38
2 39  80
2 40  60
2 41  -53
2 42  -66
2 43  5
2 44  76
2 45  36
2 46  -88
2 47  30
2 48  -35
2 49  -94
2 50  -21
2 51  63
2 52  83
2 53  18
3 37  -37
3 39  -38
3 41  60
3 43  -66
3 45  76
3 47  -88
3 49  -35
3 51  -21
3 53  83
4 41  -37
4 47  -66
4 53  -35
5 36  80
5 38  -53
5 42  36
5 44  30
5 48  63
5 50  18
6 40  -66
6 41  5
6 46  -35
6 47  -94
7 37  76
7 39  -88
7 43  -21
7 45  83
8 1  -38
8 3  80
8 5  60
8 7  -53
8 13  76
8 15  36
8 17  -88
8 19  30
8 25  -21
8 27  63
8 29  83
8 31  18
8 36  11
8 37  -1
8 38  -22
8 39  -16
8 42  66
8 43  -90
8 44  -29
8 45  93
8 48  68
8 49  -29
8 50  48
8 51  -40
9 36  -38
9 37  80
9 38  60
9 39  -53
9 42  76
9 43  36
9 44  -88
9 45  30
9 48  -21
9 49  63
9 50  83
9 51  18
10 2  11
10 6  -22
10 14  66
10 18  -29
10 26  68
10 30  48
10 54  -38
10 55  80
10 56  -1
10 57  60
10 58  -53
10 59  -16
10 63  76
11 2  -38
11 3  11
11 6  60
11 7  -22
11 14  76
11 15  66
11 18  -88
11 19  -29
11 26  -21
11 27  68
11 30  83
11 31  48
11 56  80
11 59  -53
12 3  -38
12 7  60
12 15  76
12 19  -88
12 27  -21
12 31  83
12 37  11
12 39  -22
12 43  66
12 45  -29
12 49  68
12 51  48
13 37  -38
13 39  60
13 43  76
13 45  -88
13 49  -21
13 51  83
14 0  -28
14 4  -1
14 8  -16
14 12  -35
14 16  -90
14 20  93
14 24  -41
14 28  -29
14 32  -40
15 0  -34
15 1  -28
15 4  80
15 5  -1
15 8  -53
15 9  -16
15 12  5
15 13  -35
15 16  36
15 17  -90
15 20  30
15 21  93
15 24  -94
15 25  -41
15 28  63
15 29  -29
15 32  18
15 33  -40
16 1  -34
16 5  80
16 9  -53
16 13  5
16 17  36
16 21  30
16 25  -94
16 29  63
16 33  18
16 36  -28
16 38  -1
16 40  -16
16 42  -35
16 44  -90
16 46  93
16 48  -41
16 50  -29
16 52  -40
17 36  -34
17 38  80
17 40  -53
17 42  5
17 44  36
17 46  30
17 48  -94
17 50  63
17 52  18
18 0  -82
18 2  -28
18 4  11
18 6  -1
18 8  -22
18 10  -16
18 12  54
18 14  -35
18 16  66
18 18  -90
18 20  -29
18 22  93
18 24  -98
18 26  -41
18 28  68
18 30  -29
18 32  48
18 34  -40
18 54  -34
18 57  80
18 60  -53
18 63  5
19 2  -82
19 6  11
19 10  -22
19 14  54
19 18  66
19 22  -29
19 26  -98
19 30  68
19 34  48
19 54  -37
19 55  -34
19 56  -28
19 57  -38
19 58  80
19 59  -1
19 60  60
19 61  -53
19 62  -16
19 63  -66
20 4  -28
20 8  -1
20 16  -35
20 20  -90
20 28  -41
20 32  -29
21 4  -34
21 5  -28
21 8  80
21 9  -1
21 16  5
21 17  -35
21 20  36
21 21  -90
21 28  -94
21 29  -41
21 32  63
21 33  -29
22 5  -34
22 9  80
22 17  5
22 21  36
22 29  -94
22 33  63
22 38  -28
22 40  -1
22 44  -35
22 46  -90
22 50  -41
22 52  -29
23 38  -34
23 40  80
23 44  5
23 46  36
23 50  -94
23 52  63
24 4  -82
24 6  -28
24 8  11
24 10  -1
24 16  54
24 18  -35
24 20  66
24 22  -90
24 28  -98
24 30  -41
24 32  68
24 34  -29
24 57  -34
24 60  80
25 6  -82
25 10  11
25 18  54
25 22  66
25 30  -98
25 34  68
25 57  -37
25 58  -34
25 59  -28
25 60  -38
25 61  80
25 62  -1
26 8  -28
26 20  -35
26 32  -41
27 8  -34
27 9  -28
27 20  5
27 21  -35
27 32  -94
27 33  -41
28 10  -66
28 11  54
28 22  -35
28 23  -98
28 62  5
29 40  -34
29 46  5
29 52  -94
30 11  -66
30 23  -35
30 41  54
30 47  -98
31 9  -66
31 11  5
31 21  -35
31 23  -94
31 40  54
31 41  -35
31 46  -98
31 47  -41
32 0  62
32 1  -27
32 2  -54
32 3  81
32 4  40
32 5  67
32 6  -70
32 7  -61
32 8  -80
32 9  21
32 10  -89
32 11  39
32 12  -40
32 13  -90
32 14  41
32 15  10
32 16  56
32 17  -82
32 18  41
32 19  -17
32 20  40
32 21  -63
32 22  -58
32 23  -18
32 24  -63
32 25  -87
32 26  -65
32 27  -3
32 28  -89
32 29  -66
32 30  -27
32 31  -11
32 32  -70
32 33  -85
32 34  11
32 35  99
33 1  62
33 3  -54
33 5  40
33 7  -70
33 9  -80
33 11  -89
33 13  -40
33 15  41
33 17  56
33 19  41
33 21  40
33 23  -58
33 25  -63
33 27  -65
33 29  -89
33 31  -27
33 33  -70
33 35  11
33 36  -27
33 37  81
33 38  67
33 39  -61
33 40  21
33 41  39
33 42  -90
33 43  10
33 44  -82
33 45  -17
33 46  -63
33 47  -18
33 48  -87
33 49  -3
33 50  -66
33 51  -11
33 52  -85
33 53  99
34 36  62
34 37  -54
34 38  40
34 39  -70
34 40  -80
34 41  -89
34 42  -40
34 43  41
34 44  56
34 45  41
34 46  40
34 47  -58
34 48  -63
34 49  -65
34 50  -89
34 51  -27
34 52  -70
34 53  11
35 2  62
35 3  -27
35 6  40
35 7  67
35 10  -80
35 11  21
35 14  -40
35 15  -90
35 18  56
35 19  -82
35 22  40
35 23  -63
35 26  -63
35 27  -87
35 30  -89
35 31  -66
35 34  -70
35 35  -85
35 56  -54
35 59  -70
35 62  -89
36 3  62
36 7  40
36 11  -80
36 15  -40
36 19  56
36 23  40
36 27  -63
36 31  -89
36 35  -70
36 37  -27
36 39  67
36 41  21
36 43  -90
36 45  -82
36 47  -63
36 49  -87
36 51  -66
36 53  -85
37 37  62
37 39  40
37 41  -80
37 43  -40
37 45  56
37 47  40
37 49  -63
37 51  -89
37 53  -70
38 4  62
38 5  -27
38 6  -54
38 7  81
38 8  40
38 9  67
38 10  -70
38 11  -61
38 16  -40
38 17  -90
38 18  41
38 19  10
38 20  56
38 21  -82
38 22  41
38 23  -17
38 28  -63
38 29  -87
38 30  -65
38 31  -3
38 32  -89
38 33  -66
38 34  -27
38 35  -11
39 5  62
39 7  -54
39 9  40
39 11  -70
39 17  -40
39 19  41
39 21  56
39 23  41
39 29  -63
39 31  -65
39 33  -89
39 35  -27
39 38  -27
39 39  81
39 40  67
39 41  -61
39 44  -90
39 45  10
39 46  -82
39 47  -17
39 50  -87
39 51  -3
39 52  -66
39 53  -11
40 38  62
40 39  -54
40 40  40
40 41  -70
40 44  -40
40 45  41
40 46  56
40 47  41
40 50  -63
40 51  -65
40 52  -89
40 53  -27
41 6  62
41 7  -27
41 10  40
41 11  67
41 18  -40
41 19  -90
41 22  56
41 23  -82
41 30  -63
41 31  -87
41 34  -89
41 35  -66
41 59  -54
41 62  -70
42 7  62
42 11  40
42 19  -40
42 23  56
42 31  -63
42 35  -89
42 39  -27
42 41  67
42 45  -90
42 47  -82
42 51  -87
42 53  -66
43 39  62
43 41  40
43 45  -40
43 47  56
43 51  -63
43 53  -89
44 8  62
44 9  -27
44 10  -54
44 11  81
44 20  -40
44 21  -90
44 22  41
44 23  10
44 32  -63
44 33  -87
44 34  -65
44 35  -3
45 9  62
45 11  -54
45 21  -40
45 23  41
45 33  -63
45 35  -65
45 40  -27
45 41  81
45 46  -90
45 47  10
45 52  -87
45 53  -3
46 40  62
46 41  -54
46 46  -40
46 47  41
46 52  -63
46 53  -65
47 10  62
47 11  -27
47 22  -40
47 23  -90
47 34  -63
47 35  -87
47 62  -54
48 11  62
48 23  -40
48 35  -63
48 41  -27
48 47  -90
48 53  -87
49 41  62
49 47  -40
49 53  -63
50 0  -17
50 4  -18
50 12  -11
50 16  99
51 0  41
51 1  -17
51 4  -58
51 5  -18
51 12  -27
51 13  -11
51 16  11
51 17  99
52 1  41
52 5  -58
52 13  -27
52 17  11
52 36  -17
52 38  -18
52 42  -11
52 44  99
53 36  41
53 38  -58
53 42  -27
53 44  11
54 0  -82
54 2  -17
54 4  -63
54 6  -18
54 12  -66
54 14  -11
54 16  -85
54 18  99
54 54  41
54 57  -58
54 63  -27
55 0  56
55 1  -82
55 2  41
55 3  -17
55 4  40
55 5  -63
55 6  -58
55 7  -18
55 12  -89
55 13  -66
55 14  -27
55 15  -11
55 16  -70
55 17  -85
55 18  11
55 19  99
56 1  56
56 3  41
56 5  40
56 7  -58
56 13  -89
56 15  -27
56 17  -70
56 19  11
56 36  -82
56 37  -17
56 38  -63
56 39  -18
56 42  -66
56 43  -11
56 44  -85
56 45  99
57 36  56
57 37  41
57 38  40
57 39  -58
57 42  -89
57 43  -27
57 44  -70
57 45  11
58 2  -82
58 6  -63
58 14  -66
58 18  -85
58 54  56
58 55  41
58 56  -17
58 57  40
58 58  -58
58 59  -18
58 63  -89
59 2  56
59 3  -82
59 6  40
59 7  -63
59 14  -89
59 15  -66
59 18  -70
59 19  -85
59 56  41
59 59  -58
60 3  56
60 7  40
60 15  -89
60 19  -70
60 37  -82
60 39  -63
60 43  -66
60 45  -85
61 37  56
61 39  40
61 43  -89
61 45  -70
62 0  10
62 4  -17
62 8  -18
62 12  -3
62 16  -11
62 20  99
63 0  41
63 1  10
63 4  41
63 5  -17
63 8  -58
63 9  -18
63 12  -65
63 13  -3
63 16  -27
63 17  -11
63 20  11
63 21  99
