size: 81
Tuples
48 0  -16
49 0  -53
49 1  -16
49 2  93
49 3  -40
50 4  -53
50 5  -16
51 5  -53
51 6  -16
52 0  -22
52 6  -53
52 7  -16
53 0  60
53 1  -22
53 2  -29
53 3  48
53 7  -53
53 8  -16
53 9  93
53 10  -40
54 11  60
54 12  -22
54 13  -53
54 14  -16
55 12  60
55 14  -53
55 15  -22
55 16  -16
56 15  60
56 16  -53
56 17  -22
56 18  -16
57 17  60
57 18  -53
57 19  -22
57 20  -16
57 21  -29
57 22  93
57 23  48
57 24  -40
58 13  60
58 14  -22
58 25  -53
58 26  -16
59 14  60
59 16  -22
59 26  -53
59 27  -16
60 28  -82
60 29  -28
60 30  11
60 31  54
60 32  -35
60 33  66
60 34  -98
60 35  -41
60 36  68
61 29  -82
61 32  54
61 35  -98
61 37  -28
61 38  -35
61 39  -41
62 2  -22
62 3  -29
62 9  -16
62 10  93
62 40  -98
62 41  -41
62 42  68
62 43  -29
62 44  48
62 45  -40
63 2  -16
63 3  93
63 40  -41
63 42  -29
63 44  -40
63 46  -98
63 47  68
63 48  48
