size: 197
Tuples
0 0  81
0 1  67
0 2  -61
1 0  -54
1 1  40
1 2  -70
2 15  -54
2 16  81
2 17  -70
2 18  -61
3 16  -54
3 18  -70
3 24  81
3 25  -61
4 0  -27
4 2  67
4 24  -54
4 25  -70
4 29  81
4 30  -61
5 0  62
5 2  40
5 29  -54
5 30  -70
6 15  62
6 16  -27
6 17  40
6 18  67
6 44  -54
6 45  81
6 46  -70
6 47  -61
7 16  62
7 18  40
7 24  -27
7 25  67
7 45  -54
7 47  -70
7 53  81
7 54  -61
8 24  62
8 25  40
8 29  -27
8 30  67
8 53  -54
8 54  -70
8 58  81
8 59  -61
9 29  62
9 30  40
9 58  -54
9 59  -70
10 7  -63
10 9  -85
10 33  56
10 34  40
10 36  -89
10 37  -70
10 62  40
10 63  67
11 7  40
11 9  -70
11 63  40
12 1  -27
12 2  81
13 1  62
13 2  -54
14 17  -54
14 18  81
15 18  -54
15 25  81
16 2  -27
16 25  -54
16 30  81
17 2  62
17 30  -54
18 17  62
18 18  -27
18 46  -54
18 47  81
19 18  62
19 25  -27
19 47  -54
19 54  81
20 25  62
20 30  -27
20 54  -54
20 59  81
21 30  62
21 59  -54
22 7  -82
22 8  -63
22 9  -66
22 10  -85
22 33  -40
22 34  56
22 35  40
22 36  -63
22 37  -89
22 38  -70
22 62  62
22 63  -27
23 7  56
23 8  40
23 9  -89
23 10  -70
23 63  62
36 3  -27
36 4  81
36 5  -90
36 6  10
37 3  62
37 4  -54
37 5  -40
37 6  41
38 19  -54
38 20  81
38 21  41
38 22  10
39 20  -54
39 22  41
39 26  81
39 27  10
40 4  -27
40 6  -90
40 26  -54
40 27  41
40 31  81
40 32  10
41 4  62
41 6  -40
41 31  -54
41 32  41
42 19  62
42 20  -27
42 21  -40
42 22  -90
42 48  -54
42 49  81
42 50  41
42 51  10
43 20  62
43 22  -40
43 26  -27
43 27  -90
43 49  -54
43 51  41
43 55  81
43 56  10
44 26  62
44 27  -40
44 31  -27
44 32  -90
44 55  -54
44 56  41
44 60  81
44 61  10
45 31  62
45 32  -40
45 60  -54
45 61  41
46 33  -80
46 36  40
46 39  -70
52 7  21
52 9  -63
52 11  -85
52 33  40
52 34  -80
52 36  56
52 37  40
52 39  -89
52 40  -70
53 7  -80
53 9  40
53 11  -70
58 7  67
58 8  21
58 9  -82
58 10  -63
58 11  -66
58 12  -85
58 33  62
58 34  40
58 35  -80
58 36  -40
58 37  56
58 38  40
58 39  -63
58 40  -89
58 41  -70
59 7  40
59 8  -80
59 9  56
59 10  40
59 11  -89
59 12  -70
