size: 153
Tuples
0 53  -79
0 54  -19
0 55  -56
0 56  32
0 63  -4
1 63  -79
2 33  -79
2 34  -4
2 37  -56
2 38  -52
3 34  -79
3 38  -56
3 54  -4
3 56  -52
4 54  -79
4 56  -56
10 35  -79
10 36  -4
10 37  -19
10 38  32
10 44  -49
10 50  -47
11 36  -79
11 38  -19
11 55  -4
11 56  32
12 55  -79
12 56  -19
14 37  -79
14 38  -4
15 38  -79
15 56  -4
16 56  -79
23 17  -68
23 19  41
23 21  -44
24 15  -59
24 17  71
24 18  -68
24 19  40
24 20  41
24 21  -24
24 22  -44
25 16  -59
25 18  71
25 20  40
25 22  -24
27 3  -68
27 7  -44
27 21  41
28 3  71
28 4  -68
28 7  -24
28 8  -44
28 17  -59
28 21  40
28 22  41
29 4  71
29 8  -24
29 18  -59
29 22  40
31 5  -68
31 7  41
31 9  -44
32 3  -59
32 5  71
32 6  -68
32 7  40
32 8  41
32 9  -24
32 10  -44
33 4  -59
33 6  71
33 8  40
33 10  -24
34 0  -11
34 1  41
34 39  -79
34 40  -4
34 41  -19
34 42  32
34 43  -56
34 44  -72
34 45  -49
34 46  -95
34 47  -37
34 48  -51
34 49  -12
34 50  -59
35 0  -28
35 1  40
35 40  -79
35 42  -19
35 46  -49
35 48  -37
35 57  -4
35 58  32
35 59  -95
35 60  -51
36 57  -79
36 58  -19
36 59  -49
36 60  -37
38 41  -79
38 42  -4
38 47  -49
38 48  -95
39 42  -79
39 48  -49
39 58  -4
39 60  -95
40 58  -79
40 60  -49
46 0  -38
46 1  -11
46 2  41
46 43  -79
46 44  -56
46 49  -49
46 50  -12
47 0  -47
47 1  -28
47 2  40
52 1  -38
52 2  -11
52 44  -79
52 50  -49
53 1  -47
53 2  -28
58 2  -38
59 2  -47
59 15  -20
59 17  -63
59 21  -68
59 23  41
59 25  -44
60 15  -72
60 16  -20
60 17  88
60 18  -63
60 19  -59
60 21  71
60 22  -68
60 23  40
60 24  41
60 25  -24
60 26  -44
61 16  -72
61 18  88
61 20  -59
61 22  71
61 24  40
61 26  -24
