size: 161
Tuples
0 53  62
0 54  -54
0 55  40
0 56  -70
0 63  -27
1 63  62
2 33  62
2 34  -27
2 37  40
2 38  67
3 34  62
3 38  40
3 54  -27
3 56  67
4 54  62
4 56  40
10 35  62
10 36  -27
10 37  -54
10 38  81
10 44  -40
10 50  -63
11 36  62
11 38  -54
11 55  -27
11 56  81
12 55  62
12 56  -54
14 37  62
14 38  -27
15 38  62
15 56  -27
16 56  62
23 15  -63
23 17  -18
23 19  -85
23 21  99
24 15  40
24 16  -63
24 17  -58
24 18  -18
24 19  -70
24 20  -85
24 21  11
24 22  99
25 16  40
25 18  -58
25 20  -70
25 22  11
27 3  -18
27 7  99
27 17  -63
27 21  -85
28 3  -58
28 4  -18
28 7  11
28 8  99
28 17  40
28 18  -63
28 21  -70
28 22  -85
29 4  -58
29 8  11
29 18  40
29 22  -70
31 3  -63
31 5  -18
31 7  -85
31 9  99
32 3  40
32 4  -63
32 5  -58
32 6  -18
32 7  -70
32 8  -85
32 9  11
32 10  99
33 4  40
33 6  -58
33 8  -70
33 10  11
34 0  -66
34 1  -85
34 39  62
34 40  -27
34 41  -54
34 42  81
34 43  40
34 44  -80
34 45  -40
34 46  -90
34 47  41
34 48  10
34 49  56
34 50  40
35 0  -89
35 1  -70
35 40  62
35 42  -54
35 46  -40
35 48  41
35 57  -27
35 58  81
35 59  -90
35 60  10
36 57  62
36 58  -54
36 59  -40
36 60  41
38 41  62
38 42  -27
38 47  -40
38 48  -90
39 42  62
39 48  -40
39 58  -27
39 60  -90
40 58  62
40 60  -40
46 0  -87
46 1  -66
46 2  -85
46 43  62
46 44  40
46 49  -40
46 50  56
47 0  -63
47 1  -89
47 2  -70
52 1  -87
52 2  -66
52 44  62
52 50  -40
53 1  -63
53 2  -89
58 2  -87
59 2  -63
59 15  21
59 17  39
59 19  -63
59 21  -18
59 23  -85
59 25  99
60 15  -80
60 16  21
60 17  -89
60 18  39
60 19  40
60 20  -63
60 21  -58
60 22  -18
60 23  -70
60 24  -85
60 25  11
60 26  99
61 16  -80
61 18  -89
61 20  40
61 22  -58
61 24  -70
61 26  11
