size: 267
Tuples
0 49  -49
0 50  -95
0 51  -47
0 52  -38
1 50  -49
1 52  -47
2 46  -49
2 47  -47
8 28  -73
8 29  -68
8 31  -26
8 32  -44
8 55  -51
8 56  86
9 28  19
9 29  71
9 31  35
9 32  -24
9 55  -37
9 56  21
10 59  -95
10 60  9
10 62  -38
10 63  -11
11 59  -49
11 60  -12
11 62  -47
11 63  -28
15 4  -68
15 5  -44
16 4  71
16 5  -24
16 7  -68
16 8  -44
17 7  71
17 8  -24
18 22  -68
18 24  -44
18 37  71
18 40  -24
19 5  41
19 22  71
19 23  -68
19 24  -24
19 25  -44
20 4  -59
20 5  40
20 8  41
20 23  71
20 25  -24
20 28  -51
20 29  -73
20 30  -68
20 31  86
20 32  -26
20 33  -44
21 7  -59
21 8  40
21 28  -37
21 29  19
21 30  71
21 31  21
21 32  35
21 33  -24
22 10  71
22 11  -68
22 14  -24
22 15  -44
22 60  -95
22 63  -38
23 11  71
23 15  -24
23 60  -49
23 63  -47
26 10  -59
26 12  71
26 13  -68
26 14  40
26 15  41
26 16  -24
26 17  -44
27 4  -73
27 5  -26
27 11  -59
27 13  71
27 15  40
27 17  -24
28 4  19
28 5  35
28 7  -73
28 8  -26
29 7  19
29 8  35
30 12  -59
30 16  40
30 17  41
30 22  -73
30 24  -26
30 37  19
30 38  71
30 39  -68
30 40  35
30 41  -24
30 42  -44
31 4  9
31 5  -11
31 13  -59
31 17  40
31 22  19
31 23  -73
31 24  35
31 25  -26
31 39  71
31 42  -24
32 4  -12
32 5  -28
32 7  9
32 8  -11
32 23  19
32 25  35
32 29  -51
32 30  -73
32 32  86
32 33  -26
33 7  -12
33 8  -28
33 29  -37
33 30  19
33 32  21
33 33  35
34 46  32
34 47  19
34 48  35
34 58  -52
34 59  -20
34 61  9
35 49  -52
35 51  9
35 53  -11
35 58  -56
35 59  -72
35 61  -12
35 62  -59
36 49  -56
36 50  -52
36 51  -12
36 52  9
36 53  -28
36 54  -11
37 50  -56
37 52  -12
37 54  -28
38 46  -56
38 47  -12
38 48  -28
44 28  -63
44 31  -68
44 34  -44
44 55  49
44 56  -73
44 57  -26
45 28  88
45 31  71
45 34  -24
45 55  32
45 56  19
45 57  35
46 46  -19
46 47  -37
46 48  21
46 58  -4
46 59  -52
46 60  -20
46 61  -95
46 62  9
47 49  -4
47 51  -95
47 53  -38
47 58  -79
47 59  -56
47 60  -72
47 61  -49
47 62  -12
47 63  -59
48 49  -79
48 50  -4
48 51  -49
48 52  -95
48 53  -47
48 54  -38
49 50  -79
49 52  -49
49 54  -47
50 46  -79
50 47  -49
50 48  -47
52 59  -4
52 60  -52
52 62  -95
52 63  9
53 0  41
53 2  -44
53 59  -79
53 60  -56
53 62  -49
53 63  -12
54 0  40
54 1  41
54 2  -24
54 3  -44
55 1  40
55 3  -24
57 22  -63
57 24  -68
57 26  -44
57 37  88
57 40  71
57 43  -24
58 10  88
58 11  -63
58 14  71
58 15  -68
58 18  -24
58 19  -44
58 60  -4
58 63  -95
59 0  -11
59 2  -26
59 11  88
59 15  71
59 19  -24
59 60  -79
59 63  -49
60 0  -28
60 1  -11
60 2  35
60 3  -26
61 1  -28
61 3  35
62 10  -72
62 11  -20
62 12  88
62 13  -63
62 14  -59
62 16  71
62 17  -68
62 18  40
62 19  41
62 20  -24
62 21  -44
63 12  -72
63 13  -20
63 16  -59
63 20  40
63 21  41
63 22  49
63 24  -73
63 26  -26
63 37  32
63 38  88
63 39  -63
63 40  19
63 41  71
63 42  -68
63 43  35
63 44  -24
63 45  -44
