size: 239
Tuples
20 0  -83
20 1  11
20 2  11
20 3  -77
20 4  -62
20 5  37
20 6  58
21 0  33
21 1  -37
21 2  9
21 3  23
21 4  19
21 5  8
21 6  82
22 13  99
22 14  97
22 15  33
22 16  -83
22 17  9
22 18  11
22 19  19
22 20  -62
22 21  82
22 22  58
23 14  99
23 16  33
23 18  9
23 20  19
23 22  82
23 23  97
23 24  -83
23 25  11
23 26  -62
23 27  58
24 0  -84
24 2  11
24 4  -77
24 6  37
24 23  99
24 24  33
24 25  9
24 26  19
24 27  82
24 28  97
24 29  -83
24 30  11
24 31  -62
24 32  58
25 0  13
25 2  -37
25 4  23
25 6  8
25 28  99
25 29  33
25 30  9
25 31  19
25 32  82
26 13  94
26 14  -92
26 15  13
26 16  -84
26 17  -37
26 18  11
26 19  23
26 20  -77
26 21  8
26 22  37
26 42  99
26 43  97
26 44  33
26 45  -83
26 46  9
26 47  11
26 48  19
26 49  -62
26 50  82
26 51  58
27 14  94
27 16  13
27 18  -37
27 20  23
27 22  8
27 23  -92
27 24  -84
27 25  11
27 26  -77
27 27  37
27 43  99
27 45  33
27 47  9
27 49  19
27 51  82
27 52  97
27 53  -83
27 54  11
27 55  -62
27 56  58
28 23  94
28 24  13
28 25  -37
28 26  23
28 27  8
28 28  -92
28 29  -84
28 30  11
28 31  -77
28 32  37
28 52  99
28 53  33
28 54  9
28 55  19
28 56  82
28 57  97
28 58  -83
28 59  11
28 60  -62
28 61  58
29 28  94
29 29  13
29 30  -37
29 31  23
29 32  8
29 57  99
29 58  33
29 59  9
29 60  19
29 61  82
30 33  89
30 36  -24
30 62  -37
30 63  11
31 63  -37
32 0  97
32 1  -84
32 2  -83
33 0  99
33 1  13
33 2  33
34 15  99
34 16  97
34 17  33
34 18  -83
35 16  99
35 18  33
35 24  97
35 25  -83
36 0  -92
36 2  -84
36 24  99
36 25  33
36 29  97
36 30  -83
37 0  94
37 2  13
37 29  99
37 30  33
38 15  94
38 16  -92
38 17  13
38 18  -84
38 44  99
38 45  97
38 46  33
38 47  -83
39 16  94
39 18  13
39 24  -92
39 25  -84
39 45  99
39 47  33
39 53  97
39 54  -83
40 24  94
40 25  13
40 29  -92
40 30  -84
40 53  99
40 54  33
40 58  97
40 59  -83
41 29  94
41 30  13
41 58  99
41 59  33
42 7  67
42 9  30
42 33  54
42 34  89
42 36  72
42 37  -24
42 62  13
42 63  -84
43 7  89
43 9  -24
43 63  13
44 1  -92
44 2  97
45 1  94
45 2  99
46 17  99
46 18  97
47 18  99
47 25  97
48 2  -92
48 25  99
48 30  97
49 2  94
49 30  99
50 17  94
50 18  -92
50 46  99
50 47  97
51 18  94
51 25  -92
51 47  99
51 54  97
52 25  94
52 30  -92
52 54  99
52 59  97
53 30  94
53 59  99
54 7  -64
54 8  67
54 9  34
54 10  30
54 33  23
54 34  54
54 35  89
54 36  8
54 37  72
54 38  -24
54 62  94
54 63  -92
55 7  54
55 8  89
55 9  72
55 10  -24
55 63  94
