size: 249
Tuples
20 0  -1
20 1  -22
20 2  -16
20 3  54
20 4  -35
20 5  -98
20 6  -41
21 7  -35
21 8  -45
21 9  -80
21 10  52
21 11  73
21 12  14
22 13  -34
22 14  -28
22 15  80
22 16  -1
22 17  -53
22 18  -16
22 19  5
22 20  -35
22 21  -94
22 22  -41
23 14  -34
23 16  80
23 18  -53
23 20  5
23 22  -94
23 23  -28
23 24  -1
23 25  -16
23 26  -35
23 27  -41
24 0  11
24 2  -22
24 4  54
24 6  -98
24 23  -34
24 24  80
24 25  -53
24 26  5
24 27  -94
24 28  -28
24 29  -1
24 30  -16
24 31  -35
24 32  -41
25 7  -86
25 8  34
25 9  -11
25 10  -90
25 11  87
25 33  -72
25 34  -35
25 35  -45
25 36  -38
25 37  -80
25 38  52
25 39  -1
25 40  73
25 41  14
26 13  -37
26 14  -82
26 15  -38
26 16  11
26 17  60
26 18  -22
26 19  -66
26 20  54
26 21  -35
26 22  -98
26 42  -34
26 43  -28
26 44  80
26 45  -1
26 46  -53
26 47  -16
26 48  5
26 49  -35
26 50  -94
26 51  -41
27 14  -37
27 16  -38
27 18  60
27 20  -66
27 22  -35
27 23  -82
27 24  11
27 25  -22
27 26  54
27 27  -98
27 43  -34
27 45  80
27 47  -53
27 49  5
27 51  -94
27 52  -28
27 53  -1
27 54  -16
27 55  -35
27 56  -41
28 23  -37
28 24  -38
28 25  60
28 26  -66
28 27  -35
28 28  -82
28 29  11
28 30  -22
28 31  54
28 32  -98
28 52  -34
28 53  80
28 54  -53
28 55  5
28 56  -94
28 57  -28
28 58  -1
28 59  -16
28 60  -35
28 61  -41
30 33  -88
30 36  83
30 62  60
30 63  -22
31 63  60
32 0  -28
32 1  11
32 2  -1
33 7  -45
33 9  52
33 11  14
34 15  -34
34 16  -28
34 17  80
34 18  -1
35 16  -34
35 18  80
35 24  -28
35 25  -1
36 0  -82
36 2  11
36 24  -34
36 25  80
36 29  -28
36 30  -1
37 0  -37
37 2  -38
37 29  -34
37 30  80
38 15  -37
38 16  -82
38 17  -38
38 18  11
38 44  -34
38 45  -28
38 46  80
38 47  -1
39 16  -37
39 18  -38
39 24  -82
39 25  11
39 45  -34
39 47  80
39 53  -28
39 54  -1
40 24  -37
40 25  -38
40 29  -82
40 30  11
40 53  -34
40 54  80
40 58  -28
40 59  -1
41 29  -37
41 30  -38
41 58  -34
41 59  80
42 7  -29
42 9  48
42 33  76
42 34  -88
42 36  -21
42 37  83
42 62  -38
42 63  11
43 7  -88
43 9  83
43 63  -38
44 1  -82
44 2  -28
45 1  -37
45 2  -34
46 17  -34
46 18  -28
47 18  -34
47 25  -28
48 2  -82
48 25  -34
48 30  -28
49 2  -37
49 30  -34
50 17  -37
50 18  -82
50 46  -34
50 47  -28
51 18  -37
51 25  -82
51 47  -34
51 54  -28
52 25  -37
52 30  -82
52 54  -34
52 59  -28
53 30  -37
53 59  -34
54 7  66
54 8  -29
54 9  68
54 10  48
54 33  -66
54 34  76
54 35  -88
54 36  -35
54 37  -21
54 38  83
54 62  -37
54 63  -82
55 7  76
55 8  -88
55 9  -21
55 10  83
55 63  -37
60 0  80
60 1  60
60 2  -53
60 3  -66
60 4  5
60 5  -35
60 6  -94
61 0  -38
61 2  60
61 4  -66
61 6  -35
61 28  -34
61 29  80
61 30  -53
61 31  5
61 32  -94
