size: 318
Tuples
0 1  73
0 3  -63
1 7  76
1 8  -21
1 29  5
1 30  36
1 32  -94
1 33  63
3 28  80
3 29  -53
3 31  36
3 32  30
3 34  63
3 35  18
3 55  -34
3 56  5
3 57  -94
4 7  -38
4 8  76
4 9  -21
4 29  -34
4 30  80
4 32  5
4 33  36
4 35  -94
4 36  63
5 50  -38
5 52  76
5 54  -21
6 7  36
6 8  63
7 28  30
7 31  18
7 55  36
7 56  63
12 28  -16
12 31  93
12 34  -40
12 55  -1
12 56  -90
12 57  -29
13 28  -53
13 31  30
13 34  18
13 55  80
13 56  36
13 57  63
14 46  -34
14 47  5
14 48  -94
14 58  -82
14 59  11
14 60  -22
14 61  54
14 62  66
14 63  -29
15 49  -82
15 51  54
15 53  -98
15 58  -37
15 59  -38
15 60  60
15 61  -66
15 62  76
15 63  -88
16 49  -37
16 50  -82
16 51  -66
16 52  54
16 53  -35
16 54  -98
17 50  -37
17 52  -66
17 54  -35
18 46  -37
18 47  -66
18 48  -35
20 59  -82
20 60  11
20 62  54
20 63  66
21 0  48
21 2  -40
21 59  -37
21 60  -38
21 62  -66
21 63  76
22 0  83
22 1  48
22 2  18
22 3  -40
23 1  83
23 3  18
25 22  -16
25 24  93
25 26  -40
25 37  -53
25 40  30
25 43  18
26 10  -53
26 11  -16
26 14  30
26 15  93
26 18  18
26 19  -40
26 60  -82
26 63  54
27 0  68
27 2  -29
27 11  -53
27 15  30
27 19  18
27 60  -37
27 63  -66
28 4  66
28 5  68
28 13  -88
28 17  83
28 22  36
28 23  -90
28 24  63
28 25  -29
28 39  30
28 42  18
29 1  -21
29 3  63
30 4  76
30 5  -21
30 7  66
30 8  68
30 23  36
30 25  63
30 29  -35
30 30  -90
30 32  -41
30 33  -29
31 4  36
31 5  63
31 7  -90
31 8  -29
36 28  -61
36 29  39
36 31  -17
36 32  -18
36 34  -11
36 35  99
36 55  81
36 56  10
36 57  -3
37 28  -70
37 29  -89
37 31  41
37 32  -58
37 34  -27
37 35  11
37 55  -54
37 56  41
37 57  -65
38 2  -85
38 4  39
38 5  -18
38 6  99
39 2  -70
39 3  -85
39 4  -89
39 5  -58
39 6  11
39 7  39
39 8  -18
39 9  99
40 3  -70
40 7  -89
40 8  -58
40 9  11
41 4  21
41 5  -63
41 6  -85
41 22  -89
41 23  39
41 24  -58
41 25  -18
41 26  11
41 27  99
42 4  -80
42 5  40
42 6  -70
42 7  21
42 8  -63
42 9  -85
42 23  -89
42 25  -58
42 27  11
42 28  81
42 29  -61
42 30  39
42 31  10
42 32  -17
42 33  -18
42 34  -3
42 35  -11
42 36  99
43 7  -80
43 8  40
43 9  -70
43 28  -54
43 29  -70
43 30  -89
43 31  41
43 32  41
43 33  -58
43 34  -65
43 35  -27
43 36  11
44 2  -66
44 4  -61
44 5  -17
44 6  -11
44 11  -80
44 13  -89
44 15  40
44 17  -58
44 19  -70
44 21  11
45 2  -89
45 3  -66
45 4  -70
45 5  41
45 6  -27
45 7  -61
45 8  -17
45 9  -11
46 3  -89
46 7  -70
46 8  41
46 9  -27
47 4  67
47 5  -82
47 6  -66
47 13  -80
47 17  40
47 21  -70
47 22  -70
47 23  -61
47 24  41
47 25  -17
47 26  -27
47 27  -11
47 39  -89
47 42  -58
47 45  11
48 4  40
48 5  56
48 6  -89
48 7  67
48 8  -82
48 9  -66
48 23  -70
48 25  41
48 27  -27
48 29  81
48 30  -61
48 32  10
48 33  -17
48 35  -3
48 36  -11
49 7  40
49 8  56
49 9  -89
49 29  -54
49 30  -70
49 32  41
49 33  41
49 35  -65
49 36  -27
50 46  41
50 47  -27
50 58  -82
50 59  -63
50 61  -66
50 62  -85
51 49  -82
51 51  -66
51 58  56
51 59  40
51 61  -89
51 62  -70
52 49  56
52 50  -82
52 51  -89
52 52  -66
53 50  56
53 52  -89
54 46  56
54 47  -89
60 28  -18
60 31  99
60 55  -17
60 56  -11
61 28  -58
61 31  11
61 55  41
61 56  -27
62 46  41
62 47  -65
62 58  -90
62 59  -82
62 60  -63
62 61  -87
62 62  -66
62 63  -85
63 49  -90
63 51  -87
63 58  -40
63 59  56
63 60  40
63 61  -63
63 62  -89
63 63  -70
