size: 228
Tuples
0 20  80
0 26  80
0 54  -94
0 55  -86
0 56  -43
0 58  56
0 59  -11
0 60  -89
1 9  -37
1 15  -82
1 21  54
1 27  -98
1 31  -34
1 34  -28
1 37  -35
1 40  -41
2 16  -82
2 17  -28
2 18  11
2 19  -1
2 20  -22
2 21  -16
2 22  54
2 23  -35
2 24  66
2 25  -90
2 26  -29
2 27  93
3 17  -82
3 19  11
3 21  -22
3 23  54
3 25  66
3 27  -29
3 35  -28
3 36  -1
3 37  -16
3 38  -35
3 39  -90
3 40  93
4 21  -82
4 27  54
4 37  -28
4 40  -35
5 16  -1
5 18  -16
5 22  -90
5 24  93
5 53  -22
5 57  -29
6 5  -37
6 9  -34
6 14  -82
6 15  -28
6 20  54
6 21  -35
6 26  -98
6 27  -41
6 48  -38
6 52  11
6 56  66
6 60  68
7 11  11
7 13  -22
7 17  66
7 19  -29
7 23  68
7 25  48
7 32  -1
7 33  -16
7 35  -90
7 36  93
7 38  -29
7 39  -40
9 16  11
9 17  -1
9 18  -22
9 19  -16
9 22  66
9 23  -90
9 24  -29
9 25  93
13 17  11
13 19  -22
13 23  66
13 25  -29
13 35  -1
13 36  -16
13 38  -90
13 39  93
17 16  -28
17 18  -1
17 20  -16
17 22  -35
17 24  -90
17 26  93
17 53  11
17 54  -22
17 57  66
17 58  -29
23 18  -28
23 20  -1
23 24  -35
23 26  -90
23 53  -82
23 54  11
23 55  -22
23 56  -16
23 57  54
23 58  66
23 59  -29
23 60  93
28 7  -37
28 8  -82
28 29  -34
28 30  -28
28 62  -38
28 63  11
29 20  -28
29 26  -35
29 54  -82
29 55  11
29 56  -1
29 58  54
29 59  66
29 60  -90
30 8  -37
30 9  -82
30 30  -34
30 31  -28
30 63  -38
31 3  -37
31 5  -82
31 8  -34
31 9  -28
31 46  -38
31 48  11
31 63  80
34 16  -27
34 17  81
34 18  67
34 19  -61
34 20  21
34 21  39
34 22  -90
34 23  10
34 24  -82
34 25  -17
34 26  -63
34 27  -18
37 17  -27
37 19  67
37 21  21
37 23  -90
37 25  -82
37 27  -63
37 35  81
37 36  -61
37 37  39
37 38  10
37 39  -17
37 40  -18
40 18  -27
40 19  81
40 20  67
40 21  -61
40 24  -90
40 25  10
40 26  -82
40 27  -17
40 56  21
40 60  -63
43 19  -27
43 21  67
43 25  -90
43 27  -82
43 36  81
43 37  -61
43 39  10
43 40  -17
46 20  -27
46 21  81
46 26  -90
46 27  10
46 56  67
46 60  -82
49 21  -27
49 27  -90
49 37  81
49 40  10
53 10  -61
53 12  39
53 16  -17
53 18  -18
53 22  -11
53 24  99
53 49  21
53 53  -63
53 57  -85
57 10  67
57 11  -61
57 12  21
57 13  39
57 16  -82
57 17  -17
57 18  -63
57 19  -18
57 22  -66
57 23  -11
57 24  -85
57 25  99
61 11  67
61 13  21
61 17  -82
61 19  -63
61 23  -66
61 25  -85
61 32  -61
61 33  39
61 35  -17
61 36  -18
61 38  -11
61 39  99
62 0  -89
62 1  39
63 1  -89
63 2  21
63 3  39
