size: 227
Tuples
0 16  -45
0 18  51
0 20  52
0 22  49
0 24  14
0 26  -10
1 4  -88
1 6  30
1 8  83
1 10  18
4 4  60
4 6  -53
4 8  -88
4 10  30
4 12  83
4 14  18
6 4  30
6 8  18
6 18  -88
6 22  83
8 58  -37
8 60  -66
14 0  -98
14 1  68
14 2  48
14 43  -37
14 44  -38
14 49  -66
14 50  76
15 0  -35
15 1  -21
15 2  83
20 1  -98
20 2  68
20 44  -37
20 50  -66
21 1  -35
21 2  -21
26 2  -98
27 2  -35
27 15  -22
27 17  -16
27 19  -29
27 21  93
27 23  48
27 25  -40
28 3  -29
28 5  93
28 7  48
28 9  -40
29 16  60
29 18  -53
29 20  -88
29 22  30
29 24  83
29 26  18
30 3  -88
30 4  -29
30 5  30
30 6  93
30 7  83
30 8  48
30 9  18
30 10  -40
31 3  30
31 4  93
31 7  18
31 8  -40
31 17  -88
31 18  -29
31 21  83
31 22  48
44 3  39
44 7  -18
44 11  99
44 17  21
44 21  -63
44 25  -85
45 3  -89
45 4  39
45 7  -58
45 8  -18
45 11  11
45 12  99
45 17  -80
45 18  21
45 21  40
45 22  -63
45 25  -70
45 26  -85
46 4  -89
46 8  -58
46 12  11
46 18  -80
46 22  40
46 26  -70
47 3  21
47 5  39
47 7  -63
47 9  -18
47 11  -85
47 13  99
48 3  -80
48 4  21
48 5  -89
48 6  39
48 7  40
48 8  -63
48 9  -58
48 10  -18
48 11  -70
48 12  -85
48 13  11
48 14  99
49 4  -80
49 6  -89
49 8  40
49 10  -58
49 12  -70
49 14  11
50 27  62
50 28  -27
50 29  -54
50 30  81
50 31  40
50 32  67
50 33  -70
50 34  -61
50 35  -80
50 36  21
50 37  -89
50 38  39
50 39  -40
50 40  -90
50 41  41
50 42  10
50 43  56
50 44  40
50 45  -63
50 46  -87
50 47  -65
50 48  -3
50 49  -89
50 50  -70
51 28  62
51 30  -54
51 32  40
51 34  -70
51 36  -80
51 38  -89
51 40  -40
51 42  41
51 46  -63
51 48  -65
51 51  -27
51 52  81
51 53  67
51 54  -61
51 55  21
51 56  39
51 57  -90
51 58  10
51 59  -87
51 60  -3
52 51  62
52 52  -54
52 53  40
52 54  -70
52 55  -80
52 56  -89
52 57  -40
52 58  41
52 59  -63
52 60  -65
52 61  -27
52 62  81
52 63  67
53 61  62
53 62  -54
53 63  40
54 29  62
54 30  -27
54 33  40
54 34  67
54 37  -80
54 38  21
54 41  -40
54 42  -90
54 47  -63
54 48  -87
55 30  62
55 34  40
55 38  -80
55 42  -40
55 48  -63
55 52  -27
55 54  67
55 56  21
55 58  -90
55 60  -87
56 52  62
56 54  40
56 56  -80
56 58  -40
56 60  -63
56 62  -27
57 62  62
62 31  62
62 32  -27
62 33  -54
62 34  81
62 35  40
62 36  67
62 37  -70
62 38  -61
62 43  -40
62 44  56
62 49  -63
62 50  -89
63 32  62
63 34  -54
63 36  40
63 38  -70
63 53  -27
63 54  81
63 55  67
63 56  -61
