size: 280
Tuples
30 0  -53
30 1  -16
31 1  -53
31 2  -22
31 3  -16
32 2  60
32 3  -53
32 4  -22
32 5  -16
34 0  60
34 1  -22
34 6  -53
34 7  -16
35 1  60
35 3  -22
35 7  -53
35 8  -16
36 3  60
36 5  -22
36 8  -53
36 9  -16
37 5  60
37 9  -53
37 10  -82
37 11  -28
37 12  11
37 13  -1
37 14  -22
37 15  -16
37 16  54
37 17  -35
37 18  66
37 19  -90
37 20  -29
37 21  93
37 22  -98
37 23  -41
37 24  68
37 25  -29
37 26  48
37 27  -40
38 6  60
38 7  -22
38 28  -53
38 29  -16
39 7  60
39 8  -22
39 29  -53
39 30  -16
40 8  60
40 9  -22
40 30  -53
40 31  -16
41 9  60
41 11  -82
41 13  11
41 15  -22
41 17  54
41 19  66
41 21  -29
41 23  -98
41 25  68
41 27  48
41 31  -53
41 32  -28
41 33  -1
41 34  -16
41 35  -35
41 36  -90
41 37  93
41 38  -41
41 39  -29
41 40  -40
42 0  80
42 1  -1
42 41  60
42 42  -22
42 43  -53
42 44  -16
43 1  80
43 2  11
43 3  -1
43 42  60
43 44  -53
43 45  -22
43 46  -16
44 2  -38
44 3  80
44 4  11
44 5  -1
44 45  60
44 46  -53
44 47  -22
44 48  -16
45 4  -38
45 5  80
45 12  -28
45 14  -1
45 18  -35
45 20  -90
45 24  -41
45 26  -29
45 47  60
45 48  -53
45 49  -82
45 50  11
45 51  -22
45 52  -16
45 53  54
45 54  66
45 55  -29
45 56  93
45 57  -98
45 58  68
45 59  48
45 60  -40
46 0  -38
46 1  11
46 6  80
46 7  -1
46 43  60
46 44  -22
46 61  -53
46 62  -16
47 1  -38
47 3  11
47 7  80
47 8  -1
47 44  60
47 46  -22
47 62  -53
47 63  -16
48 3  -38
48 5  11
48 8  80
48 9  -1
48 46  60
48 48  -22
48 63  -53
49 5  -38
49 9  80
49 12  -82
49 13  -28
49 14  11
49 15  -1
49 18  54
49 19  -35
49 20  66
49 21  -90
49 24  -98
49 25  -41
49 26  68
49 27  -29
49 48  60
49 52  -22
49 56  -29
49 60  48
50 6  -38
50 7  11
50 28  80
50 29  -1
50 61  60
50 62  -22
51 7  -38
51 8  11
51 29  80
51 30  -1
51 62  60
51 63  -22
52 8  -38
52 9  11
52 30  80
52 31  -1
52 63  60
53 9  -38
53 13  -82
53 15  11
53 19  54
53 21  66
53 25  -98
53 27  68
53 31  80
53 33  -28
53 34  -1
53 36  -35
53 37  -90
53 39  -41
53 40  -29
54 0  -34
54 1  -28
54 41  -38
54 42  11
54 43  80
54 44  -1
55 1  -34
55 2  -82
55 3  -28
55 42  -38
55 44  80
55 45  11
55 46  -1
56 2  -37
56 3  -34
56 4  -82
56 5  -28
56 45  -38
56 46  80
56 47  11
56 48  -1
57 4  -37
57 5  -34
57 14  -28
57 20  -35
57 26  -41
57 47  -38
57 48  80
57 50  -82
57 51  11
57 52  -1
57 54  54
57 55  66
57 56  -90
57 58  -98
57 59  68
57 60  -29
58 0  -37
58 1  -82
58 6  -34
58 7  -28
58 43  -38
58 44  11
58 61  80
58 62  -1
59 1  -37
59 3  -82
59 7  -34
59 8  -28
59 44  -38
59 46  11
59 62  80
59 63  -1
60 10  -1
60 12  -16
60 16  -90
60 18  93
60 22  -29
60 24  -40
60 49  -22
60 53  -29
60 57  48
61 10  11
61 11  -1
61 12  -22
61 13  -16
61 16  66
61 17  -90
61 18  -29
61 19  93
61 22  68
61 23  -29
61 24  48
61 25  -40
62 19  -82
62 21  11
62 25  54
62 27  66
62 36  -28
62 37  -1
62 39  -35
62 40  -90
63 18  -82
63 19  -28
63 20  11
63 21  -1
63 24  54
63 25  -35
63 26  66
63 27  -90
63 56  -22
63 60  -29
