size: 65
Tuples
30 24  -63
30 26  88
31 24  88
31 25  -63
32 25  88
34 22  -28
34 23  40
34 27  -47
34 28  -38
34 29  21
34 30  86
35 11  86
35 28  -47
35 30  21
35 31  -38
36 2  -38
36 4  86
36 11  21
36 31  -47
37 2  -47
37 3  -38
37 4  21
37 5  86
37 6  -11
37 7  41
38 15  21
38 16  86
38 29  -47
38 30  -38
39 11  -38
39 12  86
39 16  21
39 30  -47
40 4  -38
40 11  -47
40 12  21
40 13  86
41 4  -47
41 5  -38
41 13  21
41 14  86
42 15  -47
42 16  -38
42 17  21
42 18  86
43 12  -38
43 16  -47
43 18  21
43 19  86
44 12  -47
44 13  -38
44 19  21
44 20  86
45 9  32
45 10  -51
45 13  -47
45 14  -38
45 20  21
45 21  86
46 22  -47
46 23  -28
49 6  -38
49 7  -11
52 23  -47
55 7  -38
