size: 331
Tuples
0 4  54
0 5  72
0 7  -64
0 8  34
0 23  -19
0 25  -82
0 29  -62
0 30  -75
0 32  58
0 33  -94
1 7  54
1 8  72
1 29  19
1 30  -19
1 32  82
1 33  -82
2 46  33
2 47  -19
2 48  -82
2 58  -84
2 59  11
2 61  -64
2 62  67
3 49  -84
3 51  -64
3 53  34
3 58  13
3 59  -37
3 61  54
3 62  89
4 49  13
4 50  -84
4 51  54
4 52  -64
4 53  72
4 54  34
5 50  13
5 52  54
5 54  72
6 46  13
6 47  54
6 48  72
12 28  11
12 31  84
12 34  81
12 55  -83
12 56  -75
12 57  -94
13 28  9
13 31  50
13 34  84
13 55  33
13 56  -19
13 57  -82
14 46  99
14 47  19
14 48  82
14 58  -92
14 59  -84
14 60  11
14 61  -77
14 62  -64
14 63  67
15 49  -92
15 51  -77
15 53  37
15 58  94
15 59  13
15 60  -37
15 61  23
15 62  54
15 63  89
16 49  94
16 50  -92
16 51  23
16 52  -77
16 53  8
16 54  37
17 50  94
17 52  23
17 54  8
18 46  94
18 47  23
18 48  8
20 59  -92
20 60  -84
20 62  -77
20 63  -64
21 0  30
21 2  81
21 59  94
21 60  13
21 62  23
21 63  54
22 0  -24
22 1  30
22 2  84
22 3  81
23 1  -24
23 3  84
25 22  11
25 24  84
25 26  81
25 37  9
25 40  50
25 43  84
26 10  9
26 11  11
26 14  50
26 15  84
26 18  84
26 19  81
26 60  -92
26 63  -77
27 0  34
27 2  -94
27 11  9
27 15  50
27 19  84
27 60  94
27 63  23
28 0  72
28 1  34
28 2  -82
28 3  -94
29 1  72
29 3  -82
30 10  -37
30 11  11
30 12  9
30 13  11
30 14  89
30 15  67
30 16  50
30 17  84
30 18  -24
30 19  30
30 20  84
30 21  81
31 12  -37
31 13  11
31 16  89
31 17  67
31 20  -24
31 21  30
31 22  -83
31 24  -75
31 26  -94
31 37  33
31 38  9
31 39  11
31 40  -19
31 41  50
31 42  84
31 43  -82
31 44  84
31 45  81
36 28  49
36 29  -63
36 31  -73
36 32  -68
36 34  -26
36 35  -44
36 55  32
36 56  -51
36 57  86
37 28  32
37 29  88
37 31  19
37 32  71
37 34  35
37 35  -24
37 55  -19
37 56  -37
37 57  21
38 2  41
38 4  -63
38 5  -68
38 6  -44
39 2  40
39 3  41
39 4  88
39 5  71
39 6  -24
39 7  -63
39 8  -68
39 9  -44
40 3  40
40 7  88
40 8  71
40 9  -24
41 4  -20
41 6  41
41 22  88
41 23  -63
41 24  71
41 25  -68
41 26  -24
41 27  -44
42 4  -72
42 5  -59
42 6  40
42 7  -20
42 9  41
42 23  88
42 25  71
42 27  -24
42 28  32
42 29  49
42 30  -63
42 31  -51
42 32  -73
42 33  -68
42 34  86
42 35  -26
42 36  -44
43 7  -72
43 8  -59
43 9  40
43 28  -19
43 29  32
43 30  88
43 31  -37
43 32  19
43 33  71
43 34  21
43 35  35
43 36  -24
44 2  -11
44 4  49
44 5  -73
44 6  -26
44 11  -72
44 13  88
44 15  -59
44 17  71
44 19  40
44 21  -24
45 2  -28
45 3  -11
45 4  32
45 5  19
45 6  35
45 7  49
45 8  -73
45 9  -26
46 3  -28
46 7  32
46 8  19
46 9  35
47 4  -52
47 5  9
47 6  -11
47 13  -72
47 17  -59
47 21  40
47 22  32
47 23  49
47 24  19
47 25  -73
47 26  35
47 27  -26
47 39  88
47 42  71
47 45  -24
48 4  -56
48 5  -12
48 6  -28
48 7  -52
48 8  9
48 9  -11
48 23  32
48 25  19
48 27  35
48 29  32
48 30  49
48 32  -51
48 33  -73
48 35  86
48 36  -26
49 7  -56
49 8  -12
49 9  -28
49 29  -19
49 30  32
49 32  -37
49 33  19
49 35  21
49 36  35
50 46  19
50 47  35
50 58  9
50 61  -11
50 62  41
51 49  9
51 51  -11
51 58  -12
51 59  -59
51 61  -28
51 62  40
52 49  -12
52 50  9
52 51  -28
52 52  -11
53 50  -12
53 52  -28
54 46  -12
54 47  -28
60 28  -68
60 31  -44
60 55  -73
60 56  -26
61 28  71
61 31  -24
61 55  19
61 56  35
62 46  -37
62 47  21
62 58  -95
62 59  9
62 61  -38
62 62  -11
62 63  41
63 49  -95
63 51  -38
63 58  -49
63 59  -12
63 60  -59
63 61  -47
63 62  -28
63 63  40
