size: 316
Tuples
3 1  19
3 4  -19
3 7  50
3 10  82
3 13  -82
3 16  84
3 17  97
3 18  -83
3 19  11
3 20  -62
3 21  -75
3 22  84
3 23  58
3 24  -94
3 25  81
4 17  99
4 18  33
4 19  9
4 20  19
4 21  -19
4 22  50
4 23  82
4 24  -82
4 25  84
6 29  -37
6 31  9
6 35  89
6 37  50
6 41  -24
6 43  84
6 50  11
6 58  67
7 50  -37
7 51  11
7 58  89
7 59  67
8 51  -37
8 59  89
9 4  19
9 7  -19
9 13  82
9 16  -82
9 18  97
9 19  -83
9 21  -62
9 22  -75
9 24  58
9 25  -94
9 31  -37
9 37  89
9 43  -24
10 18  99
10 19  33
10 21  19
10 22  -19
10 24  82
10 25  -82
12 29  13
12 31  33
12 35  54
12 37  -19
12 41  72
12 43  -82
12 50  -84
12 58  -64
13 50  13
13 51  -84
13 58  54
13 59  -64
14 51  13
14 59  54
15 7  19
15 16  82
15 19  97
15 22  -62
15 25  58
15 31  13
15 37  54
15 43  72
16 19  99
16 22  19
16 25  82
18 26  50
18 32  84
19 44  67
19 52  30
20 44  89
20 45  67
20 52  -24
20 53  30
21 45  89
21 53  -24
22 2  84
22 26  89
22 32  -24
26 0  -82
26 1  -94
26 2  -24
26 3  84
26 4  81
27 1  -82
27 4  84
27 17  -75
27 18  84
27 20  -94
27 21  81
28 17  -19
28 18  50
28 20  -82
28 21  84
30 26  -19
30 27  50
30 32  -82
30 33  84
31 44  -64
31 46  67
31 52  34
31 54  30
32 44  54
32 45  -64
32 46  89
32 47  67
32 52  72
32 53  34
32 54  -24
32 55  30
33 45  54
33 47  89
33 53  72
33 55  -24
34 2  -82
34 5  84
34 26  54
34 27  89
34 32  72
34 33  -24
38 0  82
38 1  58
38 2  72
38 3  -82
38 4  -94
38 5  -24
38 6  84
38 7  81
39 1  82
39 4  -82
39 7  84
39 17  -62
39 18  -75
39 19  84
39 20  58
39 21  -94
39 22  81
40 17  19
40 18  -19
40 19  50
40 20  82
40 21  -82
40 22  84
42 26  19
42 27  -19
42 28  50
42 29  84
42 32  82
42 33  -82
42 34  84
42 35  81
43 29  50
43 35  84
43 44  -77
43 46  -64
43 48  67
43 50  84
43 52  37
43 54  34
43 56  30
43 58  81
44 44  23
44 45  -77
44 46  54
44 47  -64
44 48  89
44 49  67
44 50  50
44 51  84
44 52  8
44 53  37
44 54  72
44 55  34
44 56  -24
44 57  30
44 58  84
44 59  81
45 45  23
45 47  54
45 49  89
45 51  50
45 53  8
45 55  72
45 57  -24
45 59  84
46 2  82
46 5  -82
46 26  23
46 27  54
46 28  89
46 29  67
46 30  50
46 31  84
46 32  8
46 33  72
46 34  -24
46 35  30
46 36  84
46 37  81
47 29  89
47 31  50
47 35  -24
47 37  84
47 50  67
47 58  30
48 50  89
48 51  67
48 58  -24
48 59  30
49 51  89
49 59  -24
50 2  8
50 3  82
50 4  58
50 5  72
50 6  -82
50 7  -94
50 30  89
50 31  67
50 36  -24
50 37  30
51 4  82
51 7  -82
51 18  -62
51 19  -75
51 21  58
51 22  -94
51 31  89
51 37  -24
52 18  19
52 19  -19
52 21  82
52 22  -82
54 27  19
54 28  -19
54 29  -75
54 33  82
54 34  -82
54 35  -94
55 29  -19
55 35  -82
55 46  -77
55 48  -64
55 50  -75
55 54  37
55 56  34
55 58  -94
56 46  23
56 47  -77
56 48  54
56 49  -64
56 50  -19
56 51  -75
56 54  8
56 55  37
56 56  72
56 57  34
56 58  -82
56 59  -94
57 47  23
57 49  54
57 51  -19
57 55  8
57 57  72
57 59  -82
58 5  82
58 27  23
58 28  54
58 29  -64
58 30  -19
58 31  -75
58 33  8
58 34  72
58 35  34
58 36  -82
58 37  -94
59 29  54
59 31  -19
59 35  72
59 37  -82
59 50  -64
59 58  34
60 50  54
60 51  -64
60 58  72
60 59  34
61 51  54
61 59  72
62 5  8
62 6  82
62 7  58
62 30  54
62 31  -64
62 36  72
62 37  34
63 7  82
63 19  -62
63 22  58
63 31  54
63 37  72
