size: 286
Tuples
4 28  -43
4 29  -74
4 31  -89
4 32  -21
4 34  53
4 35  -1
4 55  80
4 56  80
4 57  -21
5 28  4
5 29  51
5 31  6
5 32  49
5 34  -63
5 35  -10
5 55  -46
5 56  -97
5 57  41
6 4  -74
6 5  -21
6 6  -1
7 2  14
7 4  51
7 5  49
7 6  -10
7 7  -74
7 8  -21
7 9  -1
8 3  14
8 7  51
8 8  49
8 9  -10
9 4  34
9 5  -90
9 22  51
9 23  -74
9 24  49
9 25  -21
9 26  -10
9 27  -1
10 4  -45
10 5  52
10 6  14
10 7  34
10 8  -90
10 23  51
10 25  49
10 27  -10
10 28  80
10 29  -43
10 30  -74
10 31  80
10 32  -89
10 33  -21
10 34  -21
10 35  53
10 36  -1
11 7  -45
11 8  52
11 9  14
11 28  -46
11 29  4
11 30  51
11 31  -97
11 32  6
11 33  49
11 34  41
11 35  -63
11 36  -10
12 2  87
12 4  -43
12 5  -89
12 6  53
12 11  -45
12 13  51
12 15  52
12 17  49
12 19  14
12 21  -10
13 2  73
13 3  87
13 4  4
13 5  6
13 6  -63
13 7  -43
13 8  -89
13 9  53
14 3  73
14 7  4
14 8  6
14 9  -63
15 4  -86
15 5  -11
15 6  87
15 13  -45
15 17  52
15 21  14
15 22  4
15 23  -43
15 24  6
15 25  -89
15 26  -63
15 27  53
15 39  51
15 42  49
15 45  -10
16 4  -35
16 5  -80
16 6  73
16 7  -86
16 8  -11
16 9  87
16 23  4
16 25  6
16 27  -63
16 29  80
16 30  -43
16 32  80
16 33  -89
16 35  -21
16 36  53
17 7  -35
17 8  -80
17 9  73
17 29  -46
17 30  4
17 32  -97
17 33  6
17 35  41
17 36  -63
18 46  6
18 47  -63
18 58  -11
18 59  -90
18 61  87
19 49  -11
19 51  87
19 58  -80
19 59  52
19 61  73
19 62  14
20 49  -80
20 50  -11
20 51  73
20 52  87
21 50  -80
21 52  73
22 46  -80
22 47  73
28 28  -21
28 31  -1
28 55  -89
28 56  53
29 28  49
29 31  -10
29 55  6
29 56  -63
30 46  -97
30 47  41
30 58  56
30 59  -11
30 60  -90
30 61  68
30 62  87
31 49  56
31 51  68
31 58  -38
31 59  -80
31 60  52
31 61  -1
31 62  73
31 63  14
32 49  -38
32 50  56
32 51  -1
32 52  68
33 50  -38
33 52  -1
34 46  -38
34 47  -1
40 28  -89
40 29  -21
40 31  53
40 32  -1
40 55  80
40 56  -21
41 28  6
41 29  49
41 31  -63
41 32  -10
41 55  -97
41 56  41
42 59  56
42 60  -11
42 62  68
42 63  87
43 59  -38
43 60  -80
43 62  -1
43 63  73
47 4  -21
47 5  -1
48 4  49
48 5  -10
48 7  -21
48 8  -1
49 7  49
49 8  -10
50 22  -21
50 24  -1
50 37  49
50 40  -10
51 4  -90
51 22  49
51 23  -21
51 24  -10
51 25  -1
52 4  52
52 5  14
52 7  -90
52 23  49
52 25  -10
52 28  80
52 29  -89
52 30  -21
52 31  -21
52 32  53
52 33  -1
53 7  52
53 8  14
53 28  -97
53 29  6
53 30  49
53 31  41
53 32  -63
53 33  -10
54 10  49
54 11  -21
54 14  -10
54 15  -1
54 60  56
54 63  68
55 11  49
55 15  -10
55 60  -38
55 63  -1
58 10  52
58 11  -90
58 12  49
58 13  -21
58 14  14
58 16  -10
58 17  -1
59 4  -89
59 5  53
59 11  52
59 13  49
59 15  14
59 17  -10
60 4  6
60 5  -63
60 7  -89
60 8  53
61 7  6
61 8  -63
62 12  52
62 13  -90
62 16  14
62 22  -89
62 24  53
62 37  6
62 38  49
62 39  -21
62 40  -63
62 41  -10
62 42  -1
63 4  -11
63 5  87
63 13  52
63 17  14
63 22  6
63 23  -89
63 24  -63
63 25  53
63 39  49
63 42  -10
