size: 67
Tuples
30 24  39
30 26  -89
31 24  -89
31 25  39
32 25  -89
34 22  -89
34 23  -70
34 27  -63
34 28  -87
34 29  -65
34 30  -3
35 11  -3
35 28  -63
35 30  -65
35 31  -87
36 2  -87
36 4  -3
36 11  -65
36 31  -63
37 2  -63
37 3  -87
37 4  -65
37 5  -3
37 6  -66
37 7  -85
38 15  -65
38 16  -3
38 29  -63
38 30  -87
39 11  -87
39 12  -3
39 16  -65
39 30  -63
40 4  -87
40 11  -63
40 12  -65
40 13  -3
41 4  -63
41 5  -87
41 13  -65
41 14  -3
42 15  -63
42 16  -87
42 17  -65
42 18  -3
43 12  -87
43 16  -63
43 18  -65
43 19  -3
44 12  -63
44 13  -87
44 19  -65
44 20  -3
45 9  81
45 10  10
45 13  -63
45 14  -87
45 20  -65
45 21  -3
46 22  -63
46 23  -89
49 6  -87
49 7  -66
51 24  -16
51 26  -53
52 23  -63
55 7  -87
