size: 137
Tuples
0 3  52
0 4  -90
0 5  49
0 6  -21
0 7  14
0 9  -10
0 10  -1
1 4  52
1 6  49
1 8  14
1 10  -10
2 0  87
2 39  -72
2 40  -94
2 41  -46
2 42  80
2 43  -35
2 44  -45
2 45  -38
2 46  56
2 47  -97
2 48  80
2 49  -80
2 50  52
3 0  73
3 1  14
3 40  -72
3 42  -46
3 46  -38
3 48  -97
3 57  -94
3 58  80
3 59  56
3 60  80
4 57  -72
4 58  -46
4 59  -38
4 60  -97
6 41  -72
6 42  -94
6 47  -38
6 48  56
7 42  -72
7 48  -38
7 58  -94
7 60  56
8 58  -72
8 60  -38
14 0  68
14 1  87
14 43  -72
14 44  -35
14 49  -38
14 50  -80
15 3  -22
15 5  -16
15 7  -29
15 9  93
15 11  48
15 13  -40
16 3  -53
16 4  -16
16 7  30
16 8  93
16 11  18
16 12  -40
16 17  60
16 18  -22
16 21  -88
16 22  -29
16 25  83
16 26  48
18 3  -16
18 7  93
18 11  -40
18 17  -22
18 21  -29
18 25  48
19 0  68
19 1  48
19 39  -37
19 40  -82
19 41  -34
19 42  -28
19 43  -38
19 44  60
19 45  -66
19 46  54
19 47  5
19 48  -35
19 49  76
19 50  -88
20 1  68
20 2  87
20 44  -72
20 50  -38
21 63  -37
22 0  -21
22 1  83
22 40  -37
22 42  -34
22 46  -66
22 48  5
22 57  -82
22 58  -28
22 59  54
22 60  -35
24 4  -53
24 8  30
24 12  18
24 18  60
24 22  -88
24 26  83
25 42  -37
25 48  -66
25 58  -82
25 60  54
26 41  -37
26 42  -82
26 47  -66
26 48  54
28 57  -37
28 58  -34
28 59  -66
28 60  5
30 15  60
30 16  -22
30 17  -53
30 18  -16
30 19  -88
30 20  -29
30 21  30
30 22  93
30 23  83
30 24  48
30 25  18
30 26  -40
