size: 455
Tuples
0 44  -12
0 45  9
0 46  -59
0 52  -28
0 53  -11
0 54  40
0 55  41
1 45  -12
1 47  -59
1 53  -28
1 55  40
2 2  35
2 5  -24
2 26  -12
2 27  -59
2 32  -28
2 33  40
6 0  21
6 1  86
6 2  -28
6 3  35
6 4  -26
6 5  40
6 6  -24
6 7  -44
7 1  21
7 4  35
7 7  -24
7 17  -51
7 18  -73
7 19  -68
7 20  86
7 21  -26
7 22  -44
8 17  -37
8 18  19
8 19  71
8 20  21
8 21  35
8 22  -24
10 26  -37
10 27  19
10 28  71
10 29  -68
10 32  21
10 33  35
10 34  -24
10 35  -44
11 29  71
11 35  -24
11 44  -95
11 46  9
11 50  -68
11 52  -38
11 54  -11
11 56  41
11 58  -44
12 44  -49
12 45  -95
12 46  -12
12 47  9
12 48  -59
12 50  71
12 51  -68
12 52  -47
12 53  -38
12 54  -28
12 55  -11
12 56  40
12 57  41
12 58  -24
12 59  -44
13 45  -49
13 47  -12
13 49  -59
13 51  71
13 53  -47
13 55  -28
13 57  40
13 59  -24
14 2  21
14 5  35
14 26  -49
14 27  -12
14 28  -59
14 30  71
14 31  -68
14 32  -47
14 33  -28
14 34  40
14 35  41
14 36  -24
14 37  -44
15 29  -59
15 31  71
15 35  40
15 37  -24
15 58  41
16 50  -59
16 58  40
16 59  41
17 51  -59
17 59  40
18 2  -47
18 3  21
18 4  86
18 5  -28
18 6  35
18 7  -26
18 30  -59
18 36  40
18 37  41
19 4  21
19 7  35
19 18  -51
19 19  -73
19 21  86
19 22  -26
19 31  -59
19 37  40
20 18  -37
20 19  19
20 21  21
20 22  35
22 27  -37
22 28  19
22 29  -73
22 33  21
22 34  35
22 35  -26
23 29  19
23 35  35
23 46  -95
23 48  9
23 50  -73
23 54  -38
23 56  -11
23 58  -26
24 46  -49
24 47  -95
24 48  -12
24 49  9
24 50  19
24 51  -73
24 54  -47
24 55  -38
24 56  -28
24 57  -11
24 58  35
24 59  -26
25 47  -49
25 49  -12
25 51  19
25 55  -47
25 57  -28
25 59  35
26 5  21
26 27  -49
26 28  -12
26 29  9
26 30  19
26 31  -73
26 33  -47
26 34  -28
26 35  -11
26 36  35
26 37  -26
27 29  -12
27 31  19
27 35  -28
27 37  35
27 50  9
27 58  -11
28 50  -12
28 51  9
28 58  -28
28 59  -11
29 51  -12
29 59  -28
30 5  -47
30 6  21
30 7  86
30 30  -12
30 31  9
30 36  -28
30 37  -11
31 7  21
31 19  -51
31 22  86
31 31  -12
31 37  -28
32 19  -37
32 22  21
34 26  88
34 32  71
34 38  -24
35 44  -20
35 60  41
36 44  -72
36 45  -20
36 52  -59
36 60  40
36 61  41
37 45  -72
37 53  -59
37 61  40
38 2  71
38 8  35
38 11  -24
38 26  -72
38 32  -59
38 38  40
42 0  19
42 1  -73
42 2  -59
42 3  71
42 4  -68
42 8  -28
42 9  35
42 10  -26
42 11  40
42 12  -24
42 13  -44
43 1  19
43 4  71
43 10  35
43 13  -24
43 17  49
43 18  -63
43 20  -73
43 21  -68
43 23  -26
43 24  -44
44 17  32
44 18  88
44 20  19
44 21  71
44 23  35
44 24  -24
46 26  32
46 27  88
46 32  19
46 33  71
46 38  35
46 39  -24
47 44  -52
47 46  -20
47 52  9
47 60  -11
47 62  41
48 44  -56
48 45  -52
48 46  -72
48 47  -20
48 52  -12
48 53  9
48 54  -59
48 60  -28
48 61  -11
48 62  40
48 63  41
49 45  -56
49 47  -72
49 53  -12
49 55  -59
49 61  -28
49 63  40
50 2  19
50 5  71
50 8  21
50 11  35
50 14  -24
50 26  -56
50 27  -72
50 32  -12
50 33  -59
50 38  -28
50 39  40
51 0  -37
51 1  -51
51 2  -12
51 3  19
51 4  -73
51 5  -59
51 6  71
51 7  -68
51 8  -47
51 9  21
51 10  86
51 11  -28
51 12  35
51 13  -26
51 14  40
51 15  -24
51 16  -44
52 26  -19
52 27  32
52 28  88
52 29  -63
52 32  -37
52 33  19
52 34  71
52 35  -68
52 38  21
52 39  35
52 40  -24
52 41  -44
53 29  88
53 35  71
53 41  -24
53 44  -4
53 46  -52
53 48  -20
53 50  -63
53 52  -95
53 54  9
53 58  -68
53 60  -38
53 62  -11
54 44  -79
54 45  -4
54 46  -56
54 47  -52
54 48  -72
54 49  -20
54 50  88
54 51  -63
54 52  -49
54 53  -95
54 54  -12
54 55  9
54 56  -59
54 58  71
54 59  -68
54 60  -47
54 61  -38
54 62  -28
54 63  -11
55 45  -79
55 47  -56
55 49  -72
55 51  88
55 53  -49
55 55  -12
55 57  -59
55 59  71
55 61  -47
55 63  -28
56 2  -37
56 5  19
56 11  21
56 14  35
56 26  -79
56 27  -56
56 28  -72
56 29  -20
56 30  88
56 31  -63
56 32  -49
56 33  -12
56 34  -59
56 36  71
56 37  -68
56 38  -47
56 39  -28
56 40  40
56 41  41
56 42  -24
56 43  -44
57 2  -49
57 3  -37
57 4  -51
57 5  -12
57 6  19
57 7  -73
57 11  -47
57 12  21
57 13  86
57 14  -28
57 15  35
57 16  -26
57 30  -72
57 31  -20
57 36  -59
57 42  40
57 43  41
58 27  -19
58 28  32
58 29  49
58 33  -37
58 34  19
58 35  -73
58 39  21
58 40  35
58 41  -26
59 29  32
59 35  19
59 41  35
59 46  -4
59 48  -52
59 50  49
59 54  -95
59 56  9
59 58  -73
59 62  -38
60 46  -79
60 47  -4
60 48  -56
60 49  -52
60 50  32
60 51  49
60 54  -49
60 55  -95
60 56  -12
60 57  9
60 58  19
60 59  -73
60 62  -47
60 63  -38
61 47  -79
61 49  -56
61 51  32
61 55  -49
61 57  -12
61 59  19
61 63  -47
62 5  -37
62 14  21
62 27  -79
62 28  -56
62 29  -52
62 30  32
62 31  49
62 33  -49
62 34  -12
62 35  9
62 36  19
62 37  -73
62 39  -47
62 40  -28
62 41  -11
62 42  35
62 43  -26
63 5  -49
63 6  -37
63 7  -51
63 14  -47
63 15  21
63 16  86
63 30  -56
63 31  -52
63 36  -12
63 37  9
63 42  -28
63 43  -11
