size: 80
Tuples
4 3  -94
4 4  80
4 5  56
4 6  80
5 3  -72
5 4  -46
5 5  -38
5 6  -97
6 19  -46
6 20  80
6 21  -97
6 22  80
7 20  -46
7 22  -97
7 26  80
7 27  80
8 4  -94
8 6  56
8 26  -46
8 27  -97
8 31  80
8 32  80
9 4  -72
9 6  -38
9 31  -46
9 32  -97
10 19  -72
10 20  -94
10 21  -38
10 22  56
10 48  -46
10 49  80
10 50  -97
10 51  80
11 20  -72
11 22  -38
11 26  -94
11 27  56
11 49  -46
11 51  -97
11 55  80
11 56  80
12 26  -72
12 27  -38
12 31  -94
12 32  56
12 55  -46
12 56  -97
12 60  80
12 61  80
13 31  -72
13 32  -38
13 60  -46
13 61  -97
14 33  -45
14 36  52
14 39  14
20 7  34
20 9  -90
20 33  -35
20 34  -45
20 36  -80
20 37  52
20 39  73
20 40  14
21 0  -34
21 1  -38
21 2  80
25 20  -34
25 22  5
25 26  -28
25 27  -35
26 19  -34
26 20  -28
26 21  5
26 22  -35
28 3  -82
28 4  -28
28 5  54
28 6  -35
