size: 220
Tuples
5 3  -37
5 4  -34
5 5  -66
5 6  5
7 28  -37
7 29  -38
7 30  60
7 31  -66
7 32  -35
7 57  -34
7 58  80
7 59  -53
7 60  5
7 61  -94
8 4  -82
8 6  54
8 26  -34
8 27  5
8 31  -28
8 32  -35
9 4  -37
9 6  -66
9 31  -34
9 32  5
10 19  -37
10 20  -82
10 21  -66
10 22  54
10 48  -34
10 49  -28
10 50  5
10 51  -35
11 20  -37
11 22  -66
11 26  -82
11 27  54
11 49  -34
11 51  5
11 55  -28
11 56  -35
12 26  -37
12 27  -66
12 31  -82
12 32  54
12 55  -34
12 56  5
12 60  -28
12 61  -35
13 31  -37
13 32  -66
13 60  -34
13 61  5
14 33  60
14 36  -88
14 39  83
20 7  -22
20 9  -29
20 11  48
20 33  -38
20 34  60
20 36  76
20 37  -88
20 39  -21
20 40  83
21 7  60
21 9  -88
21 11  83
26 7  11
26 8  -22
26 9  66
26 10  -29
26 11  68
26 12  48
26 33  -37
26 34  -38
26 35  60
26 36  -66
26 37  76
26 38  -88
26 39  -35
26 40  -21
26 41  83
27 7  -38
27 8  60
27 9  76
27 10  -88
27 11  -21
27 12  83
52 0  -61
52 1  21
52 2  39
52 3  -90
52 4  10
52 5  -87
52 6  -3
53 0  -70
53 1  -80
53 2  -89
53 3  -40
53 4  41
53 5  -63
53 6  -65
54 13  -54
54 14  81
54 15  -70
54 16  -61
54 17  -89
54 18  39
54 19  41
54 20  10
54 21  -65
54 22  -3
55 14  -54
55 16  -70
55 18  -89
55 20  41
55 22  -65
55 23  81
55 24  -61
55 25  39
55 26  10
55 27  -3
56 0  67
56 2  21
56 4  -90
56 6  -87
56 23  -54
56 24  -70
56 25  -89
56 26  41
56 27  -65
56 28  81
56 29  -61
56 30  39
56 31  10
56 32  -3
57 0  40
57 2  -80
57 4  -40
57 6  -63
57 28  -54
57 29  -70
57 30  -89
57 31  41
57 32  -65
58 13  62
58 14  -27
58 15  40
58 16  67
58 17  -80
58 18  21
58 19  -40
58 20  -90
58 21  -63
58 22  -87
58 42  -54
58 43  81
58 44  -70
58 45  -61
58 46  -89
58 47  39
58 48  41
58 49  10
58 50  -65
58 51  -3
59 14  62
59 16  40
59 18  -80
59 20  -40
59 22  -63
59 23  -27
59 24  67
59 25  21
59 26  -90
59 27  -87
59 43  -54
59 45  -70
59 47  -89
59 49  41
59 51  -65
59 52  81
59 53  -61
59 54  39
59 55  10
59 56  -3
60 23  62
60 24  40
60 25  -80
60 26  -40
60 27  -63
60 28  -27
60 29  67
60 30  21
60 31  -90
60 32  -87
60 52  -54
60 53  -70
60 54  -89
60 55  41
60 56  -65
60 57  81
60 58  -61
60 59  39
60 60  10
60 61  -3
61 28  62
61 29  40
61 30  -80
61 31  -40
61 32  -63
61 57  -54
61 58  -70
61 59  -89
61 60  41
61 61  -65
62 33  40
62 36  -70
62 62  -80
62 63  21
63 63  -80
