size: 237
Tuples
20 0  -43
20 1  34
20 2  -74
20 3  56
20 4  80
20 5  68
20 6  -21
21 0  4
21 1  -45
21 2  51
21 3  -38
21 4  -97
21 5  -1
21 6  41
22 13  -46
22 14  80
22 15  4
22 16  -43
22 17  51
22 18  -74
22 19  -97
22 20  80
22 21  41
22 22  -21
23 14  -46
23 16  4
23 18  51
23 20  -97
23 22  41
23 23  80
23 24  -43
23 25  -74
23 26  80
23 27  -21
24 0  -86
24 2  34
24 4  56
24 6  68
24 23  -46
24 24  4
24 25  51
24 26  -97
24 27  41
24 28  80
24 29  -43
24 30  -74
24 31  80
24 32  -21
25 0  -35
25 2  -45
25 4  -38
25 6  -1
25 28  -46
25 29  4
25 30  51
25 31  -97
25 32  41
26 13  -72
26 14  -94
26 15  -35
26 16  -86
26 17  -45
26 18  34
26 19  -38
26 20  56
26 21  -1
26 22  68
26 42  -46
26 43  80
26 44  4
26 45  -43
26 46  51
26 47  -74
26 48  -97
26 49  80
26 50  41
26 51  -21
27 14  -72
27 16  -35
27 18  -45
27 20  -38
27 22  -1
27 23  -94
27 24  -86
27 25  34
27 26  56
27 27  68
27 43  -46
27 45  4
27 47  51
27 49  -97
27 51  41
27 52  80
27 53  -43
27 54  -74
27 55  80
27 56  -21
28 23  -72
28 24  -35
28 25  -45
28 26  -38
28 27  -1
28 28  -94
28 29  -86
28 30  34
28 31  56
28 32  68
28 52  -46
28 53  4
28 54  51
28 55  -97
28 56  41
28 57  80
28 58  -43
28 59  -74
28 60  80
28 61  -21
29 28  -72
29 29  -35
29 30  -45
29 31  -38
29 32  -1
29 57  -46
29 58  4
29 59  51
29 60  -97
29 61  41
30 33  52
30 36  14
30 62  -45
30 63  34
31 63  -45
32 0  80
32 1  -86
32 2  -43
33 0  -46
33 1  -35
33 2  4
34 15  -46
34 16  80
34 17  4
34 18  -43
35 16  -46
35 18  4
35 24  80
35 25  -43
36 0  -94
36 2  -86
36 24  -46
36 25  4
36 29  80
36 30  -43
37 0  -72
37 2  -35
37 29  -46
37 30  4
38 15  -72
38 16  -94
38 17  -35
38 18  -86
38 44  -46
38 45  80
38 46  4
38 47  -43
39 16  -72
39 18  -35
39 24  -94
39 25  -86
39 45  -46
39 47  4
39 53  80
39 54  -43
40 24  -72
40 25  -35
40 29  -94
40 30  -86
40 53  -46
40 54  4
40 58  80
40 59  -43
41 29  -72
41 30  -35
41 58  -46
41 59  4
42 7  -90
42 33  -80
42 34  52
42 36  73
42 37  14
42 62  -35
42 63  -86
43 7  52
43 9  14
43 63  -35
44 1  -94
44 2  80
45 1  -72
45 2  -46
46 17  -46
46 18  80
47 18  -46
47 25  80
48 2  -94
48 25  -46
48 30  80
49 2  -72
49 30  -46
50 17  -72
50 18  -94
50 46  -46
50 47  80
51 18  -72
51 25  -94
51 47  -46
51 54  80
52 25  -72
52 30  -94
52 54  -46
52 59  80
53 30  -72
53 59  -46
54 7  -11
54 8  -90
54 9  87
54 33  -38
54 34  -80
54 35  52
54 36  -1
54 37  73
54 38  14
54 62  -72
54 63  -94
55 7  -80
55 8  52
55 9  73
55 10  14
55 63  -72
