size: 149
Tuples
0 8  94
0 9  -92
0 30  99
0 31  97
0 63  13
1 9  94
1 15  -92
1 21  -77
1 27  37
1 31  99
1 34  97
1 37  -62
1 40  58
5 16  -83
5 18  11
5 22  -75
5 24  84
5 53  11
5 57  67
9 16  -84
9 17  -83
9 18  11
9 19  11
9 22  -64
9 23  -75
9 24  67
9 25  84
13 17  -84
13 19  11
13 23  -64
13 25  67
13 35  -83
13 36  11
13 38  -75
13 39  84
17 16  97
17 18  -83
17 20  11
17 22  -62
17 24  -75
17 26  84
17 53  -84
17 54  11
17 57  -64
17 58  67
23 18  97
23 20  -83
23 24  -62
23 26  -75
23 53  -92
23 54  -84
23 55  11
23 56  11
23 57  -77
23 58  -64
23 59  67
23 60  84
29 20  97
29 26  -62
29 54  -92
29 55  -84
29 56  -83
29 58  -77
29 59  -64
29 60  -75
34 16  -4
34 17  32
34 18  -52
34 19  49
34 20  -20
34 21  -63
34 22  -95
34 23  -51
34 24  9
34 25  -73
34 27  -68
37 17  -4
37 19  -52
37 21  -20
37 23  -95
37 25  9
37 35  32
37 36  49
37 37  -63
37 38  -51
37 39  -73
37 40  -68
40 18  -4
40 19  32
40 20  -52
40 21  49
40 24  -95
40 25  -51
40 26  9
40 27  -73
40 56  -20
43 19  -4
43 21  -52
43 25  -95
43 27  9
43 36  32
43 37  49
43 39  -51
43 40  -73
46 20  -4
46 21  32
46 26  -95
46 27  -51
46 56  -52
46 60  9
49 21  -4
49 27  -95
49 37  32
49 40  -51
53 10  49
53 12  -63
53 16  -73
53 18  -68
53 22  -26
53 24  -44
53 49  -20
53 57  41
57 10  -52
57 11  49
57 12  -20
57 13  -63
57 16  9
57 17  -73
57 19  -68
57 22  -11
57 23  -26
57 24  41
57 25  -44
61 11  -52
61 13  -20
61 17  9
61 23  -11
61 25  41
61 32  49
61 33  -63
61 35  -73
61 36  -68
61 38  -26
61 39  -44
62 0  88
62 1  -63
63 1  88
63 2  -20
63 3  -63
