size: 139
Tuples
2 40  53
2 42  -1
2 46  87
2 61  68
2 62  -21
5 40  87
5 41  53
5 43  -1
5 62  68
5 63  -21
8 2  -74
8 3  -21
8 40  -21
8 42  53
8 44  -1
8 46  68
8 47  87
11 2  34
11 3  -90
11 9  -74
11 10  -21
11 40  68
11 41  -21
11 42  87
11 43  53
11 45  -1
14 2  -43
14 3  -89
14 22  34
14 24  -90
14 42  -21
14 44  53
14 47  68
14 48  87
14 57  -74
14 59  -21
17 2  -86
17 3  -11
17 9  -43
17 10  -89
17 42  68
17 43  -21
17 44  87
17 45  53
17 57  34
17 58  -74
17 59  -90
17 60  -21
21 28  -94
21 29  80
21 30  -86
21 31  56
21 32  80
21 33  -11
21 34  68
21 35  -21
21 36  87
25 29  -94
25 32  56
25 35  68
25 37  80
25 38  80
25 39  -21
29 37  -94
29 38  56
29 39  68
33 30  -94
33 33  56
33 36  68
48 0  -74
49 0  51
49 1  -74
49 2  -21
49 3  -1
50 4  51
50 5  -74
51 5  51
51 6  -74
52 0  34
52 6  51
52 7  -74
53 0  -45
53 1  34
53 2  -90
53 7  51
53 8  -74
53 9  -21
53 10  -1
54 11  -45
54 12  34
54 13  51
54 14  -74
55 12  -45
55 14  51
55 15  34
55 16  -74
56 15  -45
56 16  51
56 17  34
56 18  -74
57 17  -45
57 18  51
57 19  34
57 20  -74
57 21  -90
57 22  -21
57 24  -1
58 13  -45
58 14  34
58 25  51
58 26  -74
59 14  -45
59 16  34
59 26  51
59 27  -74
60 0  -43
60 16  -45
60 18  34
60 27  51
60 53  -74
61 0  4
61 1  -43
61 2  -89
61 3  53
61 18  -45
61 20  34
61 22  -90
61 53  51
61 54  -74
61 57  -21
61 59  -1
62 4  4
62 5  -43
62 25  -45
62 26  34
63 5  4
63 6  -43
63 26  -45
63 27  34
