size: 385
Tuples
0 19  19
0 22  82
2 26  9
2 32  50
2 38  84
3 44  11
3 52  67
3 60  30
4 44  -37
4 45  11
4 52  89
4 53  67
4 60  -24
4 61  30
5 45  -37
5 53  89
5 61  -24
6 2  50
6 8  -82
6 11  84
6 26  -37
6 32  89
6 38  -24
10 0  -19
10 1  -75
10 2  89
10 3  50
10 4  84
10 8  72
10 9  -82
10 10  -94
10 11  -24
10 12  84
10 13  81
11 1  -19
11 4  50
11 10  -82
11 13  84
11 17  -83
11 18  11
11 20  -75
11 21  84
11 23  -94
11 24  81
12 17  33
12 18  9
12 20  -19
12 21  50
12 23  -82
12 24  84
14 26  33
14 27  9
14 32  -19
14 33  50
14 38  -82
14 39  84
15 44  -84
15 46  11
15 52  -64
15 54  67
15 60  34
15 62  30
16 44  13
16 45  -84
16 46  -37
16 47  11
16 52  54
16 53  -64
16 54  89
16 55  67
16 60  72
16 61  34
16 62  -24
16 63  30
17 45  13
17 47  -37
17 53  54
17 55  89
17 61  72
17 63  -24
18 2  -19
18 5  50
18 8  82
18 11  -82
18 14  84
18 26  13
18 27  -37
18 32  54
18 33  89
18 38  72
18 39  -24
19 0  19
19 1  -62
19 2  54
19 3  -19
19 4  -75
19 5  89
19 6  50
19 7  84
19 8  8
19 9  82
19 10  58
19 11  72
19 12  -82
19 13  -94
19 14  -24
19 15  84
19 16  81
20 26  99
20 27  33
20 28  9
20 29  11
20 32  19
20 33  -19
20 34  50
20 35  84
20 38  82
20 39  -82
20 40  84
20 41  81
21 29  9
21 35  50
21 41  84
21 44  -92
21 46  -84
21 48  11
21 50  11
21 52  -77
21 54  -64
21 56  67
21 58  84
21 60  37
21 62  34
22 44  94
22 45  -92
22 46  13
22 47  -84
22 48  -37
22 49  11
22 50  9
22 51  11
22 52  23
22 53  -77
22 54  54
22 55  -64
22 56  89
22 57  67
22 58  50
22 59  84
22 60  8
22 61  37
22 62  72
22 63  34
23 45  94
23 47  13
23 49  -37
23 51  9
23 53  23
23 55  54
23 57  89
23 59  50
23 61  8
23 63  72
24 2  19
24 5  -19
24 11  82
24 14  -82
24 26  94
24 27  13
24 28  -37
24 29  11
24 30  9
24 31  11
24 32  23
24 33  54
24 34  89
24 35  67
24 36  50
24 37  84
24 38  8
24 39  72
24 40  -24
24 41  30
24 42  84
24 43  81
25 2  23
25 3  19
25 4  -62
25 5  54
25 6  -19
25 7  -75
25 11  8
25 12  82
25 13  58
25 14  72
25 15  -82
25 16  -94
25 30  -37
25 31  11
25 36  89
25 37  67
25 42  -24
25 43  30
26 27  99
26 28  33
26 29  -83
26 33  19
26 34  -19
26 35  -75
26 39  82
26 40  -82
26 41  -94
27 29  33
27 35  -19
27 41  -82
27 46  -92
27 48  -84
27 50  -83
27 54  -77
27 56  -64
27 58  -75
27 62  37
28 46  94
28 47  -92
28 48  13
28 49  -84
28 50  33
28 51  -83
28 54  23
28 55  -77
28 56  54
28 57  -64
28 58  -19
28 59  -75
28 62  8
28 63  37
29 47  94
29 49  13
29 51  33
29 55  23
29 57  54
29 59  -19
29 63  8
30 5  19
30 14  82
30 27  94
30 28  13
30 29  -84
30 30  33
30 31  -83
30 33  23
30 34  54
30 35  -64
30 36  -19
30 37  -75
30 39  8
30 40  72
30 41  34
30 42  -82
30 43  -94
31 5  23
31 6  19
31 7  -62
31 14  8
31 15  82
31 16  58
31 30  13
31 31  -84
31 36  54
31 37  -64
31 42  72
31 43  34
35 1  -37
35 4  19
35 7  71
35 10  21
35 13  35
35 16  -24
35 17  32
35 18  49
35 19  -63
35 20  -51
35 21  -73
35 22  -68
35 23  86
35 24  -26
35 25  -44
36 17  -19
36 18  32
36 19  88
36 20  -37
36 21  19
36 22  71
36 23  21
36 24  35
36 25  -24
38 29  -72
38 31  88
38 35  -59
38 37  71
38 41  40
38 43  -24
38 50  -20
39 50  -72
39 51  -20
39 58  -59
40 51  -72
40 59  -59
41 4  -37
41 7  19
41 13  21
41 16  35
41 18  32
41 19  49
41 21  -51
41 22  -73
41 24  86
41 25  -26
41 31  -72
41 37  -59
41 43  40
42 18  -19
42 19  32
42 21  -37
42 22  19
42 24  21
42 25  35
44 29  -56
44 31  32
44 35  -12
44 37  19
44 41  -28
44 43  35
44 50  -52
44 58  9
45 50  -56
45 51  -52
45 58  -12
45 59  9
46 51  -56
46 59  -12
47 7  -37
47 16  21
47 19  32
47 22  -51
47 25  86
47 31  -56
47 37  -12
47 43  -28
48 19  -19
48 22  -37
48 25  21
50 26  71
50 32  -24
51 52  41
52 44  -59
52 52  40
52 53  41
53 45  -59
53 53  40
54 2  -24
54 26  -59
54 32  40
58 0  35
58 1  -26
58 2  40
58 3  -24
58 4  -44
59 1  35
59 4  -24
59 17  -73
59 18  -68
59 20  -26
59 21  -44
60 17  19
60 18  71
60 20  35
60 21  -24
62 26  19
62 27  71
62 32  35
62 33  -24
63 44  9
63 52  -11
63 54  41
