size: 286
Tuples
5 0  14
5 2  -10
5 3  -1
6 2  48
6 4  -16
6 5  93
6 6  -40
7 2  83
7 3  48
7 4  -53
7 5  30
7 6  18
7 7  -16
7 8  93
7 9  -40
8 10  -45
8 11  34
8 12  51
8 13  -74
8 14  52
8 15  -90
8 16  49
8 17  -21
8 18  14
8 20  -10
8 21  -1
9 4  -22
9 5  -29
9 6  48
9 22  -53
9 23  -16
9 24  30
9 25  93
9 26  18
9 27  -40
10 4  60
10 5  -88
10 6  83
10 7  -22
10 8  -29
10 9  48
10 23  -53
10 25  30
10 27  18
10 28  -28
10 29  -1
10 30  -16
10 31  -35
10 32  -90
10 33  93
10 34  -41
10 35  -29
10 36  -40
11 12  -45
11 13  34
11 16  52
11 17  -90
11 20  14
11 22  -43
11 24  -89
11 26  53
11 37  4
11 38  51
11 39  -74
11 40  6
11 41  49
11 42  -21
11 43  -63
11 44  -10
11 45  -1
12 46  -72
12 47  -38
12 48  -1
13 49  -72
13 50  -94
13 51  -38
13 52  56
13 53  -1
13 54  68
14 28  -1
14 29  -16
14 31  -90
14 32  93
14 34  -29
14 35  -40
14 55  -28
14 56  -35
14 57  -41
15 49  -94
15 51  56
15 53  68
15 58  -72
15 59  -35
15 60  -45
15 61  -38
15 62  -80
15 63  52
16 4  -38
16 5  76
16 6  -21
16 7  11
16 8  66
16 9  68
16 23  80
16 25  36
16 27  63
16 29  -28
16 30  -1
16 32  -35
16 33  -90
16 35  -41
16 36  -29
17 0  73
17 1  87
17 2  -63
17 3  53
18 46  36
18 47  63
18 58  66
18 59  -29
18 61  68
18 62  48
19 49  66
19 51  68
19 58  76
19 59  -88
19 61  -21
19 62  83
20 49  76
20 50  66
20 51  -21
20 52  68
21 0  87
21 2  53
21 11  51
21 15  49
21 19  -10
21 60  -72
21 63  -38
22 46  76
22 47  -21
25 10  51
25 11  -74
25 14  49
25 15  -21
25 18  -10
25 19  -1
25 60  -94
25 63  56
28 28  93
28 31  -40
28 55  -90
28 56  -29
29 22  -74
29 24  -21
29 26  -1
29 37  51
29 40  49
29 43  -10
30 46  5
30 47  -94
30 58  54
30 59  66
30 60  -29
30 61  -98
30 62  68
30 63  48
31 49  54
31 51  -98
31 58  -66
31 59  76
31 60  -88
31 61  -35
31 62  -21
31 63  83
32 49  -66
32 50  54
32 51  -35
32 52  -98
33 2  -1
33 59  -72
33 60  -35
33 62  -38
33 63  -80
34 46  -66
34 47  -35
40 28  -90
40 29  93
40 31  -29
40 32  -40
40 55  -35
40 56  -41
41 28  36
41 29  30
41 31  63
41 32  18
41 55  5
41 56  -94
42 59  54
42 60  66
42 62  -98
42 63  68
43 59  -66
43 60  76
43 62  -35
43 63  -21
47 4  93
47 5  -40
48 4  30
48 5  18
48 7  93
48 8  -40
49 7  30
49 8  18
50 22  93
50 24  -40
50 37  30
50 40  18
51 4  -29
51 5  48
51 22  30
51 23  93
51 24  18
51 25  -40
52 4  -88
52 5  83
52 7  -29
52 8  48
52 23  30
52 25  18
52 28  -35
52 29  -90
52 30  93
52 31  -41
52 32  -29
52 33  -40
53 7  -88
53 8  83
53 28  5
53 29  36
53 30  30
53 31  -94
53 32  63
53 33  18
54 10  30
54 11  93
54 14  18
54 15  -40
54 60  54
54 63  -98
55 11  30
55 15  18
55 60  -66
55 63  -35
58 10  -88
58 11  -29
58 12  30
58 13  93
58 14  83
58 15  48
58 16  18
58 17  -40
59 4  -90
59 5  -29
59 11  -88
59 13  30
59 15  83
59 17  18
60 50  76
60 52  -21
62 7  60
62 8  -88
62 9  83
62 28  -34
62 29  80
62 30  -53
62 31  5
62 32  36
62 33  30
62 34  -94
62 35  63
62 36  18
63 3  83
63 7  -53
63 8  30
63 9  18
