size: 193
Tuples
0 0  32
0 1  -52
0 2  49
1 0  -19
1 1  -56
1 2  32
2 15  -19
2 16  32
2 17  32
2 18  49
3 16  -19
3 18  32
3 24  32
3 25  49
4 0  -4
4 2  -52
4 24  -19
4 25  32
4 29  32
4 30  49
5 0  -79
5 2  -56
5 29  -19
5 30  32
6 15  -79
6 16  -4
6 17  -56
6 18  -52
6 44  -19
6 45  32
6 46  32
6 47  49
7 16  -79
7 18  -56
7 24  -4
7 25  -52
7 45  -19
7 47  32
7 53  32
7 54  49
8 24  -79
8 25  -56
8 29  -4
8 30  -52
8 53  -19
8 54  32
8 58  32
8 59  49
9 29  -79
9 30  -56
9 58  -19
9 59  32
10 9  41
10 33  -12
10 34  -59
10 36  -28
10 37  40
10 62  -56
10 63  -52
11 7  -59
11 9  40
11 63  -56
12 1  -4
12 2  32
13 1  -79
13 2  -19
14 17  -19
14 18  32
15 18  -19
15 25  32
16 2  -4
16 25  -19
16 30  32
17 2  -79
17 30  -19
18 17  -79
18 18  -4
18 46  -19
18 47  32
19 18  -79
19 25  -4
19 47  -19
19 54  32
20 25  -79
20 30  -4
20 54  -19
20 59  32
21 30  -79
21 59  -19
22 7  9
22 9  -11
22 10  41
22 33  -49
22 34  -12
22 35  -59
22 36  -47
22 37  -28
22 38  40
22 62  -79
22 63  -4
23 7  -12
23 8  -59
23 9  -28
23 10  40
23 63  -79
36 3  -4
36 4  32
36 5  -95
36 6  -51
37 3  -79
37 4  -19
37 5  -49
37 6  -37
38 19  -19
38 20  32
38 21  -37
38 22  -51
39 20  -19
39 22  -37
39 26  32
39 27  -51
40 4  -4
40 6  -95
40 26  -19
40 27  -37
40 31  32
40 32  -51
41 4  -79
41 6  -49
41 31  -19
41 32  -37
42 19  -79
42 20  -4
42 21  -49
42 22  -95
42 48  -19
42 49  32
42 50  -37
42 51  -51
43 20  -79
43 22  -49
43 26  -4
43 27  -95
43 49  -19
43 51  -37
43 55  32
43 56  -51
44 26  -79
44 27  -49
44 31  -4
44 32  -95
44 55  -19
44 56  -37
44 60  32
44 61  -51
45 31  -79
45 32  -49
45 60  -19
45 61  -37
46 33  -72
46 36  -59
46 39  40
52 7  -20
52 11  41
52 33  -56
52 34  -72
52 36  -12
52 37  -59
52 39  -28
52 40  40
53 7  -72
53 9  -59
53 11  40
58 7  -52
58 8  -20
58 9  9
58 11  -11
58 12  41
58 33  -79
58 34  -56
58 35  -72
58 36  -49
58 37  -12
58 38  -59
58 39  -47
58 40  -28
58 41  40
59 7  -56
59 8  -72
59 9  -12
59 10  -59
59 11  -28
59 12  40
