size: 347
Tuples
0 47  -72
0 49  -35
0 51  4
0 55  -38
0 57  -80
0 59  6
0 63  -1
5 45  60
5 53  -88
5 61  83
6 51  76
6 59  -21
10 0  36
10 1  -90
10 2  -88
10 3  30
10 4  93
10 8  -21
10 9  63
10 10  -29
10 11  83
10 12  18
10 13  -40
11 1  36
11 4  30
11 10  63
11 13  18
11 17  -1
11 18  -16
11 20  -90
11 21  93
11 23  -29
11 24  -40
12 17  80
12 18  -53
12 20  36
12 21  30
12 23  63
12 24  18
14 26  80
14 27  -53
14 32  36
14 33  30
14 38  63
14 39  18
15 44  11
15 46  -22
15 52  66
15 54  -29
15 60  68
15 62  48
16 44  -38
16 45  11
16 46  60
16 47  -22
16 52  76
16 53  66
16 54  -88
16 55  -29
16 60  -21
16 61  68
16 62  83
16 63  48
17 45  -38
17 47  60
17 53  76
17 55  -88
17 61  -21
17 63  83
18 2  36
18 5  30
18 8  -94
18 11  63
18 14  18
18 26  -38
18 27  60
18 32  76
18 33  -88
18 38  -21
18 39  83
19 0  5
19 1  -35
19 2  76
19 3  36
19 4  -90
19 5  -88
19 6  30
19 7  93
19 8  -35
19 9  -94
19 10  -41
19 11  -21
19 12  63
19 13  -29
19 14  83
19 15  18
19 16  -40
20 26  -34
20 27  80
20 28  -53
20 29  -16
20 32  5
20 33  36
20 34  30
20 35  93
20 38  -94
20 39  63
20 40  18
20 41  -40
21 29  -53
21 35  30
21 41  18
21 44  -82
21 46  11
21 48  -22
21 50  -16
21 52  54
21 54  66
21 56  -29
21 58  93
21 60  -98
21 62  68
22 44  -37
22 45  -82
22 46  -38
22 47  11
22 48  60
22 49  -22
22 50  -53
22 51  -16
22 52  -66
22 53  54
22 54  76
22 55  66
22 56  -88
22 57  -29
22 58  30
22 59  93
22 60  -35
22 61  -98
22 62  -21
22 63  68
23 45  -37
23 47  -38
23 49  60
23 51  -53
23 53  -66
23 55  76
23 57  -88
23 59  30
23 61  -35
23 63  -21
24 2  5
24 5  36
24 11  -94
24 14  63
24 26  -37
24 27  -38
24 28  60
24 29  -22
24 30  -53
24 31  -16
24 32  -66
24 33  76
24 34  -88
24 35  -29
24 36  30
24 37  93
24 38  -35
24 39  -21
24 40  83
24 41  48
24 42  18
24 43  -40
25 2  -66
25 3  5
25 4  -35
25 5  76
25 6  36
25 7  -90
25 11  -35
25 12  -94
25 13  -41
25 14  -21
25 15  63
25 16  -29
25 30  60
25 31  -22
25 36  -88
25 37  -29
25 42  83
25 43  48
26 27  -34
26 28  80
26 29  -1
26 33  5
26 34  36
26 35  -90
26 39  -94
26 40  63
26 41  -29
27 29  80
27 35  36
27 41  63
27 46  -82
27 48  11
27 50  -1
27 54  54
27 56  66
27 58  -90
27 62  -98
28 7  -94
28 19  -35
28 22  -41
28 31  76
28 37  -21
29 47  -37
29 49  -38
29 51  80
29 55  -66
29 57  76
29 59  36
29 63  -35
30 19  5
30 22  -94
31 50  76
31 51  66
31 58  -21
31 59  68
35 1  41
35 4  41
35 7  -58
35 10  -65
35 13  -27
35 16  11
35 17  81
35 18  -61
35 19  39
35 20  10
35 21  -17
35 22  -18
35 23  -3
35 24  -11
35 25  99
36 17  -54
36 18  -70
36 19  -89
36 20  41
36 21  41
36 22  -58
36 23  -65
36 24  -27
36 25  11
38 29  -80
38 31  -89
38 35  40
38 37  -58
38 41  -70
38 43  11
38 50  21
38 58  -63
39 50  -80
39 51  21
39 58  40
39 59  -63
40 51  -80
40 59  40
41 4  41
41 7  41
41 13  -65
41 16  -27
41 18  81
41 19  -61
41 21  10
41 22  -17
41 24  -3
41 25  -11
41 31  -80
41 37  40
41 43  -70
42 18  -54
42 19  -70
42 21  41
42 22  41
42 24  -65
42 25  -27
44 29  40
44 31  -70
44 35  56
44 37  41
44 41  -89
44 43  -27
44 50  67
44 58  -82
45 50  40
45 51  67
45 58  56
45 59  -82
46 51  40
46 59  56
47 7  41
47 16  -65
47 19  81
47 22  10
47 25  -3
47 31  40
47 37  56
47 43  -89
48 19  -54
48 22  41
48 25  -65
50 26  -58
50 32  11
51 44  -63
51 52  -85
52 44  40
52 45  -63
52 52  -70
52 53  -85
53 45  40
53 53  -70
54 2  11
54 26  40
54 32  -70
58 0  -27
58 1  -11
58 2  -70
58 3  11
58 4  99
59 1  -27
59 4  11
59 17  -17
59 18  -18
59 20  -11
59 21  99
60 17  41
60 18  -58
60 20  -27
60 21  11
62 26  41
62 27  -58
62 32  -27
62 33  11
63 44  -82
63 46  -63
63 52  -66
63 54  -85
