size: 67
Tuples
0 25  9
2 22  72
2 23  -24
2 27  8
2 28  37
2 29  82
2 30  58
3 11  58
3 28  8
3 30  82
3 31  37
4 2  37
4 4  58
4 11  82
4 31  8
5 2  8
5 3  37
5 4  82
5 5  58
5 6  34
5 7  30
6 15  82
6 16  58
6 29  8
6 30  37
7 11  37
7 12  58
7 16  82
7 30  8
8 4  37
8 11  8
8 12  82
8 13  58
9 4  8
9 5  37
9 13  82
9 14  58
10 15  8
10 16  37
10 17  82
10 18  58
11 12  37
11 16  8
11 18  82
11 19  58
12 12  8
12 13  37
12 19  82
12 20  58
13 9  97
13 10  -62
13 13  8
13 14  37
13 20  82
13 21  58
14 22  8
14 23  72
17 6  37
17 7  34
20 23  8
23 7  37
46 0  -44
49 0  41
49 1  -44
61 8  32
61 9  -51
61 10  86
