size: 194
Tuples
15 0  -1
15 1  73
15 2  14
16 3  60
16 4  -22
16 5  -53
16 6  -16
16 7  -88
16 8  -29
16 9  30
16 10  93
16 11  83
16 12  48
16 13  18
16 14  -40
17 15  -45
17 16  34
17 17  51
17 18  -74
17 19  52
17 20  -90
17 21  49
17 22  -21
17 23  14
17 25  -10
17 26  -1
18 27  -37
18 28  -82
18 29  -34
18 30  -28
18 31  -38
18 32  11
18 33  80
18 34  -1
18 35  60
18 36  -22
18 37  -53
18 38  -16
18 39  -66
18 40  54
18 41  5
18 42  -35
18 43  76
18 44  -88
18 45  -35
18 46  -98
18 47  -94
18 48  -41
18 49  -21
18 50  83
19 28  -37
19 30  -34
19 32  -38
19 34  80
19 36  60
19 38  -53
19 40  -66
19 42  5
19 46  -35
19 48  -94
19 51  -82
19 52  -28
19 53  11
19 54  -1
19 55  -22
19 56  -16
19 57  54
19 58  -35
19 59  -98
19 60  -41
20 51  -37
20 52  -34
20 53  -38
20 54  80
20 55  60
20 56  -53
20 57  -66
20 58  5
20 59  -35
20 60  -94
20 61  -82
20 62  -28
20 63  11
21 2  -1
21 15  34
21 17  -74
21 19  -90
21 21  -21
21 25  -1
22 29  -37
22 30  -82
22 33  -38
22 34  11
22 37  60
22 38  -22
22 41  -66
22 42  54
22 47  -35
22 48  -98
23 30  -37
23 34  -38
23 38  60
23 42  -66
23 48  -35
23 52  -82
23 54  11
23 56  -22
23 58  54
23 60  -98
24 52  -37
24 54  -38
24 56  60
24 58  -66
24 60  -35
24 62  -82
25 2  68
30 31  -37
30 32  -82
30 33  -34
30 34  -28
30 35  -38
30 36  11
30 37  80
30 38  -1
30 43  -66
30 44  76
30 49  -35
30 50  -21
31 32  -37
31 34  -34
31 36  -38
31 38  80
31 53  -82
31 54  -28
31 55  11
31 56  -1
32 53  -37
32 54  -34
32 55  -38
32 56  80
32 63  -82
33 1  -1
33 2  73
34 33  -37
34 34  -82
34 37  -38
34 38  11
35 34  -37
35 38  -38
35 54  -82
35 56  11
36 54  -37
36 56  -38
42 35  -37
42 36  -82
42 37  -34
42 38  -28
42 44  -66
42 50  -35
43 36  -37
43 38  -34
43 55  -82
43 56  -28
44 55  -37
44 56  -34
46 37  -37
46 38  -82
47 38  -37
47 56  -82
48 56  -37
55 15  -29
55 17  93
55 19  48
55 21  -40
56 15  -88
56 16  -29
56 17  30
56 18  93
56 19  83
56 20  48
56 21  18
56 22  -40
57 16  -88
57 18  30
57 20  83
57 22  18
59 3  93
59 7  -40
59 17  -29
59 21  48
60 61  -37
60 62  -34
60 63  -38
61 62  -37
