size: 133
Tuples
0 0  -84
0 6  33
0 7  -83
0 27  -37
0 53  11
0 55  11
1 0  13
1 1  -84
1 2  -64
1 3  34
1 7  33
1 8  -83
1 9  -75
1 10  -94
1 53  -37
1 54  11
1 55  9
1 56  11
1 57  67
1 58  84
1 59  30
1 60  81
5 31  -92
5 32  97
5 33  -84
5 34  -77
5 35  -62
5 36  -64
5 46  81
5 61  -94
9 32  -92
9 35  -77
9 38  97
9 39  -62
9 40  81
9 46  30
9 61  34
9 62  -94
13 38  -92
13 39  -77
13 40  30
13 41  81
13 62  34
13 63  -94
17 33  -92
17 36  -77
17 46  -94
17 47  81
17 49  30
17 61  58
23 46  58
23 47  -94
23 48  81
23 49  34
23 50  30
29 21  11
29 22  11
29 23  67
29 24  84
29 47  58
29 48  -94
29 49  37
29 50  34
29 51  30
29 52  81
34 40  -26
34 42  -44
34 46  -11
34 47  41
34 61  -38
34 62  86
37 40  -11
37 41  -26
37 42  41
37 43  -44
37 62  -38
37 63  86
40 2  -63
40 3  -68
40 40  86
40 42  -26
40 44  -44
40 46  -38
40 47  -11
40 48  41
43 2  -20
43 9  -63
43 10  -68
43 40  -38
43 41  86
43 42  -11
43 43  -26
43 44  41
43 45  -44
46 2  49
46 3  -73
46 22  -20
46 42  86
46 44  -26
46 47  -38
46 48  -11
46 52  41
46 57  -63
46 59  -68
49 2  -52
49 3  9
49 9  49
49 10  -73
49 42  -38
49 43  86
49 44  -11
49 45  -26
49 57  -20
49 58  -63
49 60  -68
53 28  -4
53 29  32
53 30  -52
53 31  -95
53 32  -51
53 33  9
53 34  -38
53 35  86
53 36  -11
57 29  -4
57 32  -95
57 35  -38
57 37  32
57 38  -51
57 39  86
61 37  -4
61 38  -95
61 39  -38
