size: 224
Tuples
12 3  11
12 7  84
12 11  81
12 17  11
12 21  67
12 25  30
13 3  9
13 4  11
13 7  50
13 8  84
13 11  84
13 12  81
13 17  -37
13 18  11
13 21  89
13 22  67
13 25  -24
13 26  30
14 4  9
14 8  50
14 12  84
14 18  -37
14 22  89
14 26  -24
15 3  11
15 5  11
15 7  67
15 9  84
15 11  30
15 13  81
16 3  -37
16 4  11
16 5  9
16 6  11
16 7  89
16 8  67
16 9  50
16 10  84
16 11  -24
16 12  30
16 13  84
16 14  81
17 4  -37
17 6  9
17 8  89
17 10  50
17 12  -24
17 14  84
18 27  94
18 28  -92
18 29  99
18 30  97
18 31  13
18 32  -84
18 33  33
18 34  -83
18 35  -37
18 36  11
18 37  9
18 38  11
18 39  23
18 40  -77
18 41  19
18 42  -62
18 43  54
18 44  89
18 45  8
18 46  37
18 47  82
18 48  58
18 49  72
18 50  -24
19 28  94
19 30  99
19 32  13
19 34  33
19 36  -37
19 38  9
19 40  23
19 42  19
19 46  8
19 48  82
19 51  -92
19 52  97
19 53  -84
19 54  -83
19 55  11
19 56  11
19 57  -77
19 58  -62
19 59  37
19 60  58
20 51  94
20 52  99
20 53  13
20 54  33
20 55  -37
20 56  9
20 57  23
20 58  19
20 59  8
20 60  82
20 61  -92
20 62  97
20 63  -84
21 61  94
21 62  99
21 63  13
22 29  94
22 30  -92
22 33  13
22 34  -84
22 37  -37
22 38  11
22 41  23
22 42  -77
22 47  8
22 48  37
23 30  94
23 34  13
23 38  -37
23 42  23
23 48  8
23 52  -92
23 54  -84
23 56  11
23 58  -77
23 60  37
24 52  94
24 54  13
24 56  -37
24 58  23
24 60  8
24 62  -92
25 62  94
30 31  94
30 32  -92
30 33  99
30 34  97
30 35  13
30 36  -84
30 37  33
30 38  -83
30 43  23
30 44  54
30 49  8
30 50  72
31 32  94
31 34  99
31 36  13
31 38  33
31 53  -92
31 54  97
31 55  -84
31 56  -83
32 53  94
32 54  99
32 55  13
32 56  33
32 63  -92
33 63  94
34 33  94
34 34  -92
34 37  13
34 38  -84
35 34  94
35 38  13
35 54  -92
35 56  -84
36 54  94
36 56  13
42 35  94
42 36  -92
42 37  99
42 38  97
42 44  23
42 50  8
43 36  94
43 38  99
43 55  -92
43 56  97
44 55  94
44 56  99
46 37  94
46 38  -92
47 38  94
47 56  -92
48 56  94
55 15  67
55 17  84
55 19  30
55 21  81
56 15  89
56 16  67
56 17  50
56 18  84
56 19  -24
56 20  30
56 21  84
56 22  81
57 16  89
57 18  50
57 20  -24
57 22  84
59 3  84
59 7  81
59 17  67
59 21  30
60 3  50
60 4  84
60 7  84
60 8  81
60 17  89
60 18  67
60 21  -24
60 22  30
61 4  50
61 8  84
61 18  89
61 22  -24
63 3  67
63 5  84
63 7  30
63 9  81
