size: 366
Tuples
2 16  -94
2 17  80
2 18  -86
2 19  -43
2 20  34
2 21  -74
2 22  56
2 23  80
2 24  -11
2 25  -89
2 26  -90
2 27  -21
5 17  -94
5 19  -86
5 21  34
5 23  56
5 25  -11
5 27  -90
5 35  80
5 36  -43
5 37  -74
5 38  80
5 39  -89
5 40  -21
8 18  -94
8 19  80
8 20  -86
8 21  -43
8 24  56
8 25  80
8 26  -11
8 27  -89
8 56  34
8 60  -90
11 19  -94
11 21  -86
11 25  56
11 27  -11
11 36  80
11 37  -43
11 39  80
11 40  -89
14 20  -94
14 21  80
14 26  56
14 27  80
14 56  -86
14 60  -11
17 21  -94
17 27  56
17 37  80
17 40  80
21 10  -43
21 12  -74
21 16  -89
21 18  -21
21 22  53
21 24  -1
21 49  34
21 53  -90
25 10  -86
25 11  -43
25 12  34
25 13  -74
25 16  -11
25 17  -89
25 18  -90
25 19  -21
25 22  87
25 23  53
25 25  -1
29 11  -86
29 13  34
29 17  -11
29 19  -90
29 23  87
29 32  -43
29 33  -74
29 35  -89
29 36  -21
29 38  53
29 39  -1
30 0  51
30 1  -74
31 1  51
31 2  34
31 3  -74
32 2  -45
32 3  51
32 4  34
32 5  -74
33 4  -45
33 5  51
33 10  80
33 12  -43
33 14  -74
33 16  80
33 18  -89
33 20  -21
33 22  -21
33 24  53
33 26  -1
33 49  -86
33 50  34
33 53  -11
33 54  -90
33 57  87
34 0  -45
34 1  34
34 6  51
34 7  -74
35 1  -45
35 3  34
35 7  51
35 8  -74
36 3  -45
36 5  34
36 8  51
36 9  -74
37 5  -45
37 9  51
37 10  -94
37 11  80
37 12  -86
37 13  -43
37 14  34
37 15  -74
37 16  56
37 17  80
37 18  -11
37 19  -89
37 20  -90
37 21  -21
37 22  68
37 23  -21
37 24  87
37 25  53
37 27  -1
38 6  -45
38 7  34
38 28  51
38 29  -74
39 7  -45
39 8  34
39 29  51
39 30  -74
40 8  -45
40 9  34
40 30  51
40 31  -74
41 9  -45
41 11  -94
41 13  -86
41 15  34
41 17  56
41 19  -11
41 21  -90
41 23  68
41 25  87
41 31  51
41 32  80
41 33  -43
41 34  -74
41 35  80
41 36  -89
41 37  -21
41 38  -21
41 39  53
41 40  -1
42 0  4
42 1  -43
42 41  -45
42 42  34
42 43  51
42 44  -74
43 1  4
43 2  -86
43 3  -43
43 42  -45
43 44  51
43 45  34
43 46  -74
44 2  -35
44 3  4
44 4  -86
44 5  -43
44 45  -45
44 46  51
44 47  34
44 48  -74
45 4  -35
45 5  4
45 12  80
45 14  -43
45 18  80
45 20  -89
45 24  -21
45 26  53
45 47  -45
45 48  51
45 49  -94
45 50  -86
45 51  34
45 52  -74
45 53  56
45 54  -11
45 55  -90
45 56  -21
45 57  68
45 58  87
45 60  -1
46 0  -35
46 1  -86
46 6  4
46 7  -43
46 43  -45
46 44  34
46 61  51
46 62  -74
47 1  -35
47 3  -86
47 7  4
47 8  -43
47 44  -45
47 46  34
47 62  51
47 63  -74
48 3  -35
48 5  -86
48 8  4
48 9  -43
48 46  -45
48 48  34
48 63  51
49 5  -35
49 9  4
49 12  -94
49 13  80
49 14  -86
49 15  -43
49 18  56
49 19  80
49 20  -11
49 21  -89
49 24  68
49 25  -21
49 26  87
49 27  53
49 48  -45
49 52  34
49 56  -90
50 6  -35
50 7  -86
50 28  4
50 29  -43
50 61  -45
50 62  34
51 7  -35
51 8  -86
51 29  4
51 30  -43
51 62  -45
51 63  34
52 8  -35
52 9  -86
52 30  4
52 31  -43
52 63  -45
53 9  -35
53 13  -94
53 15  -86
53 19  56
53 21  -11
53 25  68
53 27  87
53 31  4
53 33  80
53 34  -43
53 36  80
53 37  -89
53 39  -21
53 40  53
54 0  -46
54 1  80
54 41  -35
54 42  -86
54 43  4
54 44  -43
55 1  -46
55 2  -94
55 3  80
55 42  -35
55 44  4
55 45  -86
55 46  -43
56 2  -72
56 3  -46
56 4  -94
56 5  80
56 45  -35
56 46  4
56 47  -86
56 48  -43
57 4  -72
57 5  -46
57 14  80
57 20  80
57 26  -21
57 47  -35
57 48  4
57 50  -94
57 51  -86
57 52  -43
57 54  56
57 55  -11
57 56  -89
57 58  68
57 59  87
57 60  53
58 0  -72
58 1  -94
58 6  -46
58 7  80
58 43  -35
58 44  -86
58 61  4
58 62  -43
59 1  -72
59 3  -94
59 7  -46
59 8  80
59 44  -35
59 46  -86
59 62  4
59 63  -43
60 3  -72
60 5  -94
60 8  -46
60 9  80
60 46  -35
60 48  -86
60 63  4
61 5  -72
61 9  -46
61 14  -94
61 15  80
61 20  56
61 21  80
61 26  68
61 27  -21
61 48  -35
61 52  -86
61 56  -11
61 60  87
62 6  -72
62 7  -94
62 28  -46
62 29  80
62 61  -35
62 62  -86
63 7  -72
63 8  -94
63 29  -46
63 30  80
63 62  -35
63 63  -86
