size: 460
Tuples
0 44  56
0 45  -82
0 46  40
0 47  -63
0 52  -89
0 53  -66
0 54  -70
0 55  -85
1 45  56
1 47  40
1 53  -89
1 55  -70
2 2  -27
2 5  11
2 26  56
2 27  40
2 32  -89
2 33  -70
6 0  -65
6 1  -3
6 2  -89
6 3  -27
6 4  -11
6 5  -70
6 6  11
6 7  99
7 1  -65
7 4  -27
7 7  11
7 17  10
7 18  -17
7 19  -18
7 20  -3
7 21  -11
7 22  99
8 17  41
8 18  41
8 19  -58
8 20  -65
8 21  -27
8 22  11
10 26  41
10 27  41
10 28  -58
10 29  -18
10 32  -65
10 33  -27
10 34  11
10 35  99
11 29  -58
11 35  11
11 44  -90
11 46  -82
11 48  -63
11 50  -18
11 52  -87
11 54  -66
11 56  -85
11 58  99
12 44  -40
12 45  -90
12 46  56
12 47  -82
12 48  40
12 49  -63
12 50  -58
12 51  -18
12 52  -63
12 53  -87
12 54  -89
12 55  -66
12 56  -70
12 57  -85
12 58  11
12 59  99
13 45  -40
13 47  56
13 49  40
13 51  -58
13 53  -63
13 55  -89
13 57  -70
13 59  11
14 2  -65
14 5  -27
14 26  -40
14 27  56
14 28  40
14 29  -63
14 30  -58
14 31  -18
14 32  -63
14 33  -89
14 34  -70
14 35  -85
14 36  11
14 37  99
15 29  40
15 31  -58
15 35  -70
15 37  11
15 50  -63
15 58  -85
16 50  40
16 51  -63
16 58  -70
16 59  -85
17 51  40
17 59  -70
18 2  -63
18 3  -65
18 4  -3
18 5  -89
18 6  -27
18 7  -11
18 30  40
18 31  -63
18 36  -70
18 37  -85
19 4  -65
19 7  -27
19 18  10
19 19  -17
19 21  -3
19 22  -11
19 31  40
19 37  -70
20 18  41
20 19  41
20 21  -65
20 22  -27
22 27  41
22 28  41
22 29  -17
22 33  -65
22 34  -27
22 35  -11
23 29  41
23 35  -27
23 46  -90
23 48  -82
23 50  -17
23 54  -87
23 56  -66
23 58  -11
24 46  -40
24 47  -90
24 48  56
24 49  -82
24 50  41
24 51  -17
24 54  -63
24 55  -87
24 56  -89
24 57  -66
24 58  -27
24 59  -11
25 47  -40
25 49  56
25 51  41
25 55  -63
25 57  -89
25 59  -27
26 5  -65
26 27  -40
26 28  56
26 29  -82
26 30  41
26 31  -17
26 33  -63
26 34  -89
26 35  -66
26 36  -27
26 37  -11
27 29  56
27 31  41
27 35  -89
27 37  -27
27 50  -82
27 58  -66
28 50  56
28 51  -82
28 58  -89
28 59  -66
29 51  56
29 59  -89
30 5  -63
30 6  -65
30 7  -3
30 30  56
30 31  -82
30 36  -89
30 37  -66
31 7  -65
31 19  10
31 22  -3
31 31  56
31 37  -89
32 19  41
32 22  -65
34 26  -89
34 32  -58
34 38  11
35 44  21
35 52  -63
35 60  -85
36 44  -80
36 45  21
36 52  40
36 53  -63
36 60  -70
36 61  -85
37 45  -80
37 53  40
37 61  -70
38 2  -58
38 8  -27
38 11  11
38 26  -80
38 32  40
38 38  -70
42 0  41
42 1  -17
42 2  40
42 3  -58
42 4  -18
42 8  -89
42 9  -27
42 10  -11
42 11  -70
42 12  11
42 13  99
43 1  41
43 4  -58
43 10  -27
43 13  11
43 17  -61
43 18  39
43 20  -17
43 21  -18
43 23  -11
43 24  99
44 17  -70
44 18  -89
44 20  41
44 21  -58
44 23  -27
44 24  11
46 26  -70
46 27  -89
46 32  41
46 33  -58
46 38  -27
46 39  11
47 44  67
47 46  21
47 52  -82
47 54  -63
47 60  -66
47 62  -85
48 44  40
48 45  67
48 46  -80
48 47  21
48 52  56
48 53  -82
48 54  40
48 55  -63
48 60  -89
48 61  -66
48 62  -70
48 63  -85
49 45  40
49 47  -80
49 53  56
49 55  40
49 61  -89
49 63  -70
50 2  41
50 5  -58
50 8  -65
50 11  -27
50 14  11
50 26  40
50 27  -80
50 32  56
50 33  40
50 38  -89
50 39  -70
51 5  -35
51 6  -94
51 7  -41
51 30  76
51 31  66
51 36  -21
51 37  68
52 26  -54
52 27  -70
52 28  -89
52 29  39
52 32  41
52 33  41
52 34  -58
52 35  -18
52 38  -65
52 39  -27
52 40  11
52 41  99
53 29  -89
53 35  -58
53 41  11
53 44  -27
53 46  67
53 48  21
53 50  39
53 52  -90
53 54  -82
53 56  -63
53 58  -18
53 60  -87
53 62  -66
54 44  62
54 45  -27
54 46  40
54 47  67
54 48  -80
54 49  21
54 50  -89
54 51  39
54 52  -40
54 53  -90
54 54  56
54 55  -82
54 56  40
54 57  -63
54 58  -58
54 59  -18
54 60  -63
54 61  -87
54 62  -89
54 63  -66
55 45  62
55 47  40
55 49  -80
55 51  -89
55 53  -40
55 55  56
55 57  40
55 59  -58
55 61  -63
55 63  -89
56 2  41
56 5  41
56 11  -65
56 14  -27
56 26  62
56 27  40
56 28  -80
56 29  21
56 30  -89
56 31  39
56 32  -40
56 33  56
56 34  40
56 35  -63
56 36  -58
56 37  -18
56 38  -63
56 39  -89
56 40  -70
56 41  -85
56 42  11
56 43  99
57 2  -40
57 3  41
57 4  10
57 5  56
57 6  41
57 7  -17
57 11  -63
57 12  -65
57 13  -3
57 14  -89
57 15  -27
57 16  -11
57 30  -80
57 31  21
57 36  40
57 37  -63
57 42  -70
57 43  -85
58 27  -54
58 28  -70
58 29  -61
58 33  41
58 34  41
58 35  -17
58 39  -65
58 40  -27
58 41  -11
59 29  -70
59 35  41
59 41  -27
59 46  -27
59 48  67
59 50  -61
59 54  -90
59 56  -82
59 58  -17
59 62  -87
60 46  62
60 47  -27
60 48  40
60 49  67
60 50  -70
60 51  -61
60 54  -40
60 55  -90
60 56  56
60 57  -82
60 58  41
60 59  -17
60 62  -63
60 63  -87
61 47  62
61 49  40
61 51  -70
61 55  -40
61 57  56
61 59  41
61 63  -63
62 5  41
62 14  -65
62 27  62
62 28  40
62 29  67
62 30  -70
62 31  -61
62 33  -40
62 34  56
62 35  -82
62 36  41
62 37  -17
62 39  -63
62 40  -89
62 41  -66
62 42  -27
62 43  -11
63 5  -40
63 6  41
63 7  10
63 14  -63
63 15  -65
63 16  -3
63 30  40
63 31  67
63 36  56
63 37  -82
63 42  -89
63 43  -66
