size: 296
Tuples
4 28  -83
4 29  11
4 31  -75
4 32  84
4 34  -94
4 35  81
4 55  97
4 56  -62
4 57  58
5 28  33
5 29  9
5 31  -19
5 32  50
5 34  -82
5 35  84
5 55  99
5 56  19
5 57  82
6 2  30
6 4  11
6 5  84
6 6  81
7 2  -24
7 3  30
7 4  9
7 5  50
7 6  84
7 7  11
7 8  84
7 9  81
8 3  -24
8 7  9
8 8  50
8 9  84
9 4  11
9 5  67
9 6  30
9 22  9
9 23  11
9 24  50
9 25  84
9 26  84
9 27  81
10 4  -37
10 5  89
10 6  -24
10 7  11
10 8  67
10 9  30
10 23  9
10 25  50
10 27  84
10 28  97
10 29  -83
10 30  11
10 31  -62
10 32  -75
10 33  84
10 34  58
10 35  -94
10 36  81
11 7  -37
11 8  89
11 9  -24
11 28  99
11 29  33
11 30  9
11 31  19
11 32  -19
11 33  50
11 34  82
11 35  -82
11 36  84
12 2  34
12 4  -83
12 5  -75
12 6  -94
12 11  -37
12 13  9
12 15  89
12 17  50
12 19  -24
12 21  84
13 2  72
13 3  34
13 4  33
13 5  -19
13 6  -82
13 7  -83
13 8  -75
13 9  -94
14 3  72
14 7  33
14 8  -19
14 9  -82
15 4  -84
15 5  -64
15 6  34
15 13  -37
15 17  89
15 21  -24
15 22  33
15 23  -83
15 24  -19
15 25  -75
15 26  -82
15 27  -94
15 39  9
15 42  50
15 45  84
16 4  13
16 5  54
16 6  72
16 7  -84
16 8  -64
16 9  34
16 23  33
16 25  -19
16 27  -82
16 29  97
16 30  -83
16 32  -62
16 33  -75
16 35  58
16 36  -94
17 7  13
17 8  54
17 9  72
17 29  99
17 30  33
17 32  19
17 33  -19
17 35  82
17 36  -82
18 46  -19
18 47  -82
18 58  -64
18 59  67
18 61  34
18 62  30
19 49  -64
19 51  34
19 58  54
19 59  89
19 61  72
19 62  -24
20 49  54
20 50  -64
20 51  72
20 52  34
21 50  54
21 52  72
22 46  54
22 47  72
28 28  84
28 31  81
28 55  -75
28 56  -94
29 28  50
29 31  84
29 55  -19
29 56  -82
30 46  19
30 47  82
30 58  -77
30 59  -64
30 60  67
30 61  37
30 62  34
30 63  30
31 49  -77
31 51  37
31 58  23
31 59  54
31 60  89
31 61  8
31 62  72
31 63  -24
32 49  23
32 50  -77
32 51  8
32 52  37
33 50  23
33 52  8
34 46  23
34 47  8
40 28  -75
40 29  84
40 31  -94
40 32  81
40 55  -62
40 56  58
41 28  -19
41 29  50
41 31  -82
41 32  84
41 55  19
41 56  82
42 59  -77
42 60  -64
42 62  37
42 63  34
43 59  23
43 60  54
43 62  8
43 63  72
47 4  84
47 5  81
48 4  50
48 5  84
48 7  84
48 8  81
49 7  50
49 8  84
50 22  84
50 24  81
50 37  50
50 40  84
51 4  67
51 5  30
51 22  50
51 23  84
51 24  84
51 25  81
52 4  89
52 5  -24
52 7  67
52 8  30
52 23  50
52 25  84
52 28  -62
52 29  -75
52 30  84
52 31  58
52 32  -94
52 33  81
53 7  89
53 8  -24
53 28  19
53 29  -19
53 30  50
53 31  82
53 32  -82
53 33  84
54 10  50
54 11  84
54 14  84
54 15  81
54 60  -77
54 63  37
55 11  50
55 15  84
55 60  23
55 63  8
58 10  89
58 11  67
58 12  50
58 13  84
58 14  -24
58 15  30
58 16  84
58 17  81
59 4  -75
59 5  -94
59 11  89
59 13  50
59 15  -24
59 17  84
60 4  -19
60 5  -82
60 7  -75
60 8  -94
61 7  -19
61 8  -82
62 12  89
62 13  67
62 16  -24
62 17  30
62 22  -75
62 24  -94
62 37  -19
62 38  50
62 39  84
62 40  -82
62 41  84
62 42  81
63 4  -64
63 5  34
63 13  89
63 17  -24
63 22  -19
63 23  -75
63 24  -82
63 25  -94
63 39  50
63 42  84
