size: 145
Tuples
1 30  -27
1 33  -90
1 36  -87
16 0  39
17 0  -89
17 1  39
17 2  -18
17 3  99
18 4  -89
18 5  39
19 5  -89
19 6  39
20 0  21
20 6  -89
20 7  39
21 0  -80
21 1  21
21 2  -63
21 3  -85
21 7  -89
21 8  39
21 9  -18
21 10  99
22 11  -80
22 12  21
22 13  -89
22 14  39
23 12  -80
23 14  -89
23 15  21
23 16  39
24 15  -80
24 16  -89
24 17  21
24 18  39
25 17  -80
25 18  -89
25 19  21
25 20  39
25 21  -63
25 22  -18
25 23  -85
25 24  99
26 13  -80
26 14  21
26 25  -89
26 26  39
27 14  -80
27 16  21
27 26  -89
27 27  39
28 0  -61
28 16  -80
28 18  21
28 27  -89
28 53  39
29 0  -70
29 1  -61
29 2  -17
29 3  -11
29 18  -80
29 20  21
29 22  -63
29 24  -85
29 53  -89
29 54  39
29 57  -18
29 59  99
30 4  -70
30 5  -61
30 25  -80
30 26  21
31 5  -70
31 6  -61
31 26  -80
31 27  21
32 0  67
32 6  -70
32 7  -61
32 27  -80
32 53  21
32 55  39
33 0  40
33 1  67
33 2  -82
33 3  -66
33 7  -70
33 8  -61
33 9  -17
33 10  -11
33 53  -80
33 54  21
33 55  -89
33 56  39
33 57  -63
33 58  -18
33 59  -85
33 60  99
37 31  -27
37 32  81
37 33  67
37 34  -90
37 35  10
37 36  -82
37 46  99
37 61  -11
41 32  -27
41 35  -90
41 38  81
41 39  10
41 40  99
41 46  -85
41 61  -66
41 62  -11
45 38  -27
45 39  -90
45 40  -85
45 41  99
45 62  -66
45 63  -11
49 33  -27
49 36  -90
49 46  -11
49 47  99
49 49  -85
49 61  -3
51 4  80
51 5  -1
51 25  60
51 26  -22
55 46  -3
55 47  -11
55 48  99
55 49  -66
55 50  -85
61 21  21
61 22  39
61 23  -63
61 24  -18
61 47  -3
61 48  -11
61 49  -87
61 50  -66
61 51  -85
61 52  99
