size: 80
Tuples
0 8  -72
0 9  -94
0 30  -46
0 31  80
0 63  -35
1 9  -72
1 15  -94
1 21  56
1 27  68
1 31  -46
1 34  80
1 37  80
1 40  -21
5 16  -43
5 18  -74
5 22  -89
5 24  -21
5 53  34
5 57  -90
9 16  -86
9 17  -43
9 18  34
9 19  -74
9 22  -11
9 23  -89
9 24  -90
9 25  -21
13 17  -86
13 19  34
13 23  -11
13 25  -90
13 35  -43
13 36  -74
13 38  -89
13 39  -21
17 16  80
17 18  -43
17 20  -74
17 22  80
17 24  -89
17 26  -21
17 53  -86
17 54  34
17 57  -11
17 58  -90
21 4  60
21 5  -53
21 10  -28
21 12  -1
21 14  -16
21 16  -35
21 18  -90
21 20  93
21 22  -41
21 24  -29
21 26  -40
21 49  11
21 50  -22
21 53  66
21 54  -29
21 57  68
21 58  48
23 18  80
23 20  -43
23 24  80
23 26  -89
23 53  -94
23 54  -86
23 55  34
23 56  -74
23 57  56
23 58  -11
23 59  -90
23 60  -21
24 20  -82
24 21  -28
24 26  54
24 27  -35
24 56  11
24 60  66
