size: 215
Tuples
12 3  -74
12 7  -21
12 11  -1
12 17  34
12 21  -90
13 3  51
13 4  -74
13 7  49
13 8  -21
13 11  -10
13 12  -1
13 17  -45
13 18  34
13 21  52
13 22  -90
13 25  14
14 4  51
14 8  49
14 12  -10
14 18  -45
14 22  52
14 26  14
15 3  34
15 5  -74
15 7  -90
15 9  -21
15 13  -1
16 3  -45
16 4  34
16 5  51
16 6  -74
16 7  52
16 8  -90
16 9  49
16 10  -21
16 11  14
16 13  -10
16 14  -1
17 4  -45
17 6  51
17 8  52
17 10  49
17 12  14
17 14  -10
18 27  -72
18 28  -94
18 29  -46
18 30  80
18 31  -35
18 32  -86
18 33  4
18 34  -43
18 35  -45
18 36  34
18 37  51
18 38  -74
18 39  -38
18 40  56
18 41  -97
18 42  80
18 43  -80
18 44  52
18 45  -1
18 46  68
18 47  41
18 48  -21
18 49  73
18 50  14
19 28  -72
19 30  -46
19 32  -35
19 34  4
19 36  -45
19 38  51
19 40  -38
19 42  -97
19 46  -1
19 48  41
19 51  -94
19 52  80
19 53  -86
19 54  -43
19 55  34
19 56  -74
19 57  56
19 58  80
19 59  68
19 60  -21
20 51  -72
20 52  -46
20 53  -35
20 54  4
20 55  -45
20 56  51
20 57  -38
20 58  -97
20 59  -1
20 60  41
20 61  -94
20 62  80
20 63  -86
21 61  -72
21 62  -46
21 63  -35
22 29  -72
22 30  -94
22 33  -35
22 34  -86
22 37  -45
22 38  34
22 41  -38
22 42  56
22 47  -1
22 48  68
23 30  -72
23 34  -35
23 38  -45
23 42  -38
23 48  -1
23 52  -94
23 54  -86
23 56  34
23 58  56
23 60  68
24 52  -72
24 54  -35
24 56  -45
24 58  -38
24 60  -1
24 62  -94
25 62  -72
30 31  -72
30 32  -94
30 33  -46
30 34  80
30 35  -35
30 36  -86
30 37  4
30 38  -43
30 43  -38
30 44  -80
30 49  -1
30 50  73
31 32  -72
31 34  -46
31 36  -35
31 38  4
31 53  -94
31 54  80
31 55  -86
31 56  -43
32 53  -72
32 54  -46
32 55  -35
32 56  4
32 63  -94
33 63  -72
34 33  -72
34 34  -94
34 37  -35
34 38  -86
35 34  -72
35 38  -35
35 54  -94
35 56  -86
36 54  -72
36 56  -35
42 35  -72
42 36  -94
42 37  -46
42 38  80
42 44  -38
42 50  -1
43 36  -72
43 38  -46
43 55  -94
43 56  80
44 55  -72
44 56  -46
46 37  -72
46 38  -94
47 38  -72
47 56  -94
48 56  -72
55 15  -90
55 17  -21
55 21  -1
56 15  52
56 16  -90
56 17  49
56 18  -21
56 19  14
56 21  -10
56 22  -1
57 16  52
57 18  49
57 20  14
57 22  -10
59 3  -21
59 7  -1
59 17  -90
60 3  49
60 4  -21
60 7  -10
60 8  -1
60 17  52
60 18  -90
60 21  14
61 4  49
61 8  -10
61 18  52
61 22  14
63 3  -90
63 5  -21
63 9  -1
