size: 449
Tuples
2 0  -97
2 1  80
2 2  -80
2 3  6
2 4  -89
2 5  52
2 6  49
2 7  -21
2 8  -1
2 9  41
2 10  -21
2 11  73
2 12  -63
2 13  53
2 14  14
2 15  -10
2 16  -1
3 1  5
3 4  36
3 7  30
3 10  -94
3 13  63
3 16  18
3 17  -28
3 18  -1
3 19  -16
3 20  -35
3 21  -90
3 22  93
3 23  -41
3 24  -29
3 25  -40
4 2  -97
4 5  6
4 11  41
4 14  -63
4 26  -72
4 27  -35
4 28  -45
4 29  34
4 30  51
4 31  -74
4 32  -38
4 33  -80
4 34  52
4 35  -90
4 36  49
4 37  -21
4 38  -1
4 39  73
4 40  14
4 42  -10
4 43  -1
5 44  -72
5 45  -94
5 46  -35
5 47  -86
5 48  -45
5 49  34
5 50  51
5 51  -74
5 52  -38
5 53  56
5 54  -80
5 55  -11
5 56  52
5 57  -90
5 58  49
5 59  -21
5 60  -1
5 61  68
5 62  73
5 63  87
6 29  60
6 31  -53
6 35  -88
6 37  30
6 41  83
6 43  18
6 50  -22
6 58  -29
7 50  60
7 51  -22
7 58  -88
7 59  -29
8 5  -97
8 14  41
8 27  -72
8 28  -35
8 29  -86
8 30  4
8 31  -43
8 33  -38
8 34  -80
8 35  -11
8 36  6
8 37  -89
8 39  -1
8 40  73
8 41  87
8 42  -63
8 43  53
9 4  5
9 7  36
9 13  -94
9 16  63
9 18  -28
9 19  -1
9 21  -35
9 22  -90
9 24  -41
9 25  -29
9 31  60
9 37  -88
9 43  83
10 18  -34
10 19  80
10 21  5
10 22  36
10 24  -94
10 25  63
11 5  -38
11 6  -97
11 7  80
11 14  -1
11 15  41
11 16  -21
11 30  -35
11 31  -86
11 36  -80
11 37  -11
11 42  73
11 43  87
12 2  6
12 5  49
12 8  41
12 11  -63
12 14  -10
12 26  -35
12 27  -45
12 32  -80
12 33  52
12 38  73
12 39  14
13 44  -35
13 45  -86
13 46  -45
13 47  34
13 52  -80
13 53  -11
13 54  52
13 55  -90
13 60  73
13 61  87
13 62  14
14 17  -34
14 18  80
14 19  -53
14 20  5
14 21  36
14 22  30
14 23  -94
14 24  63
14 25  18
15 44  -86
15 46  34
15 52  -11
15 54  -90
15 60  87
16 19  -34
16 22  5
16 25  -94
17 46  -72
17 47  -94
17 48  -35
17 49  -86
17 50  4
17 51  -43
17 54  -38
17 55  56
17 56  -80
17 57  -11
17 58  6
17 59  -89
17 62  -1
17 63  68
18 26  30
18 32  18
19 44  -29
19 52  48
20 44  -88
20 45  -29
20 52  83
20 53  48
21 29  4
21 35  6
21 41  -63
21 46  -94
21 48  -86
21 50  -43
21 54  56
21 56  -11
21 58  -89
21 62  68
22 2  18
22 26  -88
22 32  83
25 27  -46
25 28  4
25 29  -43
25 33  -97
25 34  6
25 35  -89
25 39  41
25 40  -63
25 41  53
26 0  63
26 1  -29
26 2  83
26 3  18
26 4  -40
27 1  63
27 4  18
27 17  -90
27 18  93
27 20  -29
27 21  -40
28 17  36
28 18  30
28 20  63
28 21  18
29 2  -38
29 3  -97
29 4  80
29 5  -80
29 6  6
29 7  -89
29 11  -1
29 12  41
29 13  -21
29 14  73
29 15  -63
29 16  53
29 30  -45
29 31  34
29 36  52
29 37  -90
29 42  14
30 26  36
30 27  30
30 32  63
30 33  18
31 44  66
31 46  -29
31 52  68
31 54  48
32 44  76
32 45  66
32 46  -88
32 47  -29
32 52  -21
32 53  68
32 54  83
32 55  48
33 29  51
33 35  49
33 41  -10
33 44  -94
33 46  -86
33 48  34
33 50  -74
33 52  56
33 54  -11
33 56  -90
33 58  -21
33 60  68
33 62  87
34 2  63
34 5  18
34 26  76
34 27  -88
34 32  -21
34 33  83
38 0  -94
38 1  -41
38 2  -21
38 3  63
38 4  -29
38 5  83
38 6  18
38 7  -40
39 1  -94
39 4  63
39 7  18
39 17  -35
39 18  -90
39 19  93
39 20  -41
39 21  -29
39 22  -40
40 17  5
40 18  36
40 19  30
40 20  -94
40 21  63
40 22  18
42 26  5
42 27  36
42 28  30
42 29  93
42 32  -94
42 33  63
42 34  18
42 35  -40
43 29  30
43 35  18
43 44  54
43 46  66
43 48  -29
43 50  93
43 52  -98
43 54  68
43 56  48
43 58  -40
44 44  -66
44 45  54
44 46  76
44 47  66
44 48  -88
44 49  -29
44 50  30
44 51  93
44 52  -35
44 53  -98
44 54  -21
44 55  68
44 56  83
44 57  48
44 58  18
44 59  -40
45 45  -66
45 47  76
45 49  -88
45 51  30
45 53  -35
45 55  -21
45 57  83
45 59  18
46 2  -94
46 5  63
46 26  -66
46 27  76
46 28  -88
46 29  -29
46 30  30
46 31  93
46 32  -35
46 33  -21
46 34  83
46 35  48
46 36  18
46 37  -40
47 29  -88
47 31  30
47 35  83
47 37  18
47 50  -29
47 58  48
48 50  -88
48 51  -29
48 58  83
48 59  48
49 51  -88
49 59  83
50 2  -35
50 3  -94
50 4  -41
50 5  -21
50 6  63
50 7  -29
50 30  -88
50 31  -29
50 36  83
50 37  48
51 4  -94
51 7  63
51 18  -35
51 19  -90
51 21  -41
51 22  -29
51 31  -88
51 37  83
52 18  5
52 19  36
52 21  -94
52 22  63
54 27  5
54 28  36
54 29  -90
54 33  -94
54 34  63
54 35  -29
55 29  36
55 35  63
55 46  54
55 48  66
55 50  -90
55 54  -98
55 56  68
55 58  -29
56 46  -66
56 47  54
56 48  76
56 49  66
56 50  36
56 51  -90
56 54  -35
56 55  -98
56 56  -21
56 57  68
56 58  63
56 59  -29
57 47  -66
57 49  76
57 51  36
57 55  -35
57 57  -21
57 59  63
58 5  -94
58 27  -66
58 28  76
58 29  66
58 30  36
58 31  -90
58 33  -35
58 34  -21
58 35  68
58 36  63
58 37  -29
59 29  76
59 31  36
59 35  -21
59 37  63
59 50  66
59 58  68
60 45  -88
60 53  83
63 51  60
63 59  -88
