size: 339
Tuples
0 2  -72
0 3  88
0 4  -20
0 5  -63
1 4  -72
1 5  88
1 10  32
1 12  49
1 14  -63
1 16  -51
1 18  -73
1 20  -68
1 22  86
1 24  -26
1 26  -44
1 49  -52
1 50  -20
1 53  9
1 57  -11
1 58  41
2 0  -72
2 1  -20
2 6  88
2 7  -63
3 1  -72
3 3  -20
3 7  88
3 8  -63
4 3  -72
4 5  -20
4 8  88
4 9  -63
5 5  -72
5 9  88
5 10  -4
5 11  32
5 12  -52
5 13  49
5 14  -20
5 15  -63
5 16  -95
5 17  -51
5 18  9
5 19  -73
5 21  -68
5 22  -38
5 23  86
5 24  -11
5 25  -26
5 26  41
5 27  -44
6 6  -72
6 7  -20
6 28  88
6 29  -63
7 7  -72
7 8  -20
7 29  88
7 30  -63
8 8  -72
8 9  -20
8 30  88
8 31  -63
9 9  -72
9 11  -4
9 13  -52
9 15  -20
9 17  -95
9 19  9
9 23  -38
9 25  -11
9 27  41
9 31  88
9 32  32
9 33  49
9 34  -63
9 35  -51
9 36  -73
9 37  -68
9 38  86
9 39  -26
9 40  -44
10 0  32
10 1  49
10 41  -72
10 42  -20
10 43  88
10 44  -63
11 1  32
11 2  -52
11 3  49
11 42  -72
11 44  88
11 45  -20
11 46  -63
12 2  -56
12 3  32
12 4  -52
12 5  49
12 45  -72
12 46  88
12 47  -20
12 48  -63
13 4  -56
13 5  32
13 12  32
13 14  49
13 18  -51
13 20  -73
13 24  86
13 26  -26
13 47  -72
13 48  88
13 49  -4
13 50  -52
13 51  -20
13 52  -63
13 53  -95
13 54  9
13 56  -68
13 57  -38
13 58  -11
13 59  41
13 60  -44
14 0  -56
14 1  -52
14 6  32
14 7  49
14 43  -72
14 44  -20
14 61  88
14 62  -63
15 1  -56
15 3  -52
15 7  32
15 8  49
15 44  -72
15 46  -20
15 62  88
15 63  -63
16 3  -56
16 5  -52
16 8  32
16 9  49
16 46  -72
16 48  -20
16 63  88
17 5  -56
17 9  32
17 12  -4
17 13  32
17 14  -52
17 15  49
17 18  -95
17 19  -51
17 20  9
17 21  -73
17 24  -38
17 25  86
17 26  -11
17 27  -26
17 48  -72
17 52  -20
17 60  41
18 6  -56
18 7  -52
18 28  32
18 29  49
18 61  -72
18 62  -20
19 7  -56
19 8  -52
19 29  32
19 30  49
19 62  -72
19 63  -20
20 8  -56
20 9  -52
20 30  32
20 31  49
20 63  -72
21 9  -56
21 13  -4
21 15  -52
21 19  -95
21 21  9
21 25  -38
21 27  -11
21 31  32
21 33  32
21 34  49
21 36  -51
21 37  -73
21 39  86
21 40  -26
22 0  -19
22 1  32
22 41  -56
22 42  -52
22 43  32
22 44  49
23 1  -19
23 2  -4
23 3  32
23 42  -56
23 44  32
23 45  -52
23 46  49
24 2  -79
24 3  -19
24 4  -4
24 5  32
24 45  -56
24 46  32
24 47  -52
24 48  49
25 4  -79
25 5  -19
25 14  32
25 20  -51
25 26  86
25 47  -56
25 48  32
25 50  -4
25 51  -52
25 52  49
25 54  -95
25 55  9
25 56  -73
25 58  -38
25 59  -11
25 60  -26
26 0  -79
26 1  -4
26 6  -19
26 7  32
26 43  -56
26 44  -52
26 61  32
26 62  49
27 1  -79
27 3  -4
27 7  -19
27 8  32
27 44  -56
27 46  -52
27 62  32
27 63  49
28 3  -79
28 5  -4
28 8  -19
28 9  32
28 46  -56
28 48  -52
28 63  32
29 5  -79
29 9  -19
29 14  -4
29 15  32
29 20  -95
29 21  -51
29 26  -38
29 27  86
29 48  -56
29 52  -52
29 56  9
29 60  -11
30 6  -79
30 7  -4
30 28  -19
30 29  32
30 61  -56
30 62  -52
31 7  -79
31 8  -4
31 29  -19
31 30  32
31 62  -56
31 63  -52
32 8  -79
32 9  -4
32 30  -19
32 31  32
32 63  -56
33 9  -79
33 15  -4
33 21  -95
33 27  -38
33 31  -19
33 34  32
33 37  -51
33 40  86
37 16  49
37 18  -63
37 22  -73
37 24  -68
37 53  -20
41 16  -52
41 17  49
41 18  -20
41 19  -63
41 22  9
41 23  -73
41 25  -68
45 17  -52
45 19  -20
45 23  9
45 35  49
45 36  -63
45 38  -73
45 39  -68
49 16  32
49 18  49
49 20  -63
49 22  -51
49 24  -73
49 26  -68
49 53  -52
49 54  -20
49 57  9
55 18  32
55 20  49
55 24  -51
55 26  -73
55 53  -4
55 54  -52
55 55  -20
55 56  -63
55 57  -95
55 58  9
55 60  -68
61 20  32
61 26  -51
61 54  -4
61 55  -52
61 56  49
61 58  -95
61 59  9
61 60  -73
