size: 742
Tuples
0 11  23
0 23  8
0 41  -77
0 47  37
1 41  23
1 47  8
2 0  -83
2 4  11
2 12  -75
2 16  84
2 24  -94
2 28  81
3 0  33
3 1  -83
3 4  9
3 5  11
3 12  -19
3 13  -75
3 16  50
3 17  84
3 24  -82
3 25  -94
3 28  84
3 29  81
4 1  33
4 5  9
4 13  -19
4 17  50
4 25  -82
4 29  84
4 36  -83
4 38  11
4 42  -75
4 44  84
4 48  -94
4 50  81
5 36  33
5 38  9
5 42  -19
5 44  50
5 48  -82
5 50  84
6 0  -84
6 2  -83
6 4  11
6 6  11
6 12  -64
6 14  -75
6 16  67
6 18  84
6 24  34
6 26  -94
6 28  30
6 30  81
6 54  33
6 57  9
6 63  -19
7 0  13
7 1  -84
7 2  33
7 3  -83
7 4  -37
7 5  11
7 6  9
7 7  11
7 12  54
7 13  -64
7 14  -19
7 15  -75
7 16  89
7 17  67
7 18  50
7 19  84
7 24  72
7 25  34
7 26  -82
7 27  -94
7 28  -24
7 29  30
7 30  84
7 31  81
8 1  13
8 3  33
8 5  -37
8 7  9
8 13  54
8 15  -19
8 17  89
8 19  50
8 25  72
8 27  -82
8 29  -24
8 31  84
8 36  -84
8 37  -83
8 38  11
8 39  11
8 42  -64
8 43  -75
8 44  67
8 45  84
8 48  34
8 49  -94
8 50  30
8 51  81
9 36  13
9 37  33
9 38  -37
9 39  9
9 42  54
9 43  -19
9 44  89
9 45  50
9 48  72
9 49  -82
9 50  -24
9 51  84
10 2  -84
10 6  11
10 14  -64
10 18  67
10 26  34
10 30  30
10 54  13
10 55  33
10 56  -83
10 57  -37
10 58  9
10 59  11
10 63  54
11 2  13
11 3  -84
11 6  -37
11 7  11
11 14  54
11 15  -64
11 18  89
11 19  67
11 26  72
11 27  34
11 30  -24
11 31  30
11 56  33
11 59  9
12 3  13
12 7  -37
12 15  54
12 19  89
12 27  72
12 31  -24
12 37  -84
12 39  11
12 43  -64
12 45  67
12 49  34
12 51  30
13 37  13
13 39  -37
13 43  54
13 45  89
13 49  72
13 51  -24
14 0  97
14 4  -83
14 8  11
14 12  -62
14 16  -75
14 20  84
14 24  58
14 28  -94
14 32  81
15 0  99
15 1  97
15 4  33
15 5  -83
15 8  9
15 9  11
15 12  19
15 13  -62
15 16  -19
15 17  -75
15 20  50
15 21  84
15 24  82
15 25  58
15 28  -82
15 29  -94
15 32  84
15 33  81
16 1  99
16 5  33
16 9  9
16 13  19
16 17  -19
16 21  50
16 25  82
16 29  -82
16 33  84
16 36  97
16 38  -83
16 40  11
16 42  -62
16 44  -75
16 46  84
16 48  58
16 50  -94
16 52  81
17 36  99
17 38  33
17 40  9
17 42  19
17 44  -19
17 46  50
17 48  82
17 50  -82
17 52  84
18 0  -92
18 2  97
18 4  -84
18 6  -83
18 8  11
18 10  11
18 12  -77
18 14  -62
18 16  -64
18 18  -75
18 20  67
18 22  84
18 24  37
18 26  58
18 28  34
18 30  -94
18 32  30
18 34  81
18 54  99
18 57  33
18 60  9
18 63  19
19 2  -92
19 6  -84
19 10  11
19 14  -77
19 18  -64
19 22  67
19 26  37
19 30  34
19 34  30
19 54  94
19 55  99
19 56  97
19 57  13
19 58  33
19 59  -83
19 60  -37
19 61  9
19 62  11
19 63  23
20 4  97
20 8  -83
20 16  -62
20 20  -75
20 28  58
20 32  -94
21 4  99
21 5  97
21 8  33
21 9  -83
21 16  19
21 17  -62
21 20  -19
21 21  -75
21 28  82
21 29  58
21 32  -82
21 33  -94
22 5  99
22 9  33
22 17  19
22 21  -19
22 29  82
22 33  -82
22 38  97
22 40  -83
22 44  -62
22 46  -75
22 50  58
22 52  -94
23 38  99
23 40  33
23 44  19
23 46  -19
23 50  82
23 52  -82
24 4  -92
24 6  97
24 8  -84
24 10  -83
24 16  -77
24 18  -62
24 20  -64
24 22  -75
24 28  37
24 30  58
24 32  34
24 34  -94
24 57  99
24 60  33
25 6  -92
25 10  -84
25 18  -77
25 22  -64
25 30  37
25 34  34
25 57  94
25 58  99
25 59  97
25 60  13
25 61  33
25 62  -83
26 8  97
26 20  -62
26 32  58
27 8  99
27 9  97
27 20  19
27 21  -62
27 32  82
27 33  58
28 9  99
28 21  19
28 33  82
28 40  97
28 46  -62
28 52  58
29 40  99
29 46  19
29 52  82
30 8  -92
30 10  97
30 20  -77
30 22  -62
30 32  37
30 34  58
30 60  99
31 10  -92
31 22  -77
31 34  37
31 60  94
31 61  99
31 62  97
32 0  -79
32 1  -4
32 2  -19
32 3  32
32 4  -56
32 5  -52
32 6  32
32 7  49
32 8  -72
32 9  -20
32 10  88
32 11  -63
32 12  -49
32 13  -95
32 14  -37
32 15  -51
32 16  -12
32 17  9
32 18  19
32 19  -73
32 20  -59
32 22  71
32 23  -68
32 24  -47
32 25  -38
32 26  21
32 27  86
32 28  -28
32 29  -11
32 30  35
32 31  -26
32 32  40
32 33  41
32 34  -24
32 35  -44
33 1  -79
33 3  -19
33 5  -56
33 7  32
33 9  -72
33 11  88
33 13  -49
33 15  -37
33 17  -12
33 19  19
33 21  -59
33 23  71
33 25  -47
33 27  21
33 29  -28
33 31  35
33 33  40
33 35  -24
33 36  -4
33 37  32
33 38  -52
33 39  49
33 40  -20
33 41  -63
33 42  -95
33 43  -51
33 44  9
33 45  -73
33 47  -68
33 48  -38
33 49  86
33 50  -11
33 51  -26
33 52  41
33 53  -44
34 36  -79
34 37  -19
34 38  -56
34 39  32
34 40  -72
34 41  88
34 42  -49
34 43  -37
34 44  -12
34 45  19
34 46  -59
34 47  71
34 48  -47
34 49  21
34 50  -28
34 51  35
34 52  40
34 53  -24
35 2  -79
35 3  -4
35 6  -56
35 7  -52
35 10  -72
35 11  -20
35 14  -49
35 15  -95
35 18  -12
35 19  9
35 22  -59
35 26  -47
35 27  -38
35 30  -28
35 31  -11
35 34  40
35 35  41
35 56  -19
35 59  32
35 62  88
36 3  -79
36 7  -56
36 11  -72
36 15  -49
36 19  -12
36 23  -59
36 27  -47
36 31  -28
36 35  40
36 37  -4
36 39  -52
36 41  -20
36 43  -95
36 45  9
36 49  -38
36 51  -11
36 53  41
37 37  -79
37 39  -56
37 41  -72
37 43  -49
37 45  -12
37 47  -59
37 49  -47
37 51  -28
37 53  40
38 4  -79
38 5  -4
38 6  -19
38 7  32
38 8  -56
38 9  -52
38 10  32
38 11  49
38 16  -49
38 17  -95
38 18  -37
38 19  -51
38 20  -12
38 21  9
38 22  19
38 23  -73
38 28  -47
38 29  -38
38 30  21
38 31  86
38 32  -28
38 33  -11
38 34  35
38 35  -26
39 5  -79
39 7  -19
39 9  -56
39 11  32
39 17  -49
39 19  -37
39 21  -12
39 23  19
39 29  -47
39 31  21
39 33  -28
39 35  35
39 38  -4
39 39  32
39 40  -52
39 41  49
39 44  -95
39 45  -51
39 46  9
39 47  -73
39 50  -38
39 51  86
39 52  -11
39 53  -26
40 38  -79
40 39  -19
40 40  -56
40 41  32
40 44  -49
40 45  -37
40 46  -12
40 47  19
40 50  -47
40 51  21
40 52  -28
40 53  35
41 6  -79
41 7  -4
41 10  -56
41 11  -52
41 18  -49
41 19  -95
41 22  -12
41 23  9
41 30  -47
41 31  -38
41 34  -28
41 35  -11
41 59  -19
41 62  32
42 7  -79
42 11  -56
42 19  -49
42 23  -12
42 31  -47
42 35  -28
42 39  -4
42 41  -52
42 45  -95
42 47  9
42 51  -38
42 53  -11
43 39  -79
43 41  -56
43 45  -49
43 47  -12
43 51  -47
43 53  -28
44 8  -79
44 9  -4
44 10  -19
44 11  32
44 20  -49
44 21  -95
44 22  -37
44 23  -51
44 32  -47
44 33  -38
44 34  21
44 35  86
45 9  -79
45 11  -19
45 21  -49
45 23  -37
45 33  -47
45 35  21
45 40  -4
45 41  32
45 46  -95
45 47  -51
45 52  -38
45 53  86
46 40  -79
46 41  -19
46 46  -49
46 47  -37
46 52  -47
46 53  21
47 10  -79
47 11  -4
47 22  -49
47 23  -95
47 34  -47
47 35  -38
47 62  -19
48 11  -79
48 23  -49
48 35  -47
48 41  -4
48 47  -95
48 53  -38
49 41  -79
49 47  -49
49 53  -47
50 0  -73
50 4  -68
50 12  -26
50 16  -44
51 0  19
51 1  -73
51 4  71
51 5  -68
51 12  35
51 13  -26
51 16  -24
51 17  -44
52 1  19
52 5  71
52 13  35
52 17  -24
52 36  -73
52 38  -68
52 42  -26
52 44  -44
53 36  19
53 38  71
53 42  35
53 44  -24
54 0  9
54 2  -73
54 6  -68
54 12  -11
54 14  -26
54 16  41
54 18  -44
54 54  19
54 57  71
54 63  35
55 0  -12
55 1  9
55 2  19
55 3  -73
55 4  -59
55 6  71
55 7  -68
55 12  -28
55 13  -11
55 14  35
55 15  -26
55 16  40
55 17  41
55 18  -24
55 19  -44
56 1  -12
56 3  19
56 5  -59
56 7  71
56 13  -28
56 15  35
56 17  40
56 19  -24
56 36  9
56 37  -73
56 39  -68
56 42  -11
56 43  -26
56 44  41
56 45  -44
57 36  -12
57 37  19
57 38  -59
57 39  71
57 42  -28
57 43  35
57 44  40
57 45  -24
58 2  9
58 14  -11
58 18  41
58 54  -12
58 55  19
58 56  -73
58 57  -59
58 58  71
58 59  -68
58 63  -28
59 2  -12
59 3  9
59 6  -59
59 14  -28
59 15  -11
59 18  40
59 19  41
59 56  19
59 59  71
60 3  -12
60 7  -59
60 15  -28
60 19  40
60 37  9
60 43  -11
60 45  41
61 37  -12
61 39  -59
61 43  -28
61 45  40
62 0  -51
62 4  -73
62 8  -68
62 12  86
62 16  -26
62 20  -44
63 0  -37
63 1  -51
63 4  19
63 5  -73
63 8  71
63 9  -68
63 12  21
63 13  86
63 16  35
63 17  -26
63 20  -24
63 21  -44
