size: 355
Tuples
0 2  -80
0 3  -89
0 4  21
0 5  39
1 4  -80
1 5  -89
1 10  81
1 12  -61
1 14  39
1 16  10
1 18  -17
1 20  -18
1 22  -3
1 24  -11
1 26  99
1 49  67
1 50  21
1 53  -82
1 54  -63
1 57  -66
1 58  -85
2 0  -80
2 1  21
2 6  -89
2 7  39
3 1  -80
3 3  21
3 7  -89
3 8  39
4 3  -80
4 5  21
4 8  -89
4 9  39
5 5  -80
5 9  -89
5 10  -27
5 11  81
5 12  67
5 13  -61
5 14  21
5 15  39
5 16  -90
5 17  10
5 18  -82
5 19  -17
5 20  -63
5 21  -18
5 22  -87
5 23  -3
5 24  -66
5 25  -11
5 26  -85
5 27  99
6 6  -80
6 7  21
6 28  -89
6 29  39
7 7  -80
7 8  21
7 29  -89
7 30  39
8 8  -80
8 9  21
8 30  -89
8 31  39
9 9  -80
9 11  -27
9 13  67
9 15  21
9 17  -90
9 19  -82
9 21  -63
9 23  -87
9 25  -66
9 27  -85
9 31  -89
9 32  81
9 33  -61
9 34  39
9 35  10
9 36  -17
9 37  -18
9 38  -3
9 39  -11
9 40  99
10 0  -70
10 1  -61
10 41  -80
10 42  21
10 43  -89
10 44  39
11 1  -70
11 2  67
11 3  -61
11 42  -80
11 44  -89
11 45  21
11 46  39
12 2  40
12 3  -70
12 4  67
12 5  -61
12 45  -80
12 46  -89
12 47  21
12 48  39
13 4  40
13 5  -70
13 12  81
13 14  -61
13 18  10
13 20  -17
13 24  -3
13 26  -11
13 47  -80
13 48  -89
13 49  -27
13 50  67
13 51  21
13 52  39
13 53  -90
13 54  -82
13 55  -63
13 56  -18
13 57  -87
13 58  -66
13 59  -85
13 60  99
14 0  40
14 1  67
14 6  -70
14 7  -61
14 43  -80
14 44  21
14 61  -89
14 62  39
15 1  40
15 3  67
15 7  -70
15 8  -61
15 44  -80
15 46  21
15 62  -89
15 63  39
16 3  40
16 5  67
16 8  -70
16 9  -61
16 46  -80
16 48  21
16 63  -89
17 5  40
17 9  -70
17 12  -27
17 13  81
17 14  67
17 15  -61
17 18  -90
17 19  10
17 20  -82
17 21  -17
17 24  -87
17 25  -3
17 26  -66
17 27  -11
17 48  -80
17 52  21
17 56  -63
17 60  -85
18 6  40
18 7  67
18 28  -70
18 29  -61
18 61  -80
18 62  21
19 7  40
19 8  67
19 29  -70
19 30  -61
19 62  -80
19 63  21
20 8  40
20 9  67
20 30  -70
20 31  -61
20 63  -80
21 9  40
21 13  -27
21 15  67
21 19  -90
21 21  -82
21 25  -87
21 27  -66
21 31  -70
21 33  81
21 34  -61
21 36  10
21 37  -17
21 39  -3
21 40  -11
22 0  -54
22 1  81
22 41  40
22 42  67
22 43  -70
22 44  -61
23 1  -54
23 2  -27
23 3  81
23 42  40
23 44  -70
23 45  67
23 46  -61
24 2  62
24 3  -54
24 4  -27
24 5  81
24 45  40
24 46  -70
24 47  67
24 48  -61
25 4  62
25 5  -54
25 14  81
25 20  10
25 26  -3
25 47  40
25 48  -70
25 50  -27
25 51  67
25 52  -61
25 54  -90
25 55  -82
25 56  -17
25 58  -87
25 59  -66
25 60  -11
26 0  62
26 1  -27
26 6  -54
26 7  81
26 43  40
26 44  67
26 61  -70
26 62  -61
27 1  62
27 3  -27
27 7  -54
27 8  81
27 44  40
27 46  67
27 62  -70
27 63  -61
28 3  62
28 5  -27
28 8  -54
28 9  81
28 46  40
28 48  67
28 63  -70
29 5  62
29 9  -54
29 14  -27
29 15  81
29 20  -90
29 21  10
29 26  -87
29 27  -3
29 48  40
29 52  67
29 56  -82
29 60  -66
30 6  62
30 7  -27
30 28  -54
30 29  81
30 61  40
30 62  67
31 7  62
31 8  -27
31 29  -54
31 30  81
31 62  40
31 63  67
32 8  62
32 9  -27
32 30  -54
32 31  81
32 63  40
33 9  62
33 15  -27
33 21  -90
33 27  -87
33 31  -54
33 34  81
33 37  10
33 40  -3
37 16  -61
37 18  39
37 22  -17
37 24  -18
37 53  21
37 57  -63
41 16  67
41 17  -61
41 18  21
41 19  39
41 22  -82
41 23  -17
41 24  -63
41 25  -18
45 17  67
45 19  21
45 23  -82
45 25  -63
45 35  -61
45 36  39
45 38  -17
45 39  -18
49 16  81
49 18  -61
49 20  39
49 22  10
49 24  -17
49 26  -18
49 53  67
49 54  21
49 57  -82
49 58  -63
51 6  -37
51 7  -82
51 28  -34
51 29  -28
51 61  -38
51 62  11
55 18  81
55 20  -61
55 24  10
55 26  -17
55 53  -27
55 54  67
55 55  21
55 56  39
55 57  -90
55 58  -82
55 59  -63
55 60  -18
61 20  81
61 26  10
61 54  -27
61 55  67
61 56  -61
61 58  -90
61 59  -82
61 60  -17
