size: 374
Tuples
2 16  -92
2 17  97
2 18  -84
2 19  -83
2 20  11
2 21  11
2 22  -77
2 23  -62
2 24  -64
2 25  -75
2 26  67
2 27  84
5 17  -92
5 19  -84
5 21  11
5 23  -77
5 25  -64
5 27  67
5 35  97
5 36  -83
5 37  11
5 38  -62
5 39  -75
5 40  84
8 18  -92
8 19  97
8 20  -84
8 21  -83
8 24  -77
8 25  -62
8 26  -64
8 27  -75
8 56  11
8 60  67
11 19  -92
11 21  -84
11 25  -77
11 27  -64
11 36  97
11 37  -83
11 39  -62
11 40  -75
14 20  -92
14 21  97
14 26  -77
14 27  -62
14 56  -84
14 60  -64
17 21  -92
17 27  -77
17 37  97
17 40  -62
21 10  -83
21 12  11
21 16  -75
21 18  84
21 22  -94
21 24  81
21 49  11
21 53  67
21 57  30
25 10  -84
25 11  -83
25 12  11
25 13  11
25 16  -64
25 17  -75
25 18  67
25 19  84
25 22  34
25 23  -94
25 24  30
25 25  81
29 11  -84
29 13  11
29 17  -64
29 19  67
29 23  34
29 25  30
29 32  -83
29 33  11
29 35  -75
29 36  84
29 38  -94
29 39  81
30 0  9
30 1  11
31 1  9
31 2  11
31 3  11
32 2  -37
32 3  9
32 4  11
32 5  11
33 4  -37
33 5  9
33 10  97
33 12  -83
33 14  11
33 16  -62
33 18  -75
33 20  84
33 22  58
33 24  -94
33 26  81
33 49  -84
33 50  11
33 53  -64
33 54  67
33 57  34
33 58  30
34 0  -37
34 1  11
34 6  9
34 7  11
35 1  -37
35 3  11
35 7  9
35 8  11
36 3  -37
36 5  11
36 8  9
36 9  11
37 5  -37
37 9  9
37 10  -92
37 11  97
37 12  -84
37 13  -83
37 14  11
37 15  11
37 16  -77
37 17  -62
37 18  -64
37 19  -75
37 20  67
37 21  84
37 22  37
37 23  58
37 24  34
37 25  -94
37 26  30
37 27  81
38 6  -37
38 7  11
38 28  9
38 29  11
39 7  -37
39 8  11
39 29  9
39 30  11
40 8  -37
40 9  11
40 30  9
40 31  11
41 9  -37
41 11  -92
41 13  -84
41 15  11
41 17  -77
41 19  -64
41 21  67
41 23  37
41 25  34
41 27  30
41 31  9
41 32  97
41 33  -83
41 34  11
41 35  -62
41 36  -75
41 37  84
41 38  58
41 39  -94
41 40  81
42 0  33
42 1  -83
42 41  -37
42 42  11
42 43  9
42 44  11
43 1  33
43 2  -84
43 3  -83
43 42  -37
43 44  9
43 45  11
43 46  11
44 2  13
44 3  33
44 4  -84
44 5  -83
44 45  -37
44 46  9
44 47  11
44 48  11
45 4  13
45 5  33
45 12  97
45 14  -83
45 18  -62
45 20  -75
45 24  58
45 26  -94
45 47  -37
45 48  9
45 49  -92
45 50  -84
45 51  11
45 52  11
45 53  -77
45 54  -64
45 55  67
45 56  84
45 57  37
45 58  34
45 59  30
45 60  81
46 0  13
46 1  -84
46 6  33
46 7  -83
46 43  -37
46 44  11
46 61  9
46 62  11
47 1  13
47 3  -84
47 7  33
47 8  -83
47 44  -37
47 46  11
47 62  9
47 63  11
48 3  13
48 5  -84
48 8  33
48 9  -83
48 46  -37
48 48  11
48 63  9
49 5  13
49 9  33
49 12  -92
49 13  97
49 14  -84
49 15  -83
49 18  -77
49 19  -62
49 20  -64
49 21  -75
49 24  37
49 25  58
49 26  34
49 27  -94
49 48  -37
49 52  11
49 56  67
49 60  30
50 6  13
50 7  -84
50 28  33
50 29  -83
50 61  -37
50 62  11
51 7  13
51 8  -84
51 29  33
51 30  -83
51 62  -37
51 63  11
52 8  13
52 9  -84
52 30  33
52 31  -83
52 63  -37
53 9  13
53 13  -92
53 15  -84
53 19  -77
53 21  -64
53 25  37
53 27  34
53 31  33
53 33  97
53 34  -83
53 36  -62
53 37  -75
53 39  58
53 40  -94
54 0  99
54 1  97
54 41  13
54 42  -84
54 43  33
54 44  -83
55 1  99
55 2  -92
55 3  97
55 42  13
55 44  33
55 45  -84
55 46  -83
56 2  94
56 3  99
56 4  -92
56 5  97
56 45  13
56 46  33
56 47  -84
56 48  -83
57 4  94
57 5  99
57 14  97
57 20  -62
57 26  58
57 47  13
57 48  33
57 50  -92
57 51  -84
57 52  -83
57 54  -77
57 55  -64
57 56  -75
57 58  37
57 59  34
57 60  -94
58 0  94
58 1  -92
58 6  99
58 7  97
58 43  13
58 44  -84
58 61  33
58 62  -83
59 1  94
59 3  -92
59 7  99
59 8  97
59 44  13
59 46  -84
59 62  33
59 63  -83
60 3  94
60 5  -92
60 8  99
60 9  97
60 46  13
60 48  -84
60 63  33
61 5  94
61 9  99
61 14  -92
61 15  97
61 20  -77
61 21  -62
61 26  37
61 27  58
61 48  13
61 52  -84
61 56  -64
61 60  34
62 6  94
62 7  -92
62 28  99
62 29  97
62 61  13
62 62  -84
63 7  94
63 8  -92
63 29  99
63 30  97
63 62  13
63 63  -84
