size: 168
Tuples
0 4  -80
0 5  73
0 7  -11
0 8  87
0 23  6
0 25  -63
0 29  80
0 30  -89
0 32  -21
0 33  53
1 7  -80
1 8  73
1 29  -97
1 30  6
1 32  41
1 33  -63
2 46  4
2 47  6
2 48  -63
2 58  -86
2 59  34
2 61  -11
2 62  -90
3 49  -86
3 51  -11
3 53  87
3 58  -35
3 59  -45
3 61  -80
3 62  52
4 49  -35
4 50  -86
4 51  -80
4 52  -11
4 53  73
4 54  87
5 50  -35
5 52  -80
5 54  73
6 46  -35
6 47  -80
6 48  73
12 28  -74
12 31  -21
12 34  -1
12 55  -43
12 56  -89
12 57  53
13 28  51
13 31  49
13 34  -10
13 55  4
13 56  6
13 57  -63
14 46  -46
14 47  -97
14 48  41
14 58  -94
14 59  -86
14 60  34
14 61  56
14 62  -11
14 63  -90
15 4  11
15 5  66
15 6  68
15 13  60
15 17  -88
15 21  83
15 22  80
15 23  -1
15 24  36
15 25  -90
15 26  63
15 27  -29
15 39  -53
15 42  30
15 45  18
16 2  -21
16 3  68
16 4  80
16 5  36
16 6  63
16 7  -1
16 8  -90
16 9  -29
17 50  -72
17 52  -38
17 54  -1
18 2  68
18 4  -1
18 5  -90
18 6  -29
18 11  60
18 13  -53
18 15  -88
18 17  30
18 19  83
18 21  18
19 46  80
19 47  36
19 48  63
19 58  11
19 59  -22
19 61  66
19 62  -29
20 59  -94
20 60  -86
20 62  56
20 63  -11
21 50  -66
21 52  -35
22 49  11
22 51  66
22 53  68
22 58  -38
22 59  60
22 61  76
22 62  -88
23 1  14
23 3  -10
24 3  -21
24 7  80
24 8  36
24 9  63
26 46  -38
26 47  76
26 48  -21
27 12  60
27 13  -22
27 16  -88
27 17  -29
27 20  83
27 21  48
27 22  -1
27 24  -90
27 26  -29
27 37  80
27 38  -53
27 39  -16
27 40  36
27 41  30
27 42  93
27 43  63
27 44  18
27 45  -40
28 49  -38
28 50  11
28 51  76
28 52  66
28 53  -21
28 54  68
29 10  60
29 11  -22
29 12  -53
29 13  -16
29 14  -88
29 15  -29
29 16  30
29 17  93
29 18  83
29 19  48
29 20  18
29 21  -40
30 0  -21
30 1  68
30 2  63
30 3  -29
