size: 222
Tuples
4 3  -92
4 4  97
4 5  -77
4 6  -62
5 3  94
5 4  99
5 5  23
5 6  19
6 19  99
6 20  97
6 21  19
6 22  -62
7 20  99
7 22  19
7 26  97
7 27  -62
8 4  -92
8 6  -77
8 26  99
8 27  19
8 31  97
8 32  -62
9 4  94
9 6  23
9 31  99
9 32  19
10 19  94
10 20  -92
10 21  23
10 22  -77
10 48  99
10 49  97
10 50  19
10 51  -62
11 20  94
11 22  23
11 26  -92
11 27  -77
11 49  99
11 51  19
11 55  97
11 56  -62
12 26  94
12 27  23
12 31  -92
12 32  -77
12 55  99
12 56  19
12 60  97
12 61  -62
13 31  94
13 32  23
13 60  99
13 61  19
14 33  -37
14 36  89
14 39  -24
20 7  11
20 9  67
20 11  30
20 33  13
20 34  -37
20 36  54
20 37  89
20 39  72
20 40  -24
21 7  -37
21 9  89
21 11  -24
26 7  -84
26 8  11
26 9  -64
26 10  67
26 11  34
26 12  30
26 33  94
26 34  13
26 35  -37
26 36  23
26 37  54
26 38  89
26 39  8
26 40  72
26 41  -24
27 7  13
27 8  -37
27 9  54
27 10  89
27 11  72
27 12  -24
52 0  49
52 1  -20
52 2  -63
52 3  -95
52 4  -51
52 5  -38
52 6  86
53 0  32
53 1  -72
53 2  88
53 3  -49
53 4  -37
53 5  -47
53 6  21
54 13  -19
54 14  32
54 15  32
54 16  49
54 17  88
54 18  -63
54 19  -37
54 20  -51
54 21  21
54 22  86
55 14  -19
55 16  32
55 18  88
55 20  -37
55 22  21
55 23  32
55 24  49
55 25  -63
55 26  -51
55 27  86
56 0  -52
56 2  -20
56 4  -95
56 6  -38
56 23  -19
56 24  32
56 25  88
56 26  -37
56 27  21
56 28  32
56 29  49
56 30  -63
56 31  -51
56 32  86
57 0  -56
57 2  -72
57 4  -49
57 6  -47
57 28  -19
57 29  32
57 30  88
57 31  -37
57 32  21
58 13  -79
58 14  -4
58 15  -56
58 16  -52
58 17  -72
58 18  -20
58 19  -49
58 20  -95
58 21  -47
58 22  -38
58 42  -19
58 43  32
58 44  32
58 45  49
58 46  88
58 47  -63
58 48  -37
58 49  -51
58 50  21
58 51  86
59 14  -79
59 16  -56
59 18  -72
59 20  -49
59 22  -47
59 23  -4
59 24  -52
59 25  -20
59 26  -95
59 27  -38
59 43  -19
59 45  32
59 47  88
59 49  -37
59 51  21
59 52  32
59 53  49
59 54  -63
59 55  -51
59 56  86
60 23  -79
60 24  -56
60 25  -72
60 26  -49
60 27  -47
60 28  -4
60 29  -52
60 30  -20
60 31  -95
60 32  -38
60 52  -19
60 53  32
60 54  88
60 55  -37
60 56  21
60 57  32
60 58  49
60 59  -63
60 60  -51
60 61  86
61 28  -79
61 29  -56
61 30  -72
61 31  -49
61 32  -47
61 57  -19
61 58  32
61 59  88
61 60  -37
61 61  21
62 33  -59
62 36  40
62 62  -72
62 63  -20
63 63  -72
