size: 52
Tuples
4 0  48
4 1  -40
5 2  -35
5 3  -98
5 4  -94
5 5  -41
5 6  68
5 7  48
7 8  -28
7 9  -35
7 10  -41
8 4  -98
8 11  -35
8 12  -94
8 13  -41
9 4  -35
9 5  -98
9 13  -94
9 14  -41
10 15  -35
10 16  -98
10 17  -94
10 18  -41
11 12  -98
11 16  -35
11 18  -94
11 19  -41
12 12  -35
12 13  -98
12 19  -94
12 20  -41
13 9  -28
13 10  -35
13 13  -35
13 14  -98
13 20  -94
13 21  -41
14 22  -35
14 23  -21
17 6  -98
17 7  68
20 23  -35
23 7  -98
28 24  -53
28 25  -16
30 25  -53
46 0  99
49 0  -85
49 1  99
61 8  81
61 9  10
61 10  -3
