size: 306
Tuples
3 1  -97
3 4  6
3 7  49
3 10  41
3 13  -63
3 16  -10
3 17  80
3 18  -43
3 19  -74
3 20  80
3 21  -89
3 22  -21
3 23  -21
3 24  53
3 25  -1
4 17  -46
4 18  4
4 19  51
4 20  -97
4 21  6
4 22  49
4 23  41
4 24  -63
4 25  -10
6 29  -45
6 31  51
6 35  52
6 37  49
6 41  14
6 43  -10
6 50  34
6 58  -90
7 50  -45
7 51  34
7 58  52
7 59  -90
8 51  -45
8 59  52
9 4  -97
9 7  6
9 13  41
9 16  -63
9 18  80
9 19  -43
9 21  80
9 22  -89
9 24  -21
9 25  53
9 31  -45
9 37  52
9 43  14
10 18  -46
10 19  4
10 21  -97
10 22  6
10 24  41
10 25  -63
12 29  -35
12 31  4
12 35  -80
12 37  6
12 41  73
12 43  -63
12 50  -86
12 58  -11
13 50  -35
13 51  -86
13 58  -80
13 59  -11
14 51  -35
14 59  -80
15 7  -97
15 16  41
15 19  80
15 22  80
15 25  -21
15 31  -35
15 37  -80
15 43  73
16 19  -46
16 22  -97
16 25  41
18 26  49
18 32  -10
19 44  -90
20 44  52
20 45  -90
20 52  14
21 45  52
21 53  14
22 2  -10
22 26  52
22 32  14
26 0  -63
26 1  53
26 2  14
26 3  -10
26 4  -1
27 1  -63
27 4  -10
27 17  -89
27 18  -21
27 20  53
27 21  -1
28 17  6
28 18  49
28 20  -63
28 21  -10
30 26  6
30 27  49
30 32  -63
30 33  -10
31 44  -11
31 46  -90
31 52  87
32 44  -80
32 45  -11
32 46  52
32 47  -90
32 52  73
32 53  87
32 54  14
33 45  -80
33 47  52
33 53  73
33 55  14
34 2  -63
34 5  -10
34 26  -80
34 27  52
34 32  73
34 33  14
38 0  41
38 1  -21
38 2  73
38 3  -63
38 4  53
38 5  14
38 6  -10
38 7  -1
39 1  41
39 4  -63
39 7  -10
39 17  80
39 18  -89
39 19  -21
39 20  -21
39 21  53
39 22  -1
40 17  -97
40 18  6
40 19  49
40 20  41
40 21  -63
40 22  -10
42 26  -97
42 27  6
42 28  49
42 29  -21
42 32  41
42 33  -63
42 34  -10
42 35  -1
43 29  49
43 35  -10
43 44  56
43 46  -11
43 48  -90
43 50  -21
43 52  68
43 54  87
43 58  -1
44 44  -38
44 45  56
44 46  -80
44 47  -11
44 48  52
44 49  -90
44 50  49
44 51  -21
44 52  -1
44 53  68
44 54  73
44 55  87
44 56  14
44 58  -10
44 59  -1
45 45  -38
45 47  -80
45 49  52
45 51  49
45 53  -1
45 55  73
45 57  14
45 59  -10
46 2  41
46 5  -63
46 26  -38
46 27  -80
46 28  52
46 29  -90
46 30  49
46 31  -21
46 32  -1
46 33  73
46 34  14
46 36  -10
46 37  -1
47 29  52
47 31  49
47 35  14
47 37  -10
47 50  -90
48 50  52
48 51  -90
48 58  14
49 51  52
49 59  14
50 2  -1
50 3  41
50 4  -21
50 5  73
50 6  -63
50 7  53
50 30  52
50 31  -90
50 36  14
51 4  41
51 7  -63
51 18  80
51 19  -89
51 21  -21
51 22  53
51 31  52
51 37  14
52 18  -97
52 19  6
52 21  41
52 22  -63
54 27  -97
54 28  6
54 29  -89
54 33  41
54 34  -63
54 35  53
55 29  6
55 35  -63
55 46  56
55 48  -11
55 50  -89
55 54  68
55 56  87
55 58  53
56 46  -38
56 47  56
56 48  -80
56 49  -11
56 50  6
56 51  -89
56 54  -1
56 55  68
56 56  73
56 57  87
56 58  -63
56 59  53
57 47  -38
57 49  -80
57 51  6
57 55  -1
57 57  73
57 59  -63
58 5  41
58 27  -38
58 28  -80
58 29  -11
58 30  6
58 31  -89
58 33  -1
58 34  73
58 35  87
58 36  -63
58 37  53
59 29  -80
59 31  6
59 35  73
59 37  -63
59 50  -11
59 58  87
60 50  -80
60 51  -11
60 58  73
60 59  87
61 51  -80
61 59  73
62 5  -1
62 6  41
62 7  -21
62 30  -80
62 31  -11
62 36  73
62 37  87
63 7  41
63 19  80
63 22  -21
63 31  -80
63 37  73
