size: 4096
Tuples
0 0  82
0 1  82
0 2  82
0 3  82
0 4  82
0 5  82
0 6  82
0 7  82
0 8  82
0 9  82
0 10  82
0 11  82
0 12  82
0 13  82
0 14  82
0 15  82
0 16  82
0 17  82
0 18  82
0 19  82
0 20  82
0 21  82
0 22  82
0 23  82
0 24  82
0 25  82
0 26  82
0 27  82
0 28  82
0 29  82
0 30  82
0 31  82
0 32  82
0 33  82
0 34  82
0 35  82
0 36  82
0 37  82
0 38  82
0 39  82
0 40  82
0 41  82
0 42  82
0 43  82
0 44  82
0 45  82
0 46  82
0 47  82
0 48  82
0 49  82
0 50  82
0 51  82
0 52  82
0 53  82
0 54  82
0 55  82
0 56  82
0 57  82
0 58  82
0 59  82
0 60  82
0 61  82
0 62  82
0 63  82
1 0  111
1 1  111
1 2  111
1 3  111
1 4  111
1 5  111
1 6  111
1 7  111
1 8  111
1 9  111
1 10  111
1 11  111
1 12  111
1 13  111
1 14  111
1 15  111
1 16  111
1 17  111
1 18  111
1 19  111
1 20  111
1 21  111
1 22  111
1 23  111
1 24  111
1 25  111
1 26  111
1 27  111
1 28  111
1 29  111
1 30  111
1 31  111
1 32  111
1 33  111
1 34  111
1 35  111
1 36  111
1 37  111
1 38  111
1 39  111
1 40  111
1 41  111
1 42  111
1 43  111
1 44  111
1 45  111
1 46  111
1 47  111
1 48  111
1 49  111
1 50  111
1 51  111
1 52  111
1 53  111
1 54  111
1 55  111
1 56  111
1 57  111
1 58  111
1 59  111
1 60  111
1 61  111
1 62  111
1 63  111
2 0  119
2 1  119
2 2  119
2 3  119
2 4  119
2 5  119
2 6  119
2 7  119
2 8  119
2 9  119
2 10  119
2 11  119
2 12  119
2 13  119
2 14  119
2 15  119
2 16  119
2 17  119
2 18  119
2 19  119
2 20  119
2 21  119
2 22  119
2 23  119
2 24  119
2 25  119
2 26  119
2 27  119
2 28  119
2 29  119
2 30  119
2 31  119
2 32  119
2 33  119
2 34  119
2 35  119
2 36  119
2 37  119
2 38  119
2 39  119
2 40  119
2 41  119
2 42  119
2 43  119
2 44  119
2 45  119
2 46  119
2 47  119
2 48  119
2 49  119
2 50  119
2 51  119
2 52  119
2 53  119
2 54  119
2 55  119
2 56  119
2 57  119
2 58  119
2 59  119
2 60  119
2 61  119
2 62  119
2 63  119
3 0  32
3 1  32
3 2  32
3 3  32
3 4  32
3 5  32
3 6  32
3 7  32
3 8  32
3 9  32
3 10  32
3 11  32
3 12  32
3 13  32
3 14  32
3 15  32
3 16  32
3 17  32
3 18  32
3 19  32
3 20  32
3 21  32
3 22  32
3 23  32
3 24  32
3 25  32
3 26  32
3 27  32
3 28  32
3 29  32
3 30  32
3 31  32
3 32  32
3 33  32
3 34  32
3 35  32
3 36  32
3 37  32
3 38  32
3 39  32
3 40  32
3 41  32
3 42  32
3 43  32
3 44  32
3 45  32
3 46  32
3 47  32
3 48  32
3 49  32
3 50  32
3 51  32
3 52  32
3 53  32
3 54  32
3 55  32
3 56  32
3 57  32
3 58  32
3 59  32
3 60  32
3 61  32
3 62  32
3 63  32
4 0  51
4 1  51
4 2  51
4 3  51
4 4  51
4 5  51
4 6  51
4 7  51
4 8  51
4 9  51
4 10  51
4 11  51
4 12  51
4 13  51
4 14  51
4 15  51
4 16  51
4 17  51
4 18  51
4 19  51
4 20  51
4 21  51
4 22  51
4 23  51
4 24  51
4 25  51
4 26  51
4 27  51
4 28  51
4 29  51
4 30  51
4 31  51
4 32  51
4 33  51
4 34  51
4 35  51
4 36  51
4 37  51
4 38  51
4 39  51
4 40  51
4 41  51
4 42  51
4 43  51
4 44  51
4 45  51
4 46  51
4 47  51
4 48  51
4 49  51
4 50  51
4 51  51
4 52  51
4 53  51
4 54  51
4 55  51
4 56  51
4 57  51
4 58  51
4 59  51
4 60  51
4 61  51
4 62  51
4 63  51
5 0  50
5 1  50
5 2  50
5 3  50
5 4  50
5 5  50
5 6  50
5 7  50
5 8  50
5 9  51
5 10  51
5 11  51
5 12  51
5 13  51
5 14  51
5 15  51
5 16  51
5 17  51
5 18  51
5 19  52
5 20  52
5 21  52
5 22  52
5 23  52
5 24  52
5 25  52
5 26  52
5 27  52
5 28  52
5 29  53
5 30  53
5 31  53
5 32  53
5 33  53
5 34  53
5 35  53
5 36  53
5 37  53
5 38  53
5 39  54
5 40  54
5 41  54
5 42  54
5 43  54
5 44  54
5 45  54
5 46  54
5 47  54
5 48  54
5 49  55
5 50  55
5 51  55
5 52  55
5 53  55
5 54  55
5 55  55
5 56  55
5 57  55
5 58  55
5 59  56
5 60  56
5 61  56
5 62  56
5 63  56
6 0  49
6 1  50
6 2  51
6 3  52
6 4  53
6 5  54
6 6  55
6 7  56
6 8  57
6 9  48
6 10  49
6 11  50
6 12  51
6 13  52
6 14  53
6 15  54
6 16  55
6 17  56
6 18  57
6 19  48
6 20  49
6 21  50
6 22  51
6 23  52
6 24  53
6 25  54
6 26  55
6 27  56
6 28  57
6 29  48
6 30  49
6 31  50
6 32  51
6 33  52
6 34  53
6 35  54
6 36  55
6 37  56
6 38  57
6 39  48
6 40  49
6 41  50
6 42  51
6 43  52
6 44  53
6 45  54
6 46  55
6 47  56
6 48  57
6 49  48
6 50  49
6 51  50
6 52  51
6 53  52
6 54  53
6 55  54
6 56  55
6 57  56
6 58  57
6 59  48
6 60  49
6 61  50
6 62  51
6 63  52
7 0  32
7 1  32
7 2  32
7 3  32
7 4  32
7 5  32
7 6  32
7 7  32
7 8  32
7 9  32
7 10  32
7 11  32
7 12  32
7 13  32
7 14  32
7 15  32
7 16  32
7 17  32
7 18  32
7 19  32
7 20  32
7 21  32
7 22  32
7 23  32
7 24  32
7 25  32
7 26  32
7 27  32
7 28  32
7 29  32
7 30  32
7 31  32
7 32  32
7 33  32
7 34  32
7 35  32
7 36  32
7 37  32
7 38  32
7 39  32
7 40  32
7 41  32
7 42  32
7 43  32
7 44  32
7 45  32
7 46  32
7 47  32
7 48  32
7 49  32
7 50  32
7 51  32
7 52  32
7 53  32
7 54  32
7 55  32
7 56  32
7 57  32
7 58  32
7 59  32
7 60  32
7 61  32
7 62  32
7 63  32
8 0  58
8 1  58
8 2  58
8 3  58
8 4  58
8 5  58
8 6  58
8 7  58
8 8  58
8 9  58
8 10  58
8 11  58
8 12  58
8 13  58
8 14  58
8 15  58
8 16  58
8 17  58
8 18  58
8 19  58
8 20  58
8 21  58
8 22  58
8 23  58
8 24  58
8 25  58
8 26  58
8 27  58
8 28  58
8 29  58
8 30  58
8 31  58
8 32  58
8 33  58
8 34  58
8 35  58
8 36  58
8 37  58
8 38  58
8 39  58
8 40  58
8 41  58
8 42  58
8 43  58
8 44  58
8 45  58
8 46  58
8 47  58
8 48  58
8 49  58
8 50  58
8 51  58
8 52  58
8 53  58
8 54  58
8 55  58
8 56  58
8 57  58
8 58  58
8 59  58
8 60  58
8 61  58
8 62  58
8 63  58
9 0  32
9 1  32
9 2  32
9 3  32
9 4  32
9 5  32
9 6  32
9 7  32
9 8  32
9 9  32
9 10  32
9 11  32
9 12  32
9 13  32
9 14  32
9 15  32
9 16  32
9 17  32
9 18  32
9 19  32
9 20  32
9 21  32
9 22  32
9 23  32
9 24  32
9 25  32
9 26  32
9 27  32
9 28  32
9 29  32
9 30  32
9 31  32
9 32  32
9 33  32
9 34  32
9 35  32
9 36  32
9 37  32
9 38  32
9 39  32
9 40  32
9 41  32
9 42  32
9 43  32
9 44  32
9 45  32
9 46  32
9 47  32
9 48  32
9 49  32
9 50  32
9 51  32
9 52  32
9 53  32
9 54  32
9 55  32
9 56  32
9 57  32
9 58  32
9 59  32
9 60  32
9 61  32
9 62  32
9 63  32
10 0  80
10 1  80
10 2  80
10 3  80
10 4  80
10 5  80
10 6  80
10 7  80
10 8  80
10 9  80
10 10  80
10 11  80
10 12  80
10 13  80
10 14  80
10 15  80
10 16  80
10 17  80
10 18  80
10 19  80
10 20  80
10 21  80
10 22  80
10 23  80
10 24  80
10 25  80
10 26  80
10 27  80
10 28  80
10 29  80
10 30  80
10 31  80
10 32  80
10 33  80
10 34  80
10 35  80
10 36  80
10 37  80
10 38  80
10 39  80
10 40  80
10 41  80
10 42  80
10 43  80
10 44  80
10 45  80
10 46  80
10 47  80
10 48  80
10 49  80
10 50  80
10 51  80
10 52  80
10 53  80
10 54  80
10 55  80
10 56  80
10 57  80
10 58  80
10 59  80
10 60  80
10 61  80
10 62  80
10 63  80
11 0  104
11 1  104
11 2  104
11 3  104
11 4  104
11 5  104
11 6  104
11 7  104
11 8  104
11 9  104
11 10  104
11 11  104
11 12  104
11 13  104
11 14  104
11 15  104
11 16  104
11 17  104
11 18  104
11 19  104
11 20  104
11 21  104
11 22  104
11 23  104
11 24  104
11 25  104
11 26  104
11 27  104
11 28  104
11 29  104
11 30  104
11 31  104
11 32  104
11 33  104
11 34  104
11 35  104
11 36  104
11 37  104
11 38  104
11 39  104
11 40  104
11 41  104
11 42  104
11 43  104
11 44  104
11 45  104
11 46  104
11 47  104
11 48  104
11 49  104
11 50  104
11 51  104
11 52  104
11 53  104
11 54  104
11 55  104
11 56  104
11 57  104
11 58  104
11 59  104
11 60  104
11 61  104
11 62  104
11 63  104
12 0  97
12 1  97
12 2  97
12 3  97
12 4  97
12 5  97
12 6  97
12 7  97
12 8  97
12 9  97
12 10  97
12 11  97
12 12  97
12 13  97
12 14  97
12 15  97
12 16  97
12 17  97
12 18  97
12 19  97
12 20  97
12 21  97
12 22  97
12 23  97
12 24  97
12 25  97
12 26  97
12 27  97
12 28  97
12 29  97
12 30  97
12 31  97
12 32  97
12 33  97
12 34  97
12 35  97
12 36  97
12 37  97
12 38  97
12 39  97
12 40  97
12 41  97
12 42  97
12 43  97
12 44  97
12 45  97
12 46  97
12 47  97
12 48  97
12 49  97
12 50  97
12 51  97
12 52  97
12 53  97
12 54  97
12 55  97
12 56  97
12 57  97
12 58  97
12 59  97
12 60  97
12 61  97
12 62  97
12 63  97
13 0  115
13 1  115
13 2  115
13 3  115
13 4  115
13 5  115
13 6  115
13 7  115
13 8  115
13 9  115
13 10  115
13 11  115
13 12  115
13 13  115
13 14  115
13 15  115
13 16  115
13 17  115
13 18  115
13 19  115
13 20  115
13 21  115
13 22  115
13 23  115
13 24  115
13 25  115
13 26  115
13 27  115
13 28  115
13 29  115
13 30  115
13 31  115
13 32  115
13 33  115
13 34  115
13 35  115
13 36  115
13 37  115
13 38  115
13 39  115
13 40  115
13 41  115
13 42  115
13 43  115
13 44  115
13 45  115
13 46  115
13 47  115
13 48  115
13 49  115
13 50  115
13 51  115
13 52  115
13 53  115
13 54  115
13 55  115
13 56  115
13 57  115
13 58  115
13 59  115
13 60  115
13 61  115
13 62  115
13 63  115
14 0  101
14 1  101
14 2  101
14 3  101
14 4  101
14 5  101
14 6  101
14 7  101
14 8  101
14 9  101
14 10  101
14 11  101
14 12  101
14 13  101
14 14  101
14 15  101
14 16  101
14 17  101
14 18  101
14 19  101
14 20  101
14 21  101
14 22  101
14 23  101
14 24  101
14 25  101
14 26  101
14 27  101
14 28  101
14 29  101
14 30  101
14 31  101
14 32  101
14 33  101
14 34  101
14 35  101
14 36  101
14 37  101
14 38  101
14 39  101
14 40  101
14 41  101
14 42  101
14 43  101
14 44  101
14 45  101
14 46  101
14 47  101
14 48  101
14 49  101
14 50  101
14 51  101
14 52  101
14 53  101
14 54  101
14 55  101
14 56  101
14 57  101
14 58  101
14 59  101
14 60  101
14 61  101
14 62  101
14 63  101
15 0  32
15 1  32
15 2  32
15 3  32
15 4  32
15 5  32
15 6  32
15 7  32
15 8  32
15 9  32
15 10  32
15 11  32
15 12  32
15 13  32
15 14  32
15 15  32
15 16  32
15 17  32
15 18  32
15 19  32
15 20  32
15 21  32
15 22  32
15 23  32
15 24  32
15 25  32
15 26  32
15 27  32
15 28  32
15 29  32
15 30  32
15 31  32
15 32  32
15 33  32
15 34  32
15 35  32
15 36  32
15 37  32
15 38  32
15 39  32
15 40  32
15 41  32
15 42  32
15 43  32
15 44  32
15 45  32
15 46  32
15 47  32
15 48  32
15 49  32
15 50  32
15 51  32
15 52  32
15 53  32
15 54  32
15 55  32
15 56  32
15 57  32
15 58  32
15 59  32
15 60  32
15 61  32
15 62  32
15 63  32
16 0  49
16 1  49
16 2  49
16 3  49
16 4  49
16 5  49
16 6  49
16 7  49
16 8  49
16 9  49
16 10  49
16 11  49
16 12  49
16 13  49
16 14  49
16 15  49
16 16  49
16 17  49
16 18  49
16 19  49
16 20  49
16 21  49
16 22  49
16 23  49
16 24  49
16 25  49
16 26  49
16 27  49
16 28  49
16 29  49
16 30  49
16 31  49
16 32  49
16 33  49
16 34  49
16 35  49
16 36  49
16 37  49
16 38  49
16 39  49
16 40  49
16 41  49
16 42  49
16 43  49
16 44  49
16 45  49
16 46  49
16 47  49
16 48  49
16 49  49
16 50  49
16 51  49
16 52  49
16 53  49
16 54  49
16 55  49
16 56  49
16 57  49
16 58  49
16 59  49
16 60  49
16 61  49
16 62  49
16 63  49
17 0  32
17 1  32
17 2  32
17 3  32
17 4  32
17 5  32
17 6  32
17 7  32
17 8  32
17 9  32
17 10  32
17 11  32
17 12  32
17 13  32
17 14  32
17 15  32
17 16  32
17 17  32
17 18  32
17 19  32
17 20  32
17 21  32
17 22  32
17 23  32
17 24  32
17 25  32
17 26  32
17 27  32
17 28  32
17 29  32
17 30  32
17 31  32
17 32  32
17 33  32
17 34  32
17 35  32
17 36  32
17 37  32
17 38  32
17 39  32
17 40  32
17 41  32
17 42  32
17 43  32
17 44  32
17 45  32
17 46  32
17 47  32
17 48  32
17 49  32
17 50  32
17 51  32
17 52  32
17 53  32
17 54  32
17 55  32
17 56  32
17 57  32
17 58  32
17 59  32
17 60  32
17 61  32
17 62  32
17 63  32
18 0  67
18 1  67
18 2  67
18 3  67
18 4  67
18 5  67
18 6  67
18 7  67
18 8  67
18 9  67
18 10  67
18 11  67
18 12  67
18 13  67
18 14  67
18 15  67
18 16  67
18 17  67
18 18  67
18 19  67
18 20  67
18 21  67
18 22  67
18 23  67
18 24  67
18 25  67
18 26  67
18 27  67
18 28  67
18 29  67
18 30  67
18 31  67
18 32  67
18 33  67
18 34  67
18 35  67
18 36  67
18 37  67
18 38  67
18 39  67
18 40  67
18 41  67
18 42  67
18 43  67
18 44  67
18 45  67
18 46  67
18 47  67
18 48  67
18 49  67
18 50  67
18 51  67
18 52  67
18 53  67
18 54  67
18 55  67
18 56  67
18 57  67
18 58  67
18 59  67
18 60  67
18 61  67
18 62  67
18 63  67
19 0  111
19 1  111
19 2  111
19 3  111
19 4  111
19 5  111
19 6  111
19 7  111
19 8  111
19 9  111
19 10  111
19 11  111
19 12  111
19 13  111
19 14  111
19 15  111
19 16  111
19 17  111
19 18  111
19 19  111
19 20  111
19 21  111
19 22  111
19 23  111
19 24  111
19 25  111
19 26  111
19 27  111
19 28  111
19 29  111
19 30  111
19 31  111
19 32  111
19 33  111
19 34  111
19 35  111
19 36  111
19 37  111
19 38  111
19 39  111
19 40  111
19 41  111
19 42  111
19 43  111
19 44  111
19 45  111
19 46  111
19 47  111
19 48  111
19 49  111
19 50  111
19 51  111
19 52  111
19 53  111
19 54  111
19 55  111
19 56  111
19 57  111
19 58  111
19 59  111
19 60  111
19 61  111
19 62  111
19 63  111
20 0  110
20 1  110
20 2  110
20 3  110
20 4  110
20 5  110
20 6  110
20 7  110
20 8  110
20 9  110
20 10  110
20 11  110
20 12  110
20 13  110
20 14  110
20 15  110
20 16  110
20 17  110
20 18  110
20 19  110
20 20  110
20 21  110
20 22  110
20 23  110
20 24  110
20 25  110
20 26  110
20 27  110
20 28  110
20 29  110
20 30  110
20 31  110
20 32  110
20 33  110
20 34  110
20 35  110
20 36  110
20 37  110
20 38  110
20 39  110
20 40  110
20 41  110
20 42  110
20 43  110
20 44  110
20 45  110
20 46  110
20 47  110
20 48  110
20 49  110
20 50  110
20 51  110
20 52  110
20 53  110
20 54  110
20 55  110
20 56  110
20 57  110
20 58  110
20 59  110
20 60  110
20 61  110
20 62  110
20 63  110
21 0  116
21 1  116
21 2  116
21 3  116
21 4  116
21 5  116
21 6  116
21 7  116
21 8  116
21 9  116
21 10  116
21 11  116
21 12  116
21 13  116
21 14  116
21 15  116
21 16  116
21 17  116
21 18  116
21 19  116
21 20  116
21 21  116
21 22  116
21 23  116
21 24  116
21 25  116
21 26  116
21 27  116
21 28  116
21 29  116
21 30  116
21 31  116
21 32  116
21 33  116
21 34  116
21 35  116
21 36  116
21 37  116
21 38  116
21 39  116
21 40  116
21 41  116
21 42  116
21 43  116
21 44  116
21 45  116
21 46  116
21 47  116
21 48  116
21 49  116
21 50  116
21 51  116
21 52  116
21 53  116
21 54  116
21 55  116
21 56  116
21 57  116
21 58  116
21 59  116
21 60  116
21 61  116
21 62  116
21 63  116
22 0  114
22 1  114
22 2  114
22 3  114
22 4  114
22 5  114
22 6  114
22 7  114
22 8  114
22 9  114
22 10  114
22 11  114
22 12  114
22 13  114
22 14  114
22 15  114
22 16  114
22 17  114
22 18  114
22 19  114
22 20  114
22 21  114
22 22  114
22 23  114
22 24  114
22 25  114
22 26  114
22 27  114
22 28  114
22 29  114
22 30  114
22 31  114
22 32  114
22 33  114
22 34  114
22 35  114
22 36  114
22 37  114
22 38  114
22 39  114
22 40  114
22 41  114
22 42  114
22 43  114
22 44  114
22 45  114
22 46  114
22 47  114
22 48  114
22 49  114
22 50  114
22 51  114
22 52  114
22 53  114
22 54  114
22 55  114
22 56  114
22 57  114
22 58  114
22 59  114
22 60  114
22 61  114
22 62  114
22 63  114
23 0  111
23 1  111
23 2  111
23 3  111
23 4  111
23 5  111
23 6  111
23 7  111
23 8  111
23 9  111
23 10  111
23 11  111
23 12  111
23 13  111
23 14  111
23 15  111
23 16  111
23 17  111
23 18  111
23 19  111
23 20  111
23 21  111
23 22  111
23 23  111
23 24  111
23 25  111
23 26  111
23 27  111
23 28  111
23 29  111
23 30  111
23 31  111
23 32  111
23 33  111
23 34  111
23 35  111
23 36  111
23 37  111
23 38  111
23 39  111
23 40  111
23 41  111
23 42  111
23 43  111
23 44  111
23 45  111
23 46  111
23 47  111
23 48  111
23 49  111
23 50  111
23 51  111
23 52  111
23 53  111
23 54  111
23 55  111
23 56  111
23 57  111
23 58  111
23 59  111
23 60  111
23 61  111
23 62  111
23 63  111
24 0  108
24 1  108
24 2  108
24 3  108
24 4  108
24 5  108
24 6  108
24 7  108
24 8  108
24 9  108
24 10  108
24 11  108
24 12  108
24 13  108
24 14  108
24 15  108
24 16  108
24 17  108
24 18  108
24 19  108
24 20  108
24 21  108
24 22  108
24 23  108
24 24  108
24 25  108
24 26  108
24 27  108
24 28  108
24 29  108
24 30  108
24 31  108
24 32  108
24 33  108
24 34  108
24 35  108
24 36  108
24 37  108
24 38  108
24 39  108
24 40  108
24 41  108
24 42  108
24 43  108
24 44  108
24 45  108
24 46  108
24 47  108
24 48  108
24 49  108
24 50  108
24 51  108
24 52  108
24 53  108
24 54  108
24 55  108
24 56  108
24 57  108
24 58  108
24 59  108
24 60  108
24 61  108
24 62  108
24 63  108
25 0  32
25 1  32
25 2  32
25 3  32
25 4  32
25 5  32
25 6  32
25 7  32
25 8  32
25 9  32
25 10  32
25 11  32
25 12  32
25 13  32
25 14  32
25 15  32
25 16  32
25 17  32
25 18  32
25 19  32
25 20  32
25 21  32
25 22  32
25 23  32
25 24  32
25 25  32
25 26  32
25 27  32
25 28  32
25 29  32
25 30  32
25 31  32
25 32  32
25 33  32
25 34  32
25 35  32
25 36  32
25 37  32
25 38  32
25 39  32
25 40  32
25 41  32
25 42  32
25 43  32
25 44  32
25 45  32
25 46  32
25 47  32
25 48  32
25 49  32
25 50  32
25 51  32
25 52  32
25 53  32
25 54  32
25 55  32
25 56  32
25 57  32
25 58  32
25 59  32
25 60  32
25 61  32
25 62  32
25 63  32
26 0  67
26 1  67
26 2  67
26 3  67
26 4  67
26 5  67
26 6  67
26 7  67
26 8  67
26 9  67
26 10  67
26 11  67
26 12  67
26 13  67
26 14  67
26 15  67
26 16  67
26 17  67
26 18  67
26 19  67
26 20  67
26 21  67
26 22  67
26 23  67
26 24  67
26 25  67
26 26  67
26 27  67
26 28  67
26 29  67
26 30  67
26 31  67
26 32  67
26 33  67
26 34  67
26 35  67
26 36  67
26 37  67
26 38  67
26 39  67
26 40  67
26 41  67
26 42  67
26 43  67
26 44  67
26 45  67
26 46  67
26 47  67
26 48  67
26 49  67
26 50  67
26 51  67
26 52  67
26 53  67
26 54  67
26 55  67
26 56  67
26 57  67
26 58  67
26 59  67
26 60  67
26 61  67
26 62  67
26 63  67
27 0  111
27 1  111
27 2  111
27 3  111
27 4  111
27 5  111
27 6  111
27 7  111
27 8  111
27 9  111
27 10  111
27 11  111
27 12  111
27 13  111
27 14  111
27 15  111
27 16  111
27 17  111
27 18  111
27 19  111
27 20  111
27 21  111
27 22  111
27 23  111
27 24  111
27 25  111
27 26  111
27 27  111
27 28  111
27 29  111
27 30  111
27 31  111
27 32  111
27 33  111
27 34  111
27 35  111
27 36  111
27 37  111
27 38  111
27 39  111
27 40  111
27 41  111
27 42  111
27 43  111
27 44  111
27 45  111
27 46  111
27 47  111
27 48  111
27 49  111
27 50  111
27 51  111
27 52  111
27 53  111
27 54  111
27 55  111
27 56  111
27 57  111
27 58  111
27 59  111
27 60  111
27 61  111
27 62  111
27 63  111
28 0  109
28 1  109
28 2  109
28 3  109
28 4  109
28 5  109
28 6  109
28 7  109
28 8  109
28 9  109
28 10  109
28 11  109
28 12  109
28 13  109
28 14  109
28 15  109
28 16  109
28 17  109
28 18  109
28 19  109
28 20  109
28 21  109
28 22  109
28 23  109
28 24  109
28 25  109
28 26  109
28 27  109
28 28  109
28 29  109
28 30  109
28 31  109
28 32  109
28 33  109
28 34  109
28 35  109
28 36  109
28 37  109
28 38  109
28 39  109
28 40  109
28 41  109
28 42  109
28 43  109
28 44  109
28 45  109
28 46  109
28 47  109
28 48  109
28 49  109
28 50  109
28 51  109
28 52  109
28 53  109
28 54  109
28 55  109
28 56  109
28 57  109
28 58  109
28 59  109
28 60  109
28 61  109
28 62  109
28 63  109
29 0  112
29 1  112
29 2  112
29 3  112
29 4  112
29 5  112
29 6  112
29 7  112
29 8  112
29 9  112
29 10  112
29 11  112
29 12  112
29 13  112
29 14  112
29 15  112
29 16  112
29 17  112
29 18  112
29 19  112
29 20  112
29 21  112
29 22  112
29 23  112
29 24  112
29 25  112
29 26  112
29 27  112
29 28  112
29 29  112
29 30  112
29 31  112
29 32  112
29 33  112
29 34  112
29 35  112
29 36  112
29 37  112
29 38  112
29 39  112
29 40  112
29 41  112
29 42  112
29 43  112
29 44  112
29 45  112
29 46  112
29 47  112
29 48  112
29 49  112
29 50  112
29 51  112
29 52  112
29 53  112
29 54  112
29 55  112
29 56  112
29 57  112
29 58  112
29 59  112
29 60  112
29 61  112
29 62  112
29 63  112
30 0  111
30 1  111
30 2  111
30 3  111
30 4  111
30 5  111
30 6  111
30 7  111
30 8  111
30 9  111
30 10  111
30 11  111
30 12  111
30 13  111
30 14  111
30 15  111
30 16  111
30 17  111
30 18  111
30 19  111
30 20  111
30 21  111
30 22  111
30 23  111
30 24  111
30 25  111
30 26  111
30 27  111
30 28  111
30 29  111
30 30  111
30 31  111
30 32  111
30 33  111
30 34  111
30 35  111
30 36  111
30 37  111
30 38  111
30 39  111
30 40  111
30 41  111
30 42  111
30 43  111
30 44  111
30 45  111
30 46  111
30 47  111
30 48  111
30 49  111
30 50  111
30 51  111
30 52  111
30 53  111
30 54  111
30 55  111
30 56  111
30 57  111
30 58  111
30 59  111
30 60  111
30 61  111
30 62  111
30 63  111
31 0  110
31 1  110
31 2  110
31 3  110
31 4  110
31 5  110
31 6  110
31 7  110
31 8  110
31 9  110
31 10  110
31 11  110
31 12  110
31 13  110
31 14  110
31 15  110
31 16  110
31 17  110
31 18  110
31 19  110
31 20  110
31 21  110
31 22  110
31 23  110
31 24  110
31 25  110
31 26  110
31 27  110
31 28  110
31 29  110
31 30  110
31 31  110
31 32  110
31 33  110
31 34  110
31 35  110
31 36  110
31 37  110
31 38  110
31 39  110
31 40  110
31 41  110
31 42  110
31 43  110
31 44  110
31 45  110
31 46  110
31 47  110
31 48  110
31 49  110
31 50  110
31 51  110
31 52  110
31 53  110
31 54  110
31 55  110
31 56  110
31 57  110
31 58  110
31 59  110
31 60  110
31 61  110
31 62  110
31 63  110
32 0  101
32 1  101
32 2  101
32 3  101
32 4  101
32 5  101
32 6  101
32 7  101
32 8  101
32 9  101
32 10  101
32 11  101
32 12  101
32 13  101
32 14  101
32 15  101
32 16  101
32 17  101
32 18  101
32 19  101
32 20  101
32 21  101
32 22  101
32 23  101
32 24  101
32 25  101
32 26  101
32 27  101
32 28  101
32 29  101
32 30  101
32 31  101
32 32  101
32 33  101
32 34  101
32 35  101
32 36  101
32 37  101
32 38  101
32 39  101
32 40  101
32 41  101
32 42  101
32 43  101
32 44  101
32 45  101
32 46  101
32 47  101
32 48  101
32 49  101
32 50  101
32 51  101
32 52  101
32 53  101
32 54  101
32 55  101
32 56  101
32 57  101
32 58  101
32 59  101
32 60  101
32 61  101
32 62  101
32 63  101
33 0  110
33 1  110
33 2  110
33 3  110
33 4  110
33 5  110
33 6  110
33 7  110
33 8  110
33 9  110
33 10  110
33 11  110
33 12  110
33 13  110
33 14  110
33 15  110
33 16  110
33 17  110
33 18  110
33 19  110
33 20  110
33 21  110
33 22  110
33 23  110
33 24  110
33 25  110
33 26  110
33 27  110
33 28  110
33 29  110
33 30  110
33 31  110
33 32  110
33 33  110
33 34  110
33 35  110
33 36  110
33 37  110
33 38  110
33 39  110
33 40  110
33 41  110
33 42  110
33 43  110
33 44  110
33 45  110
33 46  110
33 47  110
33 48  110
33 49  110
33 50  110
33 51  110
33 52  110
33 53  110
33 54  110
33 55  110
33 56  110
33 57  110
33 58  110
33 59  110
33 60  110
33 61  110
33 62  110
33 63  110
34 0  116
34 1  116
34 2  116
34 3  116
34 4  116
34 5  116
34 6  116
34 7  116
34 8  116
34 9  116
34 10  116
34 11  116
34 12  116
34 13  116
34 14  116
34 15  116
34 16  116
34 17  116
34 18  116
34 19  116
34 20  116
34 21  116
34 22  116
34 23  116
34 24  116
34 25  116
34 26  116
34 27  116
34 28  116
34 29  116
34 30  116
34 31  116
34 32  116
34 33  116
34 34  116
34 35  116
34 36  116
34 37  116
34 38  116
34 39  116
34 40  116
34 41  116
34 42  116
34 43  116
34 44  116
34 45  116
34 46  116
34 47  116
34 48  116
34 49  116
34 50  116
34 51  116
34 52  116
34 53  116
34 54  116
34 55  116
34 56  116
34 57  116
34 58  116
34 59  116
34 60  116
34 61  116
34 62  116
34 63  116
35 0  32
35 1  32
35 2  32
35 3  32
35 4  32
35 5  32
35 6  32
35 7  32
35 8  32
35 9  32
35 10  32
35 11  32
35 12  32
35 13  32
35 14  32
35 15  32
35 16  32
35 17  32
35 18  32
35 19  32
35 20  32
35 21  32
35 22  32
35 23  32
35 24  32
35 25  32
35 26  32
35 27  32
35 28  32
35 29  32
35 30  32
35 31  32
35 32  32
35 33  32
35 34  32
35 35  32
35 36  32
35 37  32
35 38  32
35 39  32
35 40  32
35 41  32
35 42  32
35 43  32
35 44  32
35 45  32
35 46  32
35 47  32
35 48  32
35 49  32
35 50  32
35 51  32
35 52  32
35 53  32
35 54  32
35 55  32
35 56  32
35 57  32
35 58  32
35 59  32
35 60  32
35 61  32
35 62  32
35 63  32
36 0  49
36 1  49
36 2  49
36 3  49
36 4  49
36 5  49
36 6  49
36 7  49
36 8  49
36 9  49
36 10  49
36 11  49
36 12  49
36 13  49
36 14  49
36 15  49
36 16  49
36 17  49
36 18  49
36 19  49
36 20  49
36 21  49
36 22  49
36 23  49
36 24  49
36 25  49
36 26  49
36 27  49
36 28  49
36 29  49
36 30  49
36 31  49
36 32  49
36 33  49
36 34  49
36 35  49
36 36  49
36 37  49
36 38  50
36 39  50
36 40  50
36 41  50
36 42  50
36 43  50
36 44  50
36 45  50
36 46  50
36 47  50
36 48  50
36 49  50
36 50  50
36 51  50
36 52  50
36 53  50
36 54  50
36 55  50
36 56  50
36 57  50
36 58  50
36 59  50
36 60  50
36 61  50
36 62  50
36 63  50
37 0  32
37 1  32
37 2  32
37 3  32
37 4  32
37 5  32
37 6  32
37 7  32
37 8  32
37 9  32
37 10  32
37 11  32
37 12  32
37 13  32
37 14  32
37 15  32
37 16  32
37 17  32
37 18  32
37 19  32
37 20  32
37 21  32
37 22  32
37 23  32
37 24  32
37 25  32
37 26  32
37 27  32
37 28  32
37 29  32
37 30  32
37 31  32
37 32  32
37 33  32
37 34  32
37 35  32
37 36  32
37 37  32
37 38  32
37 39  32
37 40  32
37 41  32
37 42  32
37 43  32
37 44  32
37 45  32
37 46  32
37 47  32
37 48  32
37 49  32
37 50  32
37 51  32
37 52  32
37 53  32
37 54  32
37 55  32
37 56  32
37 57  32
37 58  32
37 59  32
37 60  32
37 61  32
37 62  32
37 63  32
38 0  67
38 1  67
38 2  67
38 3  67
38 4  67
38 5  67
38 6  67
38 7  67
38 8  67
38 9  67
38 10  67
38 11  67
38 12  67
38 13  67
38 14  67
38 15  67
38 16  67
38 17  67
38 18  67
38 19  67
38 20  67
38 21  67
38 22  67
38 23  67
38 24  67
38 25  67
38 26  67
38 27  67
38 28  67
38 29  67
38 30  67
38 31  67
38 32  67
38 33  67
38 34  67
38 35  67
38 36  67
38 37  67
38 38  67
38 39  67
38 40  67
38 41  67
38 42  67
38 43  67
38 44  67
38 45  67
38 46  67
38 47  67
38 48  67
38 49  67
38 50  67
38 51  67
38 52  67
38 53  67
38 54  67
38 55  67
38 56  67
38 57  67
38 58  67
38 59  67
38 60  67
38 61  67
38 62  67
38 63  67
39 0  111
39 1  111
39 2  111
39 3  111
39 4  111
39 5  111
39 6  111
39 7  111
39 8  111
39 9  111
39 10  111
39 11  111
39 12  111
39 13  111
39 14  111
39 15  111
39 16  111
39 17  111
39 18  111
39 19  111
39 20  111
39 21  111
39 22  111
39 23  111
39 24  111
39 25  111
39 26  111
39 27  111
39 28  111
39 29  111
39 30  111
39 31  111
39 32  111
39 33  111
39 34  111
39 35  111
39 36  111
39 37  111
39 38  111
39 39  111
39 40  111
39 41  111
39 42  111
39 43  111
39 44  111
39 45  111
39 46  111
39 47  111
39 48  111
39 49  111
39 50  111
39 51  111
39 52  111
39 53  111
39 54  111
39 55  111
39 56  111
39 57  111
39 58  111
39 59  111
39 60  111
39 61  111
39 62  111
39 63  111
40 0  108
40 1  108
40 2  108
40 3  108
40 4  108
40 5  108
40 6  108
40 7  108
40 8  108
40 9  108
40 10  108
40 11  108
40 12  108
40 13  108
40 14  108
40 15  108
40 16  108
40 17  108
40 18  108
40 19  108
40 20  108
40 21  108
40 22  108
40 23  108
40 24  108
40 25  108
40 26  108
40 27  108
40 28  108
40 29  108
40 30  108
40 31  108
40 32  108
40 33  108
40 34  108
40 35  108
40 36  108
40 37  108
40 38  108
40 39  108
40 40  108
40 41  108
40 42  108
40 43  108
40 44  108
40 45  108
40 46  108
40 47  108
40 48  108
40 49  108
40 50  108
40 51  108
40 52  108
40 53  108
40 54  108
40 55  108
40 56  108
40 57  108
40 58  108
40 59  108
40 60  108
40 61  108
40 62  108
40 63  108
41 0  108
41 1  108
41 2  108
41 3  108
41 4  108
41 5  108
41 6  108
41 7  108
41 8  108
41 9  108
41 10  108
41 11  108
41 12  108
41 13  108
41 14  108
41 15  108
41 16  108
41 17  108
41 18  108
41 19  108
41 20  108
41 21  108
41 22  108
41 23  108
41 24  108
41 25  108
41 26  108
41 27  108
41 28  108
41 29  108
41 30  108
41 31  108
41 32  108
41 33  108
41 34  108
41 35  108
41 36  108
41 37  108
41 38  108
41 39  108
41 40  108
41 41  108
41 42  108
41 43  108
41 44  108
41 45  108
41 46  108
41 47  108
41 48  108
41 49  108
41 50  108
41 51  108
41 52  108
41 53  108
41 54  108
41 55  108
41 56  108
41 57  108
41 58  108
41 59  108
41 60  108
41 61  108
41 62  108
41 63  108
42 0  111
42 1  111
42 2  111
42 3  111
42 4  111
42 5  111
42 6  111
42 7  111
42 8  111
42 9  111
42 10  111
42 11  111
42 12  111
42 13  111
42 14  111
42 15  111
42 16  111
42 17  111
42 18  111
42 19  111
42 20  111
42 21  111
42 22  111
42 23  111
42 24  111
42 25  111
42 26  111
42 27  111
42 28  111
42 29  111
42 30  111
42 31  111
42 32  111
42 33  111
42 34  111
42 35  111
42 36  111
42 37  111
42 38  111
42 39  111
42 40  111
42 41  111
42 42  111
42 43  111
42 44  111
42 45  111
42 46  111
42 47  111
42 48  111
42 49  111
42 50  111
42 51  111
42 52  111
42 53  111
42 54  111
42 55  111
42 56  111
42 57  111
42 58  111
42 59  111
42 60  111
42 61  111
42 62  111
42 63  111
43 0  99
43 1  99
43 2  99
43 3  99
43 4  99
43 5  99
43 6  99
43 7  99
43 8  99
43 9  99
43 10  99
43 11  99
43 12  99
43 13  99
43 14  99
43 15  99
43 16  99
43 17  99
43 18  99
43 19  99
43 20  99
43 21  99
43 22  99
43 23  99
43 24  99
43 25  99
43 26  99
43 27  99
43 28  99
43 29  99
43 30  99
43 31  99
43 32  99
43 33  99
43 34  99
43 35  99
43 36  99
43 37  99
43 38  99
43 39  99
43 40  99
43 41  99
43 42  99
43 43  99
43 44  99
43 45  99
43 46  99
43 47  99
43 48  99
43 49  99
43 50  99
43 51  99
43 52  99
43 53  99
43 54  99
43 55  99
43 56  99
43 57  99
43 58  99
43 59  99
43 60  99
43 61  99
43 62  99
43 63  99
44 0  97
44 1  97
44 2  97
44 3  97
44 4  97
44 5  97
44 6  97
44 7  97
44 8  97
44 9  97
44 10  97
44 11  97
44 12  97
44 13  97
44 14  97
44 15  97
44 16  97
44 17  97
44 18  97
44 19  97
44 20  97
44 21  97
44 22  97
44 23  97
44 24  97
44 25  97
44 26  97
44 27  97
44 28  97
44 29  97
44 30  97
44 31  97
44 32  97
44 33  97
44 34  97
44 35  97
44 36  97
44 37  97
44 38  97
44 39  97
44 40  97
44 41  97
44 42  97
44 43  97
44 44  97
44 45  97
44 46  97
44 47  97
44 48  97
44 49  97
44 50  97
44 51  97
44 52  97
44 53  97
44 54  97
44 55  97
44 56  97
44 57  97
44 58  97
44 59  97
44 60  97
44 61  97
44 62  97
44 63  97
45 0  116
45 1  116
45 2  116
45 3  116
45 4  116
45 5  116
45 6  116
45 7  116
45 8  116
45 9  116
45 10  116
45 11  116
45 12  116
45 13  116
45 14  116
45 15  116
45 16  116
45 17  116
45 18  116
45 19  116
45 20  116
45 21  116
45 22  116
45 23  116
45 24  116
45 25  116
45 26  116
45 27  116
45 28  116
45 29  116
45 30  116
45 31  116
45 32  116
45 33  116
45 34  116
45 35  116
45 36  116
45 37  116
45 38  116
45 39  116
45 40  116
45 41  116
45 42  116
45 43  116
45 44  116
45 45  116
45 46  116
45 47  116
45 48  116
45 49  116
45 50  116
45 51  116
45 52  116
45 53  116
45 54  116
45 55  116
45 56  116
45 57  116
45 58  116
45 59  116
45 60  116
45 61  116
45 62  116
45 63  116
46 0  105
46 1  105
46 2  105
46 3  105
46 4  105
46 5  105
46 6  105
46 7  105
46 8  105
46 9  105
46 10  105
46 11  105
46 12  105
46 13  105
46 14  105
46 15  105
46 16  105
46 17  105
46 18  105
46 19  105
46 20  105
46 21  105
46 22  105
46 23  105
46 24  105
46 25  105
46 26  105
46 27  105
46 28  105
46 29  105
46 30  105
46 31  105
46 32  105
46 33  105
46 34  105
46 35  105
46 36  105
46 37  105
46 38  105
46 39  105
46 40  105
46 41  105
46 42  105
46 43  105
46 44  105
46 45  105
46 46  105
46 47  105
46 48  105
46 49  105
46 50  105
46 51  105
46 52  105
46 53  105
46 54  105
46 55  105
46 56  105
46 57  105
46 58  105
46 59  105
46 60  105
46 61  105
46 62  105
46 63  105
47 0  111
47 1  111
47 2  111
47 3  111
47 4  111
47 5  111
47 6  111
47 7  111
47 8  111
47 9  111
47 10  111
47 11  111
47 12  111
47 13  111
47 14  111
47 15  111
47 16  111
47 17  111
47 18  111
47 19  111
47 20  111
47 21  111
47 22  111
47 23  111
47 24  111
47 25  111
47 26  111
47 27  111
47 28  111
47 29  111
47 30  111
47 31  111
47 32  111
47 33  111
47 34  111
47 35  111
47 36  111
47 37  111
47 38  111
47 39  111
47 40  111
47 41  111
47 42  111
47 43  111
47 44  111
47 45  111
47 46  111
47 47  111
47 48  111
47 49  111
47 50  111
47 51  111
47 52  111
47 53  111
47 54  111
47 55  111
47 56  111
47 57  111
47 58  111
47 59  111
47 60  111
47 61  111
47 62  111
47 63  111
48 0  110
48 1  110
48 2  110
48 3  110
48 4  110
48 5  110
48 6  110
48 7  110
48 8  110
48 9  110
48 10  110
48 11  110
48 12  110
48 13  110
48 14  110
48 15  110
48 16  110
48 17  110
48 18  110
48 19  110
48 20  110
48 21  110
48 22  110
48 23  110
48 24  110
48 25  110
48 26  110
48 27  110
48 28  110
48 29  110
48 30  110
48 31  110
48 32  110
48 33  110
48 34  110
48 35  110
48 36  110
48 37  110
48 38  110
48 39  110
48 40  110
48 41  110
48 42  110
48 43  110
48 44  110
48 45  110
48 46  110
48 47  110
48 48  110
48 49  110
48 50  110
48 51  110
48 52  110
48 53  110
48 54  110
48 55  110
48 56  110
48 57  110
48 58  110
48 59  110
48 60  110
48 61  110
48 62  110
48 63  110
49 0  32
49 1  32
49 2  32
49 3  32
49 4  32
49 5  32
49 6  32
49 7  32
49 8  32
49 9  32
49 10  32
49 11  32
49 12  32
49 13  32
49 14  32
49 15  32
49 16  32
49 17  32
49 18  32
49 19  32
49 20  32
49 21  32
49 22  32
49 23  32
49 24  32
49 25  32
49 26  32
49 27  32
49 28  32
49 29  32
49 30  32
49 31  32
49 32  32
49 33  32
49 34  32
49 35  32
49 36  32
49 37  32
49 38  32
49 39  32
49 40  32
49 41  32
49 42  32
49 43  32
49 44  32
49 45  32
49 46  32
49 47  32
49 48  32
49 49  32
49 50  32
49 51  32
49 52  32
49 53  32
49 54  32
49 55  32
49 56  32
49 57  32
49 58  32
49 59  32
49 60  32
49 61  32
49 62  32
49 63  32
50 0  80
50 1  80
50 2  80
50 3  80
50 4  80
50 5  80
50 6  80
50 7  80
50 8  80
50 9  80
50 10  80
50 11  80
50 12  80
50 13  80
50 14  80
50 15  80
50 16  80
50 17  80
50 18  80
50 19  80
50 20  80
50 21  80
50 22  80
50 23  80
50 24  80
50 25  80
50 26  80
50 27  80
50 28  80
50 29  80
50 30  80
50 31  80
50 32  80
50 33  80
50 34  80
50 35  80
50 36  80
50 37  80
50 38  80
50 39  80
50 40  80
50 41  80
50 42  80
50 43  80
50 44  80
50 45  80
50 46  80
50 47  80
50 48  80
50 49  80
50 50  80
50 51  80
50 52  80
50 53  80
50 54  80
50 55  80
50 56  80
50 57  80
50 58  80
50 59  80
50 60  80
50 61  80
50 62  80
50 63  80
51 0  111
51 1  111
51 2  111
51 3  111
51 4  111
51 5  111
51 6  111
51 7  111
51 8  111
51 9  111
51 10  111
51 11  111
51 12  111
51 13  111
51 14  111
51 15  111
51 16  111
51 17  111
51 18  111
51 19  111
51 20  111
51 21  111
51 22  111
51 23  111
51 24  111
51 25  111
51 26  111
51 27  111
51 28  111
51 29  111
51 30  111
51 31  111
51 32  111
51 33  111
51 34  111
51 35  111
51 36  111
51 37  111
51 38  111
51 39  111
51 40  111
51 41  111
51 42  111
51 43  111
51 44  111
51 45  111
51 46  111
51 47  111
51 48  111
51 49  111
51 50  111
51 51  111
51 52  111
51 53  111
51 54  111
51 55  111
51 56  111
51 57  111
51 58  111
51 59  111
51 60  111
51 61  111
51 62  111
51 63  111
52 0  105
52 1  105
52 2  105
52 3  105
52 4  105
52 5  105
52 6  105
52 7  105
52 8  105
52 9  105
52 10  105
52 11  105
52 12  105
52 13  105
52 14  105
52 15  105
52 16  105
52 17  105
52 18  105
52 19  105
52 20  105
52 21  105
52 22  105
52 23  105
52 24  105
52 25  105
52 26  105
52 27  105
52 28  105
52 29  105
52 30  105
52 31  105
52 32  105
52 33  105
52 34  105
52 35  105
52 36  105
52 37  105
52 38  105
52 39  105
52 40  105
52 41  105
52 42  105
52 43  105
52 44  105
52 45  105
52 46  105
52 47  105
52 48  105
52 49  105
52 50  105
52 51  105
52 52  105
52 53  105
52 54  105
52 55  105
52 56  105
52 57  105
52 58  105
52 59  105
52 60  105
52 61  105
52 62  105
52 63  105
53 0  110
53 1  110
53 2  110
53 3  110
53 4  110
53 5  110
53 6  110
53 7  110
53 8  110
53 9  110
53 10  110
53 11  110
53 12  110
53 13  110
53 14  110
53 15  110
53 16  110
53 17  110
53 18  110
53 19  110
53 20  110
53 21  110
53 22  110
53 23  110
53 24  110
53 25  110
53 26  110
53 27  110
53 28  110
53 29  110
53 30  110
53 31  110
53 32  110
53 33  110
53 34  110
53 35  110
53 36  110
53 37  110
53 38  110
53 39  110
53 40  110
53 41  110
53 42  110
53 43  110
53 44  110
53 45  110
53 46  110
53 47  110
53 48  110
53 49  110
53 50  110
53 51  110
53 52  110
53 53  110
53 54  110
53 55  110
53 56  110
53 57  110
53 58  110
53 59  110
53 60  110
53 61  110
53 62  110
53 63  110
54 0  116
54 1  116
54 2  116
54 3  116
54 4  116
54 5  116
54 6  116
54 7  116
54 8  116
54 9  116
54 10  116
54 11  116
54 12  116
54 13  116
54 14  116
54 15  116
54 16  116
54 17  116
54 18  116
54 19  116
54 20  116
54 21  116
54 22  116
54 23  116
54 24  116
54 25  116
54 26  116
54 27  116
54 28  116
54 29  116
54 30  116
54 31  116
54 32  116
54 33  116
54 34  116
54 35  116
54 36  116
54 37  116
54 38  116
54 39  116
54 40  116
54 41  116
54 42  116
54 43  116
54 44  116
54 45  116
54 46  116
54 47  116
54 48  116
54 49  116
54 50  116
54 51  116
54 52  116
54 53  116
54 54  116
54 55  116
54 56  116
54 57  116
54 58  116
54 59  116
54 60  116
54 61  116
54 62  116
54 63  116
55 0  32
55 1  32
55 2  32
55 3  32
55 4  32
55 5  32
55 6  32
55 7  32
55 8  32
55 9  32
55 10  32
55 11  32
55 12  32
55 13  32
55 14  32
55 15  32
55 16  32
55 17  32
55 18  32
55 19  32
55 20  32
55 21  32
55 22  32
55 23  32
55 24  32
55 25  32
55 26  32
55 27  32
55 28  32
55 29  32
55 30  32
55 31  32
55 32  32
55 33  32
55 34  32
55 35  32
55 36  32
55 37  32
55 38  32
55 39  32
55 40  32
55 41  32
55 42  32
55 43  32
55 44  32
55 45  32
55 46  32
55 47  32
55 48  32
55 49  32
55 50  32
55 51  32
55 52  32
55 53  32
55 54  32
55 55  32
55 56  32
55 57  32
55 58  32
55 59  32
55 60  32
55 61  32
55 62  32
55 63  32
56 0  49
56 1  49
56 2  49
56 3  49
56 4  49
56 5  49
56 6  50
56 7  50
56 8  50
56 9  50
56 10  50
56 11  50
56 12  50
56 13  50
56 14  50
56 15  50
56 16  51
56 17  51
56 18  51
56 19  51
56 20  51
56 21  51
56 22  51
56 23  51
56 24  51
56 25  51
56 26  52
56 27  52
56 28  52
56 29  52
56 30  52
56 31  52
56 32  52
56 33  52
56 34  52
56 35  52
56 36  53
56 37  53
56 38  49
56 39  50
56 40  51
56 41  52
56 42  53
56 43  54
56 44  55
56 45  56
56 46  57
56 47  49
56 48  49
56 49  49
56 50  49
56 51  49
56 52  49
56 53  49
56 54  49
56 55  49
56 56  49
56 57  50
56 58  50
56 59  50
56 60  50
56 61  50
56 62  50
56 63  50
57 0  52
57 1  53
57 2  54
57 3  55
57 4  56
57 5  57
57 6  48
57 7  49
57 8  50
57 9  51
57 10  52
57 11  53
57 12  54
57 13  55
57 14  56
57 15  57
57 16  48
57 17  49
57 18  50
57 19  51
57 20  52
57 21  53
57 22  54
57 23  55
57 24  56
57 25  57
57 26  48
57 27  49
57 28  50
57 29  51
57 30  52
57 31  53
57 32  54
57 33  55
57 34  56
57 35  57
57 36  48
57 37  49
57 38  32
57 39  32
57 40  32
57 41  32
57 42  32
57 43  32
57 44  32
57 45  32
57 46  32
57 47  48
57 48  49
57 49  50
57 50  51
57 51  52
57 52  53
57 53  54
57 54  55
57 55  56
57 56  57
57 57  48
57 58  49
57 59  50
57 60  51
57 61  52
57 62  53
57 63  54
58 0  32
58 1  32
58 2  32
58 3  32
58 4  32
58 5  32
58 6  32
58 7  32
58 8  32
58 9  32
58 10  32
58 11  32
58 12  32
58 13  32
58 14  32
58 15  32
58 16  32
58 17  32
58 18  32
58 19  32
58 20  32
58 21  32
58 22  32
58 23  32
58 24  32
58 25  32
58 26  32
58 27  32
58 28  32
58 29  32
58 30  32
58 31  32
58 32  32
58 33  32
58 34  32
58 35  32
58 36  32
58 37  32
58 38  32
58 39  32
58 40  32
58 41  32
58 42  32
58 43  32
58 44  32
58 45  32
58 46  32
58 47  32
58 48  32
58 49  32
58 50  32
58 51  32
58 52  32
58 53  32
58 54  32
58 55  32
58 56  32
58 57  32
58 58  32
58 59  32
58 60  32
58 61  32
58 62  32
58 63  32
59 0  32
59 1  32
59 2  32
59 3  32
59 4  32
59 5  32
59 6  32
59 7  32
59 8  32
59 9  32
59 10  32
59 11  32
59 12  32
59 13  32
59 14  32
59 15  32
59 16  32
59 17  32
59 18  32
59 19  32
59 20  32
59 21  32
59 22  32
59 23  32
59 24  32
59 25  32
59 26  32
59 27  32
59 28  32
59 29  32
59 30  32
59 31  32
59 32  32
59 33  32
59 34  32
59 35  32
59 36  32
59 37  32
59 38  32
59 39  32
59 40  32
59 41  32
59 42  32
59 43  32
59 44  32
59 45  32
59 46  32
59 47  32
59 48  32
59 49  32
59 50  32
59 51  32
59 52  32
59 53  32
59 54  32
59 55  32
59 56  32
59 57  32
59 58  32
59 59  32
59 60  32
59 61  32
59 62  32
59 63  32
60 0  32
60 1  32
60 2  32
60 3  32
60 4  32
60 5  32
60 6  32
60 7  32
60 8  32
60 9  32
60 10  32
60 11  32
60 12  32
60 13  32
60 14  32
60 15  32
60 16  32
60 17  32
60 18  32
60 19  32
60 20  32
60 21  32
60 22  32
60 23  32
60 24  32
60 25  32
60 26  32
60 27  32
60 28  32
60 29  32
60 30  32
60 31  32
60 32  32
60 33  32
60 34  32
60 35  32
60 36  32
60 37  32
60 38  32
60 39  32
60 40  32
60 41  32
60 42  32
60 43  32
60 44  32
60 45  32
60 46  32
60 47  32
60 48  32
60 49  32
60 50  32
60 51  32
60 52  32
60 53  32
60 54  32
60 55  32
60 56  32
60 57  32
60 58  32
60 59  32
60 60  32
60 61  32
60 62  32
60 63  32
61 0  32
61 1  32
61 2  32
61 3  32
61 4  32
61 5  32
61 6  32
61 7  32
61 8  32
61 9  32
61 10  32
61 11  32
61 12  32
61 13  32
61 14  32
61 15  32
61 16  32
61 17  32
61 18  32
61 19  32
61 20  32
61 21  32
61 22  32
61 23  32
61 24  32
61 25  32
61 26  32
61 27  32
61 28  32
61 29  32
61 30  32
61 31  32
61 32  32
61 33  32
61 34  32
61 35  32
61 36  32
61 37  32
61 38  32
61 39  32
61 40  32
61 41  32
61 42  32
61 43  32
61 44  32
61 45  32
61 46  32
61 47  32
61 48  32
61 49  32
61 50  32
61 51  32
61 52  32
61 53  32
61 54  32
61 55  32
61 56  32
61 57  32
61 58  32
61 59  32
61 60  32
61 61  32
61 62  32
61 63  32
62 0  32
62 1  32
62 2  32
62 3  32
62 4  32
62 5  32
62 6  32
62 7  32
62 8  32
62 9  32
62 10  32
62 11  32
62 12  32
62 13  32
62 14  32
62 15  32
62 16  32
62 17  32
62 18  32
62 19  32
62 20  32
62 21  32
62 22  32
62 23  32
62 24  32
62 25  32
62 26  32
62 27  32
62 28  32
62 29  32
62 30  32
62 31  32
62 32  32
62 33  32
62 34  32
62 35  32
62 36  32
62 37  32
62 38  32
62 39  32
62 40  32
62 41  32
62 42  32
62 43  32
62 44  32
62 45  32
62 46  32
62 47  32
62 48  32
62 49  32
62 50  32
62 51  32
62 52  32
62 53  32
62 54  32
62 55  32
62 56  32
62 57  32
62 58  32
62 59  32
62 60  32
62 61  32
62 62  32
62 63  32
63 0  32
63 1  32
63 2  32
63 3  32
63 4  32
63 5  32
63 6  32
63 7  32
63 8  32
63 9  32
63 10  32
63 11  32
63 12  32
63 13  32
63 14  32
63 15  32
63 16  32
63 17  32
63 18  32
63 19  32
63 20  32
63 21  32
63 22  32
63 23  32
63 24  32
63 25  32
63 26  32
63 27  32
63 28  32
63 29  32
63 30  32
63 31  32
63 32  32
63 33  32
63 34  32
63 35  32
63 36  32
63 37  32
63 38  32
63 39  32
63 40  32
63 41  32
63 42  32
63 43  32
63 44  32
63 45  32
63 46  32
63 47  32
63 48  32
63 49  32
63 50  32
63 51  32
63 52  32
63 53  32
63 54  32
63 55  32
63 56  32
63 57  32
63 58  32
63 59  32
63 60  32
63 61  32
63 62  32
63 63  32
