size: 4096
Tuples
0 0  82
0 1  82
0 2  82
0 3  82
0 4  82
0 5  82
0 6  82
0 7  82
0 8  82
0 9  82
0 10  82
0 11  82
0 12  82
0 13  82
0 14  82
0 15  82
0 16  82
0 17  82
0 18  82
0 19  82
0 20  82
0 21  82
0 22  82
0 23  82
0 24  82
0 25  82
0 26  82
0 27  82
0 28  82
0 29  82
0 30  82
0 31  82
0 32  82
0 33  82
0 34  82
0 35  82
0 36  82
0 37  82
0 38  82
0 39  82
0 40  82
0 41  82
0 42  82
0 43  82
0 44  82
0 45  82
0 46  82
0 47  82
0 48  82
0 49  82
0 50  82
0 51  82
0 52  82
0 53  82
0 54  82
0 55  82
0 56  82
0 57  82
0 58  82
0 59  82
0 60  82
0 61  82
0 62  82
0 63  82
1 0  111
1 1  111
1 2  111
1 3  111
1 4  111
1 5  111
1 6  111
1 7  111
1 8  111
1 9  111
1 10  111
1 11  111
1 12  111
1 13  111
1 14  111
1 15  111
1 16  111
1 17  111
1 18  111
1 19  111
1 20  111
1 21  111
1 22  111
1 23  111
1 24  111
1 25  111
1 26  111
1 27  111
1 28  111
1 29  111
1 30  111
1 31  111
1 32  111
1 33  111
1 34  111
1 35  111
1 36  111
1 37  111
1 38  111
1 39  111
1 40  111
1 41  111
1 42  111
1 43  111
1 44  111
1 45  111
1 46  111
1 47  111
1 48  111
1 49  111
1 50  111
1 51  111
1 52  111
1 53  111
1 54  111
1 55  111
1 56  111
1 57  111
1 58  111
1 59  111
1 60  111
1 61  111
1 62  111
1 63  111
2 0  119
2 1  119
2 2  119
2 3  119
2 4  119
2 5  119
2 6  119
2 7  119
2 8  119
2 9  119
2 10  119
2 11  119
2 12  119
2 13  119
2 14  119
2 15  119
2 16  119
2 17  119
2 18  119
2 19  119
2 20  119
2 21  119
2 22  119
2 23  119
2 24  119
2 25  119
2 26  119
2 27  119
2 28  119
2 29  119
2 30  119
2 31  119
2 32  119
2 33  119
2 34  119
2 35  119
2 36  119
2 37  119
2 38  119
2 39  119
2 40  119
2 41  119
2 42  119
2 43  119
2 44  119
2 45  119
2 46  119
2 47  119
2 48  119
2 49  119
2 50  119
2 51  119
2 52  119
2 53  119
2 54  119
2 55  119
2 56  119
2 57  119
2 58  119
2 59  119
2 60  119
2 61  119
2 62  119
2 63  119
3 0  32
3 1  32
3 2  32
3 3  32
3 4  32
3 5  32
3 6  32
3 7  32
3 8  32
3 9  32
3 10  32
3 11  32
3 12  32
3 13  32
3 14  32
3 15  32
3 16  32
3 17  32
3 18  32
3 19  32
3 20  32
3 21  32
3 22  32
3 23  32
3 24  32
3 25  32
3 26  32
3 27  32
3 28  32
3 29  32
3 30  32
3 31  32
3 32  32
3 33  32
3 34  32
3 35  32
3 36  32
3 37  32
3 38  32
3 39  32
3 40  32
3 41  32
3 42  32
3 43  32
3 44  32
3 45  32
3 46  32
3 47  32
3 48  32
3 49  32
3 50  32
3 51  32
3 52  32
3 53  32
3 54  32
3 55  32
3 56  32
3 57  32
3 58  32
3 59  32
3 60  32
3 61  32
3 62  32
3 63  32
4 0  57
4 1  57
4 2  57
4 3  57
4 4  57
4 5  57
4 6  57
4 7  57
4 8  57
4 9  57
4 10  57
4 11  57
4 12  57
4 13  57
4 14  57
4 15  57
4 16  57
4 17  57
4 18  57
4 19  57
4 20  57
4 21  57
4 22  57
4 23  57
4 24  57
4 25  57
4 26  57
4 27  57
4 28  57
4 29  57
4 30  57
4 31  57
4 32  57
4 33  57
4 34  57
4 35  57
4 36  57
4 37  57
4 38  57
4 39  49
4 40  49
4 41  49
4 42  49
4 43  49
4 44  49
4 45  49
4 46  49
4 47  49
4 48  49
4 49  49
4 50  49
4 51  49
4 52  49
4 53  49
4 54  49
4 55  49
4 56  49
4 57  49
4 58  49
4 59  49
4 60  49
4 61  49
4 62  49
4 63  49
5 0  54
5 1  54
5 2  54
5 3  54
5 4  54
5 5  54
5 6  54
5 7  54
5 8  54
5 9  55
5 10  55
5 11  55
5 12  55
5 13  55
5 14  55
5 15  55
5 16  55
5 17  55
5 18  55
5 19  56
5 20  56
5 21  56
5 22  56
5 23  56
5 24  56
5 25  56
5 26  56
5 27  56
5 28  56
5 29  57
5 30  57
5 31  57
5 32  57
5 33  57
5 34  57
5 35  57
5 36  57
5 37  57
5 38  57
5 39  48
5 40  48
5 41  48
5 42  48
5 43  48
5 44  48
5 45  48
5 46  48
5 47  48
5 48  48
5 49  48
5 50  48
5 51  48
5 52  48
5 53  48
5 54  48
5 55  48
5 56  48
5 57  48
5 58  48
5 59  48
5 60  48
5 61  48
5 62  48
5 63  48
6 0  49
6 1  50
6 2  51
6 3  52
6 4  53
6 5  54
6 6  55
6 7  56
6 8  57
6 9  48
6 10  49
6 11  50
6 12  51
6 13  52
6 14  53
6 15  54
6 16  55
6 17  56
6 18  57
6 19  48
6 20  49
6 21  50
6 22  51
6 23  52
6 24  53
6 25  54
6 26  55
6 27  56
6 28  57
6 29  48
6 30  49
6 31  50
6 32  51
6 33  52
6 34  53
6 35  54
6 36  55
6 37  56
6 38  57
6 39  48
6 40  48
6 41  48
6 42  48
6 43  48
6 44  48
6 45  48
6 46  48
6 47  48
6 48  48
6 49  49
6 50  49
6 51  49
6 52  49
6 53  49
6 54  49
6 55  49
6 56  49
6 57  49
6 58  49
6 59  50
6 60  50
6 61  50
6 62  50
6 63  50
7 0  32
7 1  32
7 2  32
7 3  32
7 4  32
7 5  32
7 6  32
7 7  32
7 8  32
7 9  32
7 10  32
7 11  32
7 12  32
7 13  32
7 14  32
7 15  32
7 16  32
7 17  32
7 18  32
7 19  32
7 20  32
7 21  32
7 22  32
7 23  32
7 24  32
7 25  32
7 26  32
7 27  32
7 28  32
7 29  32
7 30  32
7 31  32
7 32  32
7 33  32
7 34  32
7 35  32
7 36  32
7 37  32
7 38  32
7 39  48
7 40  49
7 41  50
7 42  51
7 43  52
7 44  53
7 45  54
7 46  55
7 47  56
7 48  57
7 49  48
7 50  49
7 51  50
7 52  51
7 53  52
7 54  53
7 55  54
7 56  55
7 57  56
7 58  57
7 59  48
7 60  49
7 61  50
7 62  51
7 63  52
8 0  58
8 1  58
8 2  58
8 3  58
8 4  58
8 5  58
8 6  58
8 7  58
8 8  58
8 9  58
8 10  58
8 11  58
8 12  58
8 13  58
8 14  58
8 15  58
8 16  58
8 17  58
8 18  58
8 19  58
8 20  58
8 21  58
8 22  58
8 23  58
8 24  58
8 25  58
8 26  58
8 27  58
8 28  58
8 29  58
8 30  58
8 31  58
8 32  58
8 33  58
8 34  58
8 35  58
8 36  58
8 37  58
8 38  58
8 39  32
8 40  32
8 41  32
8 42  32
8 43  32
8 44  32
8 45  32
8 46  32
8 47  32
8 48  32
8 49  32
8 50  32
8 51  32
8 52  32
8 53  32
8 54  32
8 55  32
8 56  32
8 57  32
8 58  32
8 59  32
8 60  32
8 61  32
8 62  32
8 63  32
9 0  32
9 1  32
9 2  32
9 3  32
9 4  32
9 5  32
9 6  32
9 7  32
9 8  32
9 9  32
9 10  32
9 11  32
9 12  32
9 13  32
9 14  32
9 15  32
9 16  32
9 17  32
9 18  32
9 19  32
9 20  32
9 21  32
9 22  32
9 23  32
9 24  32
9 25  32
9 26  32
9 27  32
9 28  32
9 29  32
9 30  32
9 31  32
9 32  32
9 33  32
9 34  32
9 35  32
9 36  32
9 37  32
9 38  32
9 39  58
9 40  58
9 41  58
9 42  58
9 43  58
9 44  58
9 45  58
9 46  58
9 47  58
9 48  58
9 49  58
9 50  58
9 51  58
9 52  58
9 53  58
9 54  58
9 55  58
9 56  58
9 57  58
9 58  58
9 59  58
9 60  58
9 61  58
9 62  58
9 63  58
10 0  80
10 1  80
10 2  80
10 3  80
10 4  80
10 5  80
10 6  80
10 7  80
10 8  80
10 9  80
10 10  80
10 11  80
10 12  80
10 13  80
10 14  80
10 15  80
10 16  80
10 17  80
10 18  80
10 19  80
10 20  80
10 21  80
10 22  80
10 23  80
10 24  80
10 25  80
10 26  80
10 27  80
10 28  80
10 29  80
10 30  80
10 31  80
10 32  80
10 33  80
10 34  80
10 35  80
10 36  80
10 37  80
10 38  80
10 39  32
10 40  32
10 41  32
10 42  32
10 43  32
10 44  32
10 45  32
10 46  32
10 47  32
10 48  32
10 49  32
10 50  32
10 51  32
10 52  32
10 53  32
10 54  32
10 55  32
10 56  32
10 57  32
10 58  32
10 59  32
10 60  32
10 61  32
10 62  32
10 63  32
11 0  104
11 1  104
11 2  104
11 3  104
11 4  104
11 5  104
11 6  104
11 7  104
11 8  104
11 9  104
11 10  104
11 11  104
11 12  104
11 13  104
11 14  104
11 15  104
11 16  104
11 17  104
11 18  104
11 19  104
11 20  104
11 21  104
11 22  104
11 23  104
11 24  104
11 25  104
11 26  104
11 27  104
11 28  104
11 29  104
11 30  104
11 31  104
11 32  104
11 33  104
11 34  104
11 35  104
11 36  104
11 37  104
11 38  104
11 39  80
11 40  80
11 41  80
11 42  80
11 43  80
11 44  80
11 45  80
11 46  80
11 47  80
11 48  80
11 49  80
11 50  80
11 51  80
11 52  80
11 53  80
11 54  80
11 55  80
11 56  80
11 57  80
11 58  80
11 59  80
11 60  80
11 61  80
11 62  80
11 63  80
12 0  97
12 1  97
12 2  97
12 3  97
12 4  97
12 5  97
12 6  97
12 7  97
12 8  97
12 9  97
12 10  97
12 11  97
12 12  97
12 13  97
12 14  97
12 15  97
12 16  97
12 17  97
12 18  97
12 19  97
12 20  97
12 21  97
12 22  97
12 23  97
12 24  97
12 25  97
12 26  97
12 27  97
12 28  97
12 29  97
12 30  97
12 31  97
12 32  97
12 33  97
12 34  97
12 35  97
12 36  97
12 37  97
12 38  97
12 39  104
12 40  104
12 41  104
12 42  104
12 43  104
12 44  104
12 45  104
12 46  104
12 47  104
12 48  104
12 49  104
12 50  104
12 51  104
12 52  104
12 53  104
12 54  104
12 55  104
12 56  104
12 57  104
12 58  104
12 59  104
12 60  104
12 61  104
12 62  104
12 63  104
13 0  115
13 1  115
13 2  115
13 3  115
13 4  115
13 5  115
13 6  115
13 7  115
13 8  115
13 9  115
13 10  115
13 11  115
13 12  115
13 13  115
13 14  115
13 15  115
13 16  115
13 17  115
13 18  115
13 19  115
13 20  115
13 21  115
13 22  115
13 23  115
13 24  115
13 25  115
13 26  115
13 27  115
13 28  115
13 29  115
13 30  115
13 31  115
13 32  115
13 33  115
13 34  115
13 35  115
13 36  115
13 37  115
13 38  115
13 39  97
13 40  97
13 41  97
13 42  97
13 43  97
13 44  97
13 45  97
13 46  97
13 47  97
13 48  97
13 49  97
13 50  97
13 51  97
13 52  97
13 53  97
13 54  97
13 55  97
13 56  97
13 57  97
13 58  97
13 59  97
13 60  97
13 61  97
13 62  97
13 63  97
14 0  101
14 1  101
14 2  101
14 3  101
14 4  101
14 5  101
14 6  101
14 7  101
14 8  101
14 9  101
14 10  101
14 11  101
14 12  101
14 13  101
14 14  101
14 15  101
14 16  101
14 17  101
14 18  101
14 19  101
14 20  101
14 21  101
14 22  101
14 23  101
14 24  101
14 25  101
14 26  101
14 27  101
14 28  101
14 29  101
14 30  101
14 31  101
14 32  101
14 33  101
14 34  101
14 35  101
14 36  101
14 37  101
14 38  101
14 39  115
14 40  115
14 41  115
14 42  115
14 43  115
14 44  115
14 45  115
14 46  115
14 47  115
14 48  115
14 49  115
14 50  115
14 51  115
14 52  115
14 53  115
14 54  115
14 55  115
14 56  115
14 57  115
14 58  115
14 59  115
14 60  115
14 61  115
14 62  115
14 63  115
15 0  32
15 1  32
15 2  32
15 3  32
15 4  32
15 5  32
15 6  32
15 7  32
15 8  32
15 9  32
15 10  32
15 11  32
15 12  32
15 13  32
15 14  32
15 15  32
15 16  32
15 17  32
15 18  32
15 19  32
15 20  32
15 21  32
15 22  32
15 23  32
15 24  32
15 25  32
15 26  32
15 27  32
15 28  32
15 29  32
15 30  32
15 31  32
15 32  32
15 33  32
15 34  32
15 35  32
15 36  32
15 37  32
15 38  32
15 39  101
15 40  101
15 41  101
15 42  101
15 43  101
15 44  101
15 45  101
15 46  101
15 47  101
15 48  101
15 49  101
15 50  101
15 51  101
15 52  101
15 53  101
15 54  101
15 55  101
15 56  101
15 57  101
15 58  101
15 59  101
15 60  101
15 61  101
15 62  101
15 63  101
16 0  50
16 1  50
16 2  50
16 3  50
16 4  50
16 5  50
16 6  50
16 7  50
16 8  50
16 9  50
16 10  50
16 11  50
16 12  50
16 13  50
16 14  50
16 15  50
16 16  50
16 17  50
16 18  50
16 19  50
16 20  50
16 21  50
16 22  50
16 23  50
16 24  50
16 25  50
16 26  50
16 27  50
16 28  50
16 29  50
16 30  50
16 31  50
16 32  50
16 33  50
16 34  50
16 35  50
16 36  50
16 37  50
16 38  50
16 39  32
16 40  32
16 41  32
16 42  32
16 43  32
16 44  32
16 45  32
16 46  32
16 47  32
16 48  32
16 49  32
16 50  32
16 51  32
16 52  32
16 53  32
16 54  32
16 55  32
16 56  32
16 57  32
16 58  32
16 59  32
16 60  32
16 61  32
16 62  32
16 63  32
17 0  32
17 1  32
17 2  32
17 3  32
17 4  32
17 5  32
17 6  32
17 7  32
17 8  32
17 9  32
17 10  32
17 11  32
17 12  32
17 13  32
17 14  32
17 15  32
17 16  32
17 17  32
17 18  32
17 19  32
17 20  32
17 21  32
17 22  32
17 23  32
17 24  32
17 25  32
17 26  32
17 27  32
17 28  32
17 29  32
17 30  32
17 31  32
17 32  32
17 33  32
17 34  32
17 35  32
17 36  32
17 37  32
17 38  32
17 39  50
17 40  50
17 41  50
17 42  50
17 43  50
17 44  50
17 45  50
17 46  50
17 47  50
17 48  50
17 49  50
17 50  50
17 51  50
17 52  50
17 53  50
17 54  50
17 55  50
17 56  50
17 57  50
17 58  50
17 59  50
17 60  50
17 61  50
17 62  50
17 63  50
18 0  83
18 1  83
18 2  83
18 3  83
18 4  83
18 5  83
18 6  83
18 7  83
18 8  83
18 9  83
18 10  83
18 11  83
18 12  83
18 13  83
18 14  83
18 15  83
18 16  83
18 17  83
18 18  83
18 19  83
18 20  83
18 21  83
18 22  83
18 23  83
18 24  83
18 25  83
18 26  83
18 27  83
18 28  83
18 29  83
18 30  83
18 31  83
18 32  83
18 33  83
18 34  83
18 35  83
18 36  83
18 37  83
18 38  83
18 39  32
18 40  32
18 41  32
18 42  32
18 43  32
18 44  32
18 45  32
18 46  32
18 47  32
18 48  32
18 49  32
18 50  32
18 51  32
18 52  32
18 53  32
18 54  32
18 55  32
18 56  32
18 57  32
18 58  32
18 59  32
18 60  32
18 61  32
18 62  32
18 63  32
19 0  116
19 1  116
19 2  116
19 3  116
19 4  116
19 5  116
19 6  116
19 7  116
19 8  116
19 9  116
19 10  116
19 11  116
19 12  116
19 13  116
19 14  116
19 15  116
19 16  116
19 17  116
19 18  116
19 19  116
19 20  116
19 21  116
19 22  116
19 23  116
19 24  116
19 25  116
19 26  116
19 27  116
19 28  116
19 29  116
19 30  116
19 31  116
19 32  116
19 33  116
19 34  116
19 35  116
19 36  116
19 37  116
19 38  116
19 39  83
19 40  83
19 41  83
19 42  83
19 43  83
19 44  83
19 45  83
19 46  83
19 47  83
19 48  83
19 49  83
19 50  83
19 51  83
19 52  83
19 53  83
19 54  83
19 55  83
19 56  83
19 57  83
19 58  83
19 59  83
19 60  83
19 61  83
19 62  83
19 63  83
20 0  97
20 1  97
20 2  97
20 3  97
20 4  97
20 5  97
20 6  97
20 7  97
20 8  97
20 9  97
20 10  97
20 11  97
20 12  97
20 13  97
20 14  97
20 15  97
20 16  97
20 17  97
20 18  97
20 19  97
20 20  97
20 21  97
20 22  97
20 23  97
20 24  97
20 25  97
20 26  97
20 27  97
20 28  97
20 29  97
20 30  97
20 31  97
20 32  97
20 33  97
20 34  97
20 35  97
20 36  97
20 37  97
20 38  97
20 39  116
20 40  116
20 41  116
20 42  116
20 43  116
20 44  116
20 45  116
20 46  116
20 47  116
20 48  116
20 49  116
20 50  116
20 51  116
20 52  116
20 53  116
20 54  116
20 55  116
20 56  116
20 57  116
20 58  116
20 59  116
20 60  116
20 61  116
20 62  116
20 63  116
21 0  116
21 1  116
21 2  116
21 3  116
21 4  116
21 5  116
21 6  116
21 7  116
21 8  116
21 9  116
21 10  116
21 11  116
21 12  116
21 13  116
21 14  116
21 15  116
21 16  116
21 17  116
21 18  116
21 19  116
21 20  116
21 21  116
21 22  116
21 23  116
21 24  116
21 25  116
21 26  116
21 27  116
21 28  116
21 29  116
21 30  116
21 31  116
21 32  116
21 33  116
21 34  116
21 35  116
21 36  116
21 37  116
21 38  116
21 39  97
21 40  97
21 41  97
21 42  97
21 43  97
21 44  97
21 45  97
21 46  97
21 47  97
21 48  97
21 49  97
21 50  97
21 51  97
21 52  97
21 53  97
21 54  97
21 55  97
21 56  97
21 57  97
21 58  97
21 59  97
21 60  97
21 61  97
21 62  97
21 63  97
22 0  101
22 1  101
22 2  101
22 3  101
22 4  101
22 5  101
22 6  101
22 7  101
22 8  101
22 9  101
22 10  101
22 11  101
22 12  101
22 13  101
22 14  101
22 15  101
22 16  101
22 17  101
22 18  101
22 19  101
22 20  101
22 21  101
22 22  101
22 23  101
22 24  101
22 25  101
22 26  101
22 27  101
22 28  101
22 29  101
22 30  101
22 31  101
22 32  101
22 33  101
22 34  101
22 35  101
22 36  101
22 37  101
22 38  101
22 39  116
22 40  116
22 41  116
22 42  116
22 43  116
22 44  116
22 45  116
22 46  116
22 47  116
22 48  116
22 49  116
22 50  116
22 51  116
22 52  116
22 53  116
22 54  116
22 55  116
22 56  116
22 57  116
22 58  116
22 59  116
22 60  116
22 61  116
22 62  116
22 63  116
23 0  32
23 1  32
23 2  32
23 3  32
23 4  32
23 5  32
23 6  32
23 7  32
23 8  32
23 9  32
23 10  32
23 11  32
23 12  32
23 13  32
23 14  32
23 15  32
23 16  32
23 17  32
23 18  32
23 19  32
23 20  32
23 21  32
23 22  32
23 23  32
23 24  32
23 25  32
23 26  32
23 27  32
23 28  32
23 29  32
23 30  32
23 31  32
23 32  32
23 33  32
23 34  32
23 35  32
23 36  32
23 37  32
23 38  32
23 39  101
23 40  101
23 41  101
23 42  101
23 43  101
23 44  101
23 45  101
23 46  101
23 47  101
23 48  101
23 49  101
23 50  101
23 51  101
23 52  101
23 53  101
23 54  101
23 55  101
23 56  101
23 57  101
23 58  101
23 59  101
23 60  101
23 61  101
23 62  101
23 63  101
24 0  67
24 1  67
24 2  67
24 3  67
24 4  67
24 5  67
24 6  67
24 7  67
24 8  67
24 9  67
24 10  67
24 11  67
24 12  67
24 13  67
24 14  67
24 15  67
24 16  67
24 17  67
24 18  67
24 19  67
24 20  67
24 21  67
24 22  67
24 23  67
24 24  67
24 25  67
24 26  67
24 27  67
24 28  67
24 29  67
24 30  67
24 31  67
24 32  67
24 33  67
24 34  67
24 35  67
24 36  67
24 37  67
24 38  67
24 39  32
24 40  32
24 41  32
24 42  32
24 43  32
24 44  32
24 45  32
24 46  32
24 47  32
24 48  32
24 49  32
24 50  32
24 51  32
24 52  32
24 53  32
24 54  32
24 55  32
24 56  32
24 57  32
24 58  32
24 59  32
24 60  32
24 61  32
24 62  32
24 63  32
25 0  111
25 1  111
25 2  111
25 3  111
25 4  111
25 5  111
25 6  111
25 7  111
25 8  111
25 9  111
25 10  111
25 11  111
25 12  111
25 13  111
25 14  111
25 15  111
25 16  111
25 17  111
25 18  111
25 19  111
25 20  111
25 21  111
25 22  111
25 23  111
25 24  111
25 25  111
25 26  111
25 27  111
25 28  111
25 29  111
25 30  111
25 31  111
25 32  111
25 33  111
25 34  111
25 35  111
25 36  111
25 37  111
25 38  111
25 39  67
25 40  67
25 41  67
25 42  67
25 43  67
25 44  67
25 45  67
25 46  67
25 47  67
25 48  67
25 49  67
25 50  67
25 51  67
25 52  67
25 53  67
25 54  67
25 55  67
25 56  67
25 57  67
25 58  67
25 59  67
25 60  67
25 61  67
25 62  67
25 63  67
26 0  109
26 1  109
26 2  109
26 3  109
26 4  109
26 5  109
26 6  109
26 7  109
26 8  109
26 9  109
26 10  109
26 11  109
26 12  109
26 13  109
26 14  109
26 15  109
26 16  109
26 17  109
26 18  109
26 19  109
26 20  109
26 21  109
26 22  109
26 23  109
26 24  109
26 25  109
26 26  109
26 27  109
26 28  109
26 29  109
26 30  109
26 31  109
26 32  109
26 33  109
26 34  109
26 35  109
26 36  109
26 37  109
26 38  109
26 39  111
26 40  111
26 41  111
26 42  111
26 43  111
26 44  111
26 45  111
26 46  111
26 47  111
26 48  111
26 49  111
26 50  111
26 51  111
26 52  111
26 53  111
26 54  111
26 55  111
26 56  111
26 57  111
26 58  111
26 59  111
26 60  111
26 61  111
26 62  111
26 63  111
27 0  112
27 1  112
27 2  112
27 3  112
27 4  112
27 5  112
27 6  112
27 7  112
27 8  112
27 9  112
27 10  112
27 11  112
27 12  112
27 13  112
27 14  112
27 15  112
27 16  112
27 17  112
27 18  112
27 19  112
27 20  112
27 21  112
27 22  112
27 23  112
27 24  112
27 25  112
27 26  112
27 27  112
27 28  112
27 29  112
27 30  112
27 31  112
27 32  112
27 33  112
27 34  112
27 35  112
27 36  112
27 37  112
27 38  112
27 39  109
27 40  109
27 41  109
27 42  109
27 43  109
27 44  109
27 45  109
27 46  109
27 47  109
27 48  109
27 49  109
27 50  109
27 51  109
27 52  109
27 53  109
27 54  109
27 55  109
27 56  109
27 57  109
27 58  109
27 59  109
27 60  109
27 61  109
27 62  109
27 63  109
28 0  111
28 1  111
28 2  111
28 3  111
28 4  111
28 5  111
28 6  111
28 7  111
28 8  111
28 9  111
28 10  111
28 11  111
28 12  111
28 13  111
28 14  111
28 15  111
28 16  111
28 17  111
28 18  111
28 19  111
28 20  111
28 21  111
28 22  111
28 23  111
28 24  111
28 25  111
28 26  111
28 27  111
28 28  111
28 29  111
28 30  111
28 31  111
28 32  111
28 33  111
28 34  111
28 35  111
28 36  111
28 37  111
28 38  111
28 39  112
28 40  112
28 41  112
28 42  112
28 43  112
28 44  112
28 45  112
28 46  112
28 47  112
28 48  112
28 49  112
28 50  112
28 51  112
28 52  112
28 53  112
28 54  112
28 55  112
28 56  112
28 57  112
28 58  112
28 59  112
28 60  112
28 61  112
28 62  112
28 63  112
29 0  110
29 1  110
29 2  110
29 3  110
29 4  110
29 5  110
29 6  110
29 7  110
29 8  110
29 9  110
29 10  110
29 11  110
29 12  110
29 13  110
29 14  110
29 15  110
29 16  110
29 17  110
29 18  110
29 19  110
29 20  110
29 21  110
29 22  110
29 23  110
29 24  110
29 25  110
29 26  110
29 27  110
29 28  110
29 29  110
29 30  110
29 31  110
29 32  110
29 33  110
29 34  110
29 35  110
29 36  110
29 37  110
29 38  110
29 39  111
29 40  111
29 41  111
29 42  111
29 43  111
29 44  111
29 45  111
29 46  111
29 47  111
29 48  111
29 49  111
29 50  111
29 51  111
29 52  111
29 53  111
29 54  111
29 55  111
29 56  111
29 57  111
29 58  111
29 59  111
29 60  111
29 61  111
29 62  111
29 63  111
30 0  101
30 1  101
30 2  101
30 3  101
30 4  101
30 5  101
30 6  101
30 7  101
30 8  101
30 9  101
30 10  101
30 11  101
30 12  101
30 13  101
30 14  101
30 15  101
30 16  101
30 17  101
30 18  101
30 19  101
30 20  101
30 21  101
30 22  101
30 23  101
30 24  101
30 25  101
30 26  101
30 27  101
30 28  101
30 29  101
30 30  101
30 31  101
30 32  101
30 33  101
30 34  101
30 35  101
30 36  101
30 37  101
30 38  101
30 39  110
30 40  110
30 41  110
30 42  110
30 43  110
30 44  110
30 45  110
30 46  110
30 47  110
30 48  110
30 49  110
30 50  110
30 51  110
30 52  110
30 53  110
30 54  110
30 55  110
30 56  110
30 57  110
30 58  110
30 59  110
30 60  110
30 61  110
30 62  110
30 63  110
31 0  110
31 1  110
31 2  110
31 3  110
31 4  110
31 5  110
31 6  110
31 7  110
31 8  110
31 9  110
31 10  110
31 11  110
31 12  110
31 13  110
31 14  110
31 15  110
31 16  110
31 17  110
31 18  110
31 19  110
31 20  110
31 21  110
31 22  110
31 23  110
31 24  110
31 25  110
31 26  110
31 27  110
31 28  110
31 29  110
31 30  110
31 31  110
31 32  110
31 33  110
31 34  110
31 35  110
31 36  110
31 37  110
31 38  110
31 39  101
31 40  101
31 41  101
31 42  101
31 43  101
31 44  101
31 45  101
31 46  101
31 47  101
31 48  101
31 49  101
31 50  101
31 51  101
31 52  101
31 53  101
31 54  101
31 55  101
31 56  101
31 57  101
31 58  101
31 59  101
31 60  101
31 61  101
31 62  101
31 63  101
32 0  116
32 1  116
32 2  116
32 3  116
32 4  116
32 5  116
32 6  116
32 7  116
32 8  116
32 9  116
32 10  116
32 11  116
32 12  116
32 13  116
32 14  116
32 15  116
32 16  116
32 17  116
32 18  116
32 19  116
32 20  116
32 21  116
32 22  116
32 23  116
32 24  116
32 25  116
32 26  116
32 27  116
32 28  116
32 29  116
32 30  116
32 31  116
32 32  116
32 33  116
32 34  116
32 35  116
32 36  116
32 37  116
32 38  116
32 39  110
32 40  110
32 41  110
32 42  110
32 43  110
32 44  110
32 45  110
32 46  110
32 47  110
32 48  110
32 49  110
32 50  110
32 51  110
32 52  110
32 53  110
32 54  110
32 55  110
32 56  110
32 57  110
32 58  110
32 59  110
32 60  110
32 61  110
32 62  110
32 63  110
33 0  32
33 1  32
33 2  32
33 3  32
33 4  32
33 5  32
33 6  32
33 7  32
33 8  32
33 9  32
33 10  32
33 11  32
33 12  32
33 13  32
33 14  32
33 15  32
33 16  32
33 17  32
33 18  32
33 19  32
33 20  32
33 21  32
33 22  32
33 23  32
33 24  32
33 25  32
33 26  32
33 27  32
33 28  32
33 29  32
33 30  32
33 31  32
33 32  32
33 33  32
33 34  32
33 35  32
33 36  32
33 37  32
33 38  32
33 39  116
33 40  116
33 41  116
33 42  116
33 43  116
33 44  116
33 45  116
33 46  116
33 47  116
33 48  116
33 49  116
33 50  116
33 51  116
33 52  116
33 53  116
33 54  116
33 55  116
33 56  116
33 57  116
33 58  116
33 59  116
33 60  116
33 61  116
33 62  116
33 63  116
34 0  51
34 1  51
34 2  51
34 3  51
34 4  51
34 5  51
34 6  51
34 7  51
34 8  51
34 9  51
34 10  51
34 11  51
34 12  51
34 13  51
34 14  51
34 15  51
34 16  51
34 17  51
34 18  51
34 19  51
34 20  51
34 21  51
34 22  51
34 23  51
34 24  51
34 25  51
34 26  51
34 27  51
34 28  51
34 29  51
34 30  51
34 31  51
34 32  51
34 33  51
34 34  51
34 35  51
34 36  51
34 37  51
34 38  51
34 39  32
34 40  32
34 41  32
34 42  32
34 43  32
34 44  32
34 45  32
34 46  32
34 47  32
34 48  32
34 49  32
34 50  32
34 51  32
34 52  32
34 53  32
34 54  32
34 55  32
34 56  32
34 57  32
34 58  32
34 59  32
34 60  32
34 61  32
34 62  32
34 63  32
35 0  32
35 1  32
35 2  32
35 3  32
35 4  32
35 5  32
35 6  32
35 7  32
35 8  32
35 9  32
35 10  32
35 11  32
35 12  32
35 13  32
35 14  32
35 15  32
35 16  32
35 17  32
35 18  32
35 19  32
35 20  32
35 21  32
35 22  32
35 23  32
35 24  32
35 25  32
35 26  32
35 27  32
35 28  32
35 29  32
35 30  32
35 31  32
35 32  32
35 33  32
35 34  32
35 35  32
35 36  32
35 37  32
35 38  32
35 39  51
35 40  51
35 41  51
35 42  51
35 43  51
35 44  51
35 45  51
35 46  51
35 47  51
35 48  51
35 49  51
35 50  51
35 51  51
35 52  51
35 53  51
35 54  51
35 55  51
35 56  51
35 57  51
35 58  51
35 59  51
35 60  51
35 61  51
35 62  51
35 63  51
36 0  67
36 1  67
36 2  67
36 3  67
36 4  67
36 5  67
36 6  67
36 7  67
36 8  67
36 9  67
36 10  67
36 11  67
36 12  67
36 13  67
36 14  67
36 15  67
36 16  67
36 17  67
36 18  67
36 19  67
36 20  67
36 21  67
36 22  67
36 23  67
36 24  67
36 25  67
36 26  67
36 27  67
36 28  67
36 29  67
36 30  67
36 31  67
36 32  67
36 33  67
36 34  67
36 35  67
36 36  67
36 37  67
36 38  67
36 39  32
36 40  32
36 41  32
36 42  32
36 43  32
36 44  32
36 45  32
36 46  32
36 47  32
36 48  32
36 49  32
36 50  32
36 51  32
36 52  32
36 53  32
36 54  32
36 55  32
36 56  32
36 57  32
36 58  32
36 59  32
36 60  32
36 61  32
36 62  32
36 63  32
37 0  111
37 1  111
37 2  111
37 3  111
37 4  111
37 5  111
37 6  111
37 7  111
37 8  111
37 9  111
37 10  111
37 11  111
37 12  111
37 13  111
37 14  111
37 15  111
37 16  111
37 17  111
37 18  111
37 19  111
37 20  111
37 21  111
37 22  111
37 23  111
37 24  111
37 25  111
37 26  111
37 27  111
37 28  111
37 29  111
37 30  111
37 31  111
37 32  111
37 33  111
37 34  111
37 35  111
37 36  111
37 37  111
37 38  111
37 39  67
37 40  67
37 41  67
37 42  67
37 43  67
37 44  67
37 45  67
37 46  67
37 47  67
37 48  67
37 49  67
37 50  67
37 51  67
37 52  67
37 53  67
37 54  67
37 55  67
37 56  67
37 57  67
37 58  67
37 59  67
37 60  67
37 61  67
37 62  67
37 63  67
38 0  108
38 1  108
38 2  108
38 3  108
38 4  108
38 5  108
38 6  108
38 7  108
38 8  108
38 9  108
38 10  108
38 11  108
38 12  108
38 13  108
38 14  108
38 15  108
38 16  108
38 17  108
38 18  108
38 19  108
38 20  108
38 21  108
38 22  108
38 23  108
38 24  108
38 25  108
38 26  108
38 27  108
38 28  108
38 29  108
38 30  108
38 31  108
38 32  108
38 33  108
38 34  108
38 35  108
38 36  108
38 37  108
38 38  108
38 39  111
38 40  111
38 41  111
38 42  111
38 43  111
38 44  111
38 45  111
38 46  111
38 47  111
38 48  111
38 49  111
38 50  111
38 51  111
38 52  111
38 53  111
38 54  111
38 55  111
38 56  111
38 57  111
38 58  111
38 59  111
38 60  111
38 61  111
38 62  111
38 63  111
39 0  108
39 1  108
39 2  108
39 3  108
39 4  108
39 5  108
39 6  108
39 7  108
39 8  108
39 9  108
39 10  108
39 11  108
39 12  108
39 13  108
39 14  108
39 15  108
39 16  108
39 17  108
39 18  108
39 19  108
39 20  108
39 21  108
39 22  108
39 23  108
39 24  108
39 25  108
39 26  108
39 27  108
39 28  108
39 29  108
39 30  108
39 31  108
39 32  108
39 33  108
39 34  108
39 35  108
39 36  108
39 37  108
39 38  108
39 39  108
39 40  108
39 41  108
39 42  108
39 43  108
39 44  108
39 45  108
39 46  108
39 47  108
39 48  108
39 49  108
39 50  108
39 51  108
39 52  108
39 53  108
39 54  108
39 55  108
39 56  108
39 57  108
39 58  108
39 59  108
39 60  108
39 61  108
39 62  108
39 63  108
40 0  111
40 1  111
40 2  111
40 3  111
40 4  111
40 5  111
40 6  111
40 7  111
40 8  111
40 9  111
40 10  111
40 11  111
40 12  111
40 13  111
40 14  111
40 15  111
40 16  111
40 17  111
40 18  111
40 19  111
40 20  111
40 21  111
40 22  111
40 23  111
40 24  111
40 25  111
40 26  111
40 27  111
40 28  111
40 29  111
40 30  111
40 31  111
40 32  111
40 33  111
40 34  111
40 35  111
40 36  111
40 37  111
40 38  111
40 39  108
40 40  108
40 41  108
40 42  108
40 43  108
40 44  108
40 45  108
40 46  108
40 47  108
40 48  108
40 49  108
40 50  108
40 51  108
40 52  108
40 53  108
40 54  108
40 55  108
40 56  108
40 57  108
40 58  108
40 59  108
40 60  108
40 61  108
40 62  108
40 63  108
41 0  99
41 1  99
41 2  99
41 3  99
41 4  99
41 5  99
41 6  99
41 7  99
41 8  99
41 9  99
41 10  99
41 11  99
41 12  99
41 13  99
41 14  99
41 15  99
41 16  99
41 17  99
41 18  99
41 19  99
41 20  99
41 21  99
41 22  99
41 23  99
41 24  99
41 25  99
41 26  99
41 27  99
41 28  99
41 29  99
41 30  99
41 31  99
41 32  99
41 33  99
41 34  99
41 35  99
41 36  99
41 37  99
41 38  99
41 39  111
41 40  111
41 41  111
41 42  111
41 43  111
41 44  111
41 45  111
41 46  111
41 47  111
41 48  111
41 49  111
41 50  111
41 51  111
41 52  111
41 53  111
41 54  111
41 55  111
41 56  111
41 57  111
41 58  111
41 59  111
41 60  111
41 61  111
41 62  111
41 63  111
42 0  97
42 1  97
42 2  97
42 3  97
42 4  97
42 5  97
42 6  97
42 7  97
42 8  97
42 9  97
42 10  97
42 11  97
42 12  97
42 13  97
42 14  97
42 15  97
42 16  97
42 17  97
42 18  97
42 19  97
42 20  97
42 21  97
42 22  97
42 23  97
42 24  97
42 25  97
42 26  97
42 27  97
42 28  97
42 29  97
42 30  97
42 31  97
42 32  97
42 33  97
42 34  97
42 35  97
42 36  97
42 37  97
42 38  97
42 39  99
42 40  99
42 41  99
42 42  99
42 43  99
42 44  99
42 45  99
42 46  99
42 47  99
42 48  99
42 49  99
42 50  99
42 51  99
42 52  99
42 53  99
42 54  99
42 55  99
42 56  99
42 57  99
42 58  99
42 59  99
42 60  99
42 61  99
42 62  99
42 63  99
43 0  116
43 1  116
43 2  116
43 3  116
43 4  116
43 5  116
43 6  116
43 7  116
43 8  116
43 9  116
43 10  116
43 11  116
43 12  116
43 13  116
43 14  116
43 15  116
43 16  116
43 17  116
43 18  116
43 19  116
43 20  116
43 21  116
43 22  116
43 23  116
43 24  116
43 25  116
43 26  116
43 27  116
43 28  116
43 29  116
43 30  116
43 31  116
43 32  116
43 33  116
43 34  116
43 35  116
43 36  116
43 37  116
43 38  116
43 39  97
43 40  97
43 41  97
43 42  97
43 43  97
43 44  97
43 45  97
43 46  97
43 47  97
43 48  97
43 49  97
43 50  97
43 51  97
43 52  97
43 53  97
43 54  97
43 55  97
43 56  97
43 57  97
43 58  97
43 59  97
43 60  97
43 61  97
43 62  97
43 63  97
44 0  105
44 1  105
44 2  105
44 3  105
44 4  105
44 5  105
44 6  105
44 7  105
44 8  105
44 9  105
44 10  105
44 11  105
44 12  105
44 13  105
44 14  105
44 15  105
44 16  105
44 17  105
44 18  105
44 19  105
44 20  105
44 21  105
44 22  105
44 23  105
44 24  105
44 25  105
44 26  105
44 27  105
44 28  105
44 29  105
44 30  105
44 31  105
44 32  105
44 33  105
44 34  105
44 35  105
44 36  105
44 37  105
44 38  105
44 39  116
44 40  116
44 41  116
44 42  116
44 43  116
44 44  116
44 45  116
44 46  116
44 47  116
44 48  116
44 49  116
44 50  116
44 51  116
44 52  116
44 53  116
44 54  116
44 55  116
44 56  116
44 57  116
44 58  116
44 59  116
44 60  116
44 61  116
44 62  116
44 63  116
45 0  111
45 1  111
45 2  111
45 3  111
45 4  111
45 5  111
45 6  111
45 7  111
45 8  111
45 9  111
45 10  111
45 11  111
45 12  111
45 13  111
45 14  111
45 15  111
45 16  111
45 17  111
45 18  111
45 19  111
45 20  111
45 21  111
45 22  111
45 23  111
45 24  111
45 25  111
45 26  111
45 27  111
45 28  111
45 29  111
45 30  111
45 31  111
45 32  111
45 33  111
45 34  111
45 35  111
45 36  111
45 37  111
45 38  111
45 39  105
45 40  105
45 41  105
45 42  105
45 43  105
45 44  105
45 45  105
45 46  105
45 47  105
45 48  105
45 49  105
45 50  105
45 51  105
45 52  105
45 53  105
45 54  105
45 55  105
45 56  105
45 57  105
45 58  105
45 59  105
45 60  105
45 61  105
45 62  105
45 63  105
46 0  110
46 1  110
46 2  110
46 3  110
46 4  110
46 5  110
46 6  110
46 7  110
46 8  110
46 9  110
46 10  110
46 11  110
46 12  110
46 13  110
46 14  110
46 15  110
46 16  110
46 17  110
46 18  110
46 19  110
46 20  110
46 21  110
46 22  110
46 23  110
46 24  110
46 25  110
46 26  110
46 27  110
46 28  110
46 29  110
46 30  110
46 31  110
46 32  110
46 33  110
46 34  110
46 35  110
46 36  110
46 37  110
46 38  110
46 39  111
46 40  111
46 41  111
46 42  111
46 43  111
46 44  111
46 45  111
46 46  111
46 47  111
46 48  111
46 49  111
46 50  111
46 51  111
46 52  111
46 53  111
46 54  111
46 55  111
46 56  111
46 57  111
46 58  111
46 59  111
46 60  111
46 61  111
46 62  111
46 63  111
47 0  32
47 1  32
47 2  32
47 3  32
47 4  32
47 5  32
47 6  32
47 7  32
47 8  32
47 9  32
47 10  32
47 11  32
47 12  32
47 13  32
47 14  32
47 15  32
47 16  32
47 17  32
47 18  32
47 19  32
47 20  32
47 21  32
47 22  32
47 23  32
47 24  32
47 25  32
47 26  32
47 27  32
47 28  32
47 29  32
47 30  32
47 31  32
47 32  32
47 33  32
47 34  32
47 35  32
47 36  32
47 37  32
47 38  32
47 39  110
47 40  110
47 41  110
47 42  110
47 43  110
47 44  110
47 45  110
47 46  110
47 47  110
47 48  110
47 49  110
47 50  110
47 51  110
47 52  110
47 53  110
47 54  110
47 55  110
47 56  110
47 57  110
47 58  110
47 59  110
47 60  110
47 61  110
47 62  110
47 63  110
48 0  80
48 1  80
48 2  80
48 3  80
48 4  80
48 5  80
48 6  80
48 7  80
48 8  80
48 9  80
48 10  80
48 11  80
48 12  80
48 13  80
48 14  80
48 15  80
48 16  80
48 17  80
48 18  80
48 19  80
48 20  80
48 21  80
48 22  80
48 23  80
48 24  80
48 25  80
48 26  80
48 27  80
48 28  80
48 29  80
48 30  80
48 31  80
48 32  80
48 33  80
48 34  80
48 35  80
48 36  80
48 37  80
48 38  80
48 39  32
48 40  32
48 41  32
48 42  32
48 43  32
48 44  32
48 45  32
48 46  32
48 47  32
48 48  32
48 49  32
48 50  32
48 51  32
48 52  32
48 53  32
48 54  32
48 55  32
48 56  32
48 57  32
48 58  32
48 59  32
48 60  32
48 61  32
48 62  32
48 63  32
49 0  111
49 1  111
49 2  111
49 3  111
49 4  111
49 5  111
49 6  111
49 7  111
49 8  111
49 9  111
49 10  111
49 11  111
49 12  111
49 13  111
49 14  111
49 15  111
49 16  111
49 17  111
49 18  111
49 19  111
49 20  111
49 21  111
49 22  111
49 23  111
49 24  111
49 25  111
49 26  111
49 27  111
49 28  111
49 29  111
49 30  111
49 31  111
49 32  111
49 33  111
49 34  111
49 35  111
49 36  111
49 37  111
49 38  111
49 39  80
49 40  80
49 41  80
49 42  80
49 43  80
49 44  80
49 45  80
49 46  80
49 47  80
49 48  80
49 49  80
49 50  80
49 51  80
49 52  80
49 53  80
49 54  80
49 55  80
49 56  80
49 57  80
49 58  80
49 59  80
49 60  80
49 61  80
49 62  80
49 63  80
50 0  105
50 1  105
50 2  105
50 3  105
50 4  105
50 5  105
50 6  105
50 7  105
50 8  105
50 9  105
50 10  105
50 11  105
50 12  105
50 13  105
50 14  105
50 15  105
50 16  105
50 17  105
50 18  105
50 19  105
50 20  105
50 21  105
50 22  105
50 23  105
50 24  105
50 25  105
50 26  105
50 27  105
50 28  105
50 29  105
50 30  105
50 31  105
50 32  105
50 33  105
50 34  105
50 35  105
50 36  105
50 37  105
50 38  105
50 39  111
50 40  111
50 41  111
50 42  111
50 43  111
50 44  111
50 45  111
50 46  111
50 47  111
50 48  111
50 49  111
50 50  111
50 51  111
50 52  111
50 53  111
50 54  111
50 55  111
50 56  111
50 57  111
50 58  111
50 59  111
50 60  111
50 61  111
50 62  111
50 63  111
51 0  110
51 1  110
51 2  110
51 3  110
51 4  110
51 5  110
51 6  110
51 7  110
51 8  110
51 9  110
51 10  110
51 11  110
51 12  110
51 13  110
51 14  110
51 15  110
51 16  110
51 17  110
51 18  110
51 19  110
51 20  110
51 21  110
51 22  110
51 23  110
51 24  110
51 25  110
51 26  110
51 27  110
51 28  110
51 29  110
51 30  110
51 31  110
51 32  110
51 33  110
51 34  110
51 35  110
51 36  110
51 37  110
51 38  110
51 39  105
51 40  105
51 41  105
51 42  105
51 43  105
51 44  105
51 45  105
51 46  105
51 47  105
51 48  105
51 49  105
51 50  105
51 51  105
51 52  105
51 53  105
51 54  105
51 55  105
51 56  105
51 57  105
51 58  105
51 59  105
51 60  105
51 61  105
51 62  105
51 63  105
52 0  116
52 1  116
52 2  116
52 3  116
52 4  116
52 5  116
52 6  116
52 7  116
52 8  116
52 9  116
52 10  116
52 11  116
52 12  116
52 13  116
52 14  116
52 15  116
52 16  116
52 17  116
52 18  116
52 19  116
52 20  116
52 21  116
52 22  116
52 23  116
52 24  116
52 25  116
52 26  116
52 27  116
52 28  116
52 29  116
52 30  116
52 31  116
52 32  116
52 33  116
52 34  116
52 35  116
52 36  116
52 37  116
52 38  116
52 39  110
52 40  110
52 41  110
52 42  110
52 43  110
52 44  110
52 45  110
52 46  110
52 47  110
52 48  110
52 49  110
52 50  110
52 51  110
52 52  110
52 53  110
52 54  110
52 55  110
52 56  110
52 57  110
52 58  110
52 59  110
52 60  110
52 61  110
52 62  110
52 63  110
53 0  32
53 1  32
53 2  32
53 3  32
53 4  32
53 5  32
53 6  32
53 7  32
53 8  32
53 9  32
53 10  32
53 11  32
53 12  32
53 13  32
53 14  32
53 15  32
53 16  32
53 17  32
53 18  32
53 19  32
53 20  32
53 21  32
53 22  32
53 23  32
53 24  32
53 25  32
53 26  32
53 27  32
53 28  32
53 29  32
53 30  32
53 31  32
53 32  32
53 33  32
53 34  32
53 35  32
53 36  32
53 37  32
53 38  32
53 39  116
53 40  116
53 41  116
53 42  116
53 43  116
53 44  116
53 45  116
53 46  116
53 47  116
53 48  116
53 49  116
53 50  116
53 51  116
53 52  116
53 53  116
53 54  116
53 55  116
53 56  116
53 57  116
53 58  116
53 59  116
53 60  116
53 61  116
53 62  116
53 63  116
54 0  51
54 1  52
54 2  53
54 3  49
54 4  50
54 5  51
54 6  49
54 7  50
54 8  51
54 9  49
54 10  50
54 11  51
54 12  49
54 13  50
54 14  51
54 15  49
54 16  50
54 17  51
54 18  49
54 19  50
54 20  51
54 21  49
54 22  50
54 23  51
54 24  49
54 25  50
54 26  51
54 27  49
54 28  50
54 29  51
54 30  49
54 31  50
54 32  51
54 33  49
54 34  50
54 35  51
54 36  49
54 37  50
54 38  51
54 39  32
54 40  32
54 41  32
54 42  32
54 43  32
54 44  32
54 45  32
54 46  32
54 47  32
54 48  32
54 49  32
54 50  32
54 51  32
54 52  32
54 53  32
54 54  32
54 55  32
54 56  32
54 57  32
54 58  32
54 59  32
54 60  32
54 61  32
54 62  32
54 63  32
55 0  32
55 1  32
55 2  32
55 3  32
55 4  32
55 5  32
55 6  32
55 7  32
55 8  32
55 9  32
55 10  32
55 11  32
55 12  32
55 13  32
55 14  32
55 15  32
55 16  32
55 17  32
55 18  32
55 19  32
55 20  32
55 21  32
55 22  32
55 23  32
55 24  32
55 25  32
55 26  32
55 27  32
55 28  32
55 29  32
55 30  32
55 31  32
55 32  32
55 33  32
55 34  32
55 35  32
55 36  32
55 37  32
55 38  32
55 39  49
55 40  50
55 41  51
55 42  49
55 43  50
55 44  51
55 45  49
55 46  50
55 47  51
55 48  49
55 49  50
55 50  51
55 51  49
55 52  50
55 53  51
55 54  49
55 55  50
55 56  51
55 57  49
55 58  50
55 59  51
55 60  49
55 61  50
55 62  51
55 63  49
56 0  73
56 1  73
56 2  73
56 3  73
56 4  73
56 5  73
56 6  73
56 7  73
56 8  73
56 9  73
56 10  73
56 11  73
56 12  73
56 13  73
56 14  73
56 15  73
56 16  73
56 17  73
56 18  73
56 19  73
56 20  73
56 21  73
56 22  73
56 23  73
56 24  73
56 25  73
56 26  73
56 27  73
56 28  73
56 29  73
56 30  73
56 31  73
56 32  73
56 33  73
56 34  73
56 35  73
56 36  73
56 37  73
56 38  73
56 39  32
56 40  32
56 41  32
56 42  32
56 43  32
56 44  32
56 45  32
56 46  32
56 47  32
56 48  32
56 49  32
56 50  32
56 51  32
56 52  32
56 53  32
56 54  32
56 55  32
56 56  32
56 57  32
56 58  32
56 59  32
56 60  32
56 61  32
56 62  32
56 63  32
57 0  110
57 1  110
57 2  110
57 3  110
57 4  110
57 5  110
57 6  110
57 7  110
57 8  110
57 9  110
57 10  110
57 11  110
57 12  110
57 13  110
57 14  110
57 15  110
57 16  110
57 17  110
57 18  110
57 19  110
57 20  110
57 21  110
57 22  110
57 23  110
57 24  110
57 25  110
57 26  110
57 27  110
57 28  110
57 29  110
57 30  110
57 31  110
57 32  110
57 33  110
57 34  110
57 35  110
57 36  110
57 37  110
57 38  110
57 39  73
57 40  73
57 41  73
57 42  73
57 43  73
57 44  73
57 45  73
57 46  73
57 47  73
57 48  73
57 49  73
57 50  73
57 51  73
57 52  73
57 53  73
57 54  73
57 55  73
57 56  73
57 57  73
57 58  73
57 59  73
57 60  73
57 61  73
57 62  73
57 63  73
58 0  116
58 1  116
58 2  116
58 3  116
58 4  116
58 5  116
58 6  116
58 7  116
58 8  116
58 9  116
58 10  116
58 11  116
58 12  116
58 13  116
58 14  116
58 15  116
58 16  116
58 17  116
58 18  116
58 19  116
58 20  116
58 21  116
58 22  116
58 23  116
58 24  116
58 25  116
58 26  116
58 27  116
58 28  116
58 29  116
58 30  116
58 31  116
58 32  116
58 33  116
58 34  116
58 35  116
58 36  116
58 37  116
58 38  116
58 39  110
58 40  110
58 41  110
58 42  110
58 43  110
58 44  110
58 45  110
58 46  110
58 47  110
58 48  110
58 49  110
58 50  110
58 51  110
58 52  110
58 53  110
58 54  110
58 55  110
58 56  110
58 57  110
58 58  110
58 59  110
58 60  110
58 61  110
58 62  110
58 63  110
59 0  101
59 1  101
59 2  101
59 3  101
59 4  101
59 5  101
59 6  101
59 7  101
59 8  101
59 9  101
59 10  101
59 11  101
59 12  101
59 13  101
59 14  101
59 15  101
59 16  101
59 17  101
59 18  101
59 19  101
59 20  101
59 21  101
59 22  101
59 23  101
59 24  101
59 25  101
59 26  101
59 27  101
59 28  101
59 29  101
59 30  101
59 31  101
59 32  101
59 33  101
59 34  101
59 35  101
59 36  101
59 37  101
59 38  101
59 39  116
59 40  116
59 41  116
59 42  116
59 43  116
59 44  116
59 45  116
59 46  116
59 47  116
59 48  116
59 49  116
59 50  116
59 51  116
59 52  116
59 53  116
59 54  116
59 55  116
59 56  116
59 57  116
59 58  116
59 59  116
59 60  116
59 61  116
59 62  116
59 63  116
60 0  114
60 1  114
60 2  114
60 3  114
60 4  114
60 5  114
60 6  114
60 7  114
60 8  114
60 9  114
60 10  114
60 11  114
60 12  114
60 13  114
60 14  114
60 15  114
60 16  114
60 17  114
60 18  114
60 19  114
60 20  114
60 21  114
60 22  114
60 23  114
60 24  114
60 25  114
60 26  114
60 27  114
60 28  114
60 29  114
60 30  114
60 31  114
60 32  114
60 33  114
60 34  114
60 35  114
60 36  114
60 37  114
60 38  114
60 39  101
60 40  101
60 41  101
60 42  101
60 43  101
60 44  101
60 45  101
60 46  101
60 47  101
60 48  101
60 49  101
60 50  101
60 51  101
60 52  101
60 53  101
60 54  101
60 55  101
60 56  101
60 57  101
60 58  101
60 59  101
60 60  101
60 61  101
60 62  101
60 63  101
61 0  118
61 1  118
61 2  118
61 3  118
61 4  118
61 5  118
61 6  118
61 7  118
61 8  118
61 9  118
61 10  118
61 11  118
61 12  118
61 13  118
61 14  118
61 15  118
61 16  118
61 17  118
61 18  118
61 19  118
61 20  118
61 21  118
61 22  118
61 23  118
61 24  118
61 25  118
61 26  118
61 27  118
61 28  118
61 29  118
61 30  118
61 31  118
61 32  118
61 33  118
61 34  118
61 35  118
61 36  118
61 37  118
61 38  118
61 39  114
61 40  114
61 41  114
61 42  114
61 43  114
61 44  114
61 45  114
61 46  114
61 47  114
61 48  114
61 49  114
61 50  114
61 51  114
61 52  114
61 53  114
61 54  114
61 55  114
61 56  114
61 57  114
61 58  114
61 59  114
61 60  114
61 61  114
61 62  114
61 63  114
62 0  97
62 1  97
62 2  97
62 3  97
62 4  97
62 5  97
62 6  97
62 7  97
62 8  97
62 9  97
62 10  97
62 11  97
62 12  97
62 13  97
62 14  97
62 15  97
62 16  97
62 17  97
62 18  97
62 19  97
62 20  97
62 21  97
62 22  97
62 23  97
62 24  97
62 25  97
62 26  97
62 27  97
62 28  97
62 29  97
62 30  97
62 31  97
62 32  97
62 33  97
62 34  97
62 35  97
62 36  97
62 37  97
62 38  97
62 39  118
62 40  118
62 41  118
62 42  118
62 43  118
62 44  118
62 45  118
62 46  118
62 47  118
62 48  118
62 49  118
62 50  118
62 51  118
62 52  118
62 53  118
62 54  118
62 55  118
62 56  118
62 57  118
62 58  118
62 59  118
62 60  118
62 61  118
62 62  118
62 63  118
63 0  108
63 1  108
63 2  108
63 3  108
63 4  108
63 5  108
63 6  108
63 7  108
63 8  108
63 9  108
63 10  108
63 11  108
63 12  108
63 13  108
63 14  108
63 15  108
63 16  108
63 17  108
63 18  108
63 19  108
63 20  108
63 21  108
63 22  108
63 23  108
63 24  108
63 25  108
63 26  108
63 27  108
63 28  108
63 29  108
63 30  108
63 31  108
63 32  108
63 33  108
63 34  108
63 35  108
63 36  108
63 37  108
63 38  108
63 39  97
63 40  97
63 41  97
63 42  97
63 43  97
63 44  97
63 45  97
63 46  97
63 47  97
63 48  97
63 49  97
63 50  97
63 51  97
63 52  97
63 53  97
63 54  97
63 55  97
63 56  97
63 57  97
63 58  97
63 59  97
63 60  97
63 61  97
63 62  97
63 63  97
