size: 4096
Tuples
0 0  82
0 1  82
0 2  82
0 3  82
0 4  82
0 5  82
0 6  82
0 7  82
0 8  82
0 9  82
0 10  82
0 11  82
0 12  82
0 13  82
0 14  82
0 15  82
0 16  82
0 17  82
0 18  82
0 19  82
0 20  82
0 21  82
0 22  82
0 23  82
0 24  82
0 25  82
0 26  82
0 27  82
0 28  82
0 29  82
0 30  82
0 31  82
0 32  82
0 33  82
0 34  82
0 35  82
0 36  82
0 37  82
0 38  82
0 39  82
0 40  82
0 41  82
0 42  82
0 43  82
0 44  82
0 45  82
0 46  82
0 47  82
0 48  82
0 49  82
0 50  82
0 51  82
0 52  82
0 53  82
0 54  82
0 55  82
0 56  82
0 57  82
0 58  82
0 59  82
0 60  82
0 61  82
0 62  82
0 63  82
1 0  111
1 1  111
1 2  111
1 3  111
1 4  111
1 5  111
1 6  111
1 7  111
1 8  111
1 9  111
1 10  111
1 11  111
1 12  111
1 13  111
1 14  111
1 15  111
1 16  111
1 17  111
1 18  111
1 19  111
1 20  111
1 21  111
1 22  111
1 23  111
1 24  111
1 25  111
1 26  111
1 27  111
1 28  111
1 29  111
1 30  111
1 31  111
1 32  111
1 33  111
1 34  111
1 35  111
1 36  111
1 37  111
1 38  111
1 39  111
1 40  111
1 41  111
1 42  111
1 43  111
1 44  111
1 45  111
1 46  111
1 47  111
1 48  111
1 49  111
1 50  111
1 51  111
1 52  111
1 53  111
1 54  111
1 55  111
1 56  111
1 57  111
1 58  111
1 59  111
1 60  111
1 61  111
1 62  111
1 63  111
2 0  119
2 1  119
2 2  119
2 3  119
2 4  119
2 5  119
2 6  119
2 7  119
2 8  119
2 9  119
2 10  119
2 11  119
2 12  119
2 13  119
2 14  119
2 15  119
2 16  119
2 17  119
2 18  119
2 19  119
2 20  119
2 21  119
2 22  119
2 23  119
2 24  119
2 25  119
2 26  119
2 27  119
2 28  119
2 29  119
2 30  119
2 31  119
2 32  119
2 33  119
2 34  119
2 35  119
2 36  119
2 37  119
2 38  119
2 39  119
2 40  119
2 41  119
2 42  119
2 43  119
2 44  119
2 45  119
2 46  119
2 47  119
2 48  119
2 49  119
2 50  119
2 51  119
2 52  119
2 53  119
2 54  119
2 55  119
2 56  119
2 57  119
2 58  119
2 59  119
2 60  119
2 61  119
2 62  119
2 63  119
3 0  32
3 1  32
3 2  32
3 3  32
3 4  32
3 5  32
3 6  32
3 7  32
3 8  32
3 9  32
3 10  32
3 11  32
3 12  32
3 13  32
3 14  32
3 15  32
3 16  32
3 17  32
3 18  32
3 19  32
3 20  32
3 21  32
3 22  32
3 23  32
3 24  32
3 25  32
3 26  32
3 27  32
3 28  32
3 29  32
3 30  32
3 31  32
3 32  32
3 33  32
3 34  32
3 35  32
3 36  32
3 37  32
3 38  32
3 39  32
3 40  32
3 41  32
3 42  32
3 43  32
3 44  32
3 45  32
3 46  32
3 47  32
3 48  32
3 49  32
3 50  32
3 51  32
3 52  32
3 53  32
3 54  32
3 55  32
3 56  32
3 57  32
3 58  32
3 59  32
3 60  32
3 61  32
3 62  32
3 63  32
4 0  49
4 1  50
4 2  51
4 3  52
4 4  53
4 5  54
4 6  55
4 7  56
4 8  57
4 9  49
4 10  49
4 11  49
4 12  49
4 13  49
4 14  49
4 15  49
4 16  49
4 17  49
4 18  49
4 19  50
4 20  50
4 21  50
4 22  50
4 23  50
4 24  50
4 25  50
4 26  50
4 27  50
4 28  50
4 29  51
4 30  51
4 31  51
4 32  51
4 33  51
4 34  51
4 35  51
4 36  51
4 37  51
4 38  51
4 39  52
4 40  52
4 41  52
4 42  52
4 43  52
4 44  52
4 45  52
4 46  52
4 47  52
4 48  52
4 49  53
4 50  53
4 51  53
4 52  53
4 53  53
4 54  53
4 55  53
4 56  53
4 57  53
4 58  53
4 59  54
4 60  54
4 61  54
4 62  54
4 63  54
5 0  32
5 1  32
5 2  32
5 3  32
5 4  32
5 5  32
5 6  32
5 7  32
5 8  32
5 9  48
5 10  49
5 11  50
5 12  51
5 13  52
5 14  53
5 15  54
5 16  55
5 17  56
5 18  57
5 19  48
5 20  49
5 21  50
5 22  51
5 23  52
5 24  53
5 25  54
5 26  55
5 27  56
5 28  57
5 29  48
5 30  49
5 31  50
5 32  51
5 33  52
5 34  53
5 35  54
5 36  55
5 37  56
5 38  57
5 39  48
5 40  49
5 41  50
5 42  51
5 43  52
5 44  53
5 45  54
5 46  55
5 47  56
5 48  57
5 49  48
5 50  49
5 51  50
5 52  51
5 53  52
5 54  53
5 55  54
5 56  55
5 57  56
5 58  57
5 59  48
5 60  49
5 61  50
5 62  51
5 63  52
6 0  58
6 1  58
6 2  58
6 3  58
6 4  58
6 5  58
6 6  58
6 7  58
6 8  58
6 9  32
6 10  32
6 11  32
6 12  32
6 13  32
6 14  32
6 15  32
6 16  32
6 17  32
6 18  32
6 19  32
6 20  32
6 21  32
6 22  32
6 23  32
6 24  32
6 25  32
6 26  32
6 27  32
6 28  32
6 29  32
6 30  32
6 31  32
6 32  32
6 33  32
6 34  32
6 35  32
6 36  32
6 37  32
6 38  32
6 39  32
6 40  32
6 41  32
6 42  32
6 43  32
6 44  32
6 45  32
6 46  32
6 47  32
6 48  32
6 49  32
6 50  32
6 51  32
6 52  32
6 53  32
6 54  32
6 55  32
6 56  32
6 57  32
6 58  32
6 59  32
6 60  32
6 61  32
6 62  32
6 63  32
7 0  32
7 1  32
7 2  32
7 3  32
7 4  32
7 5  32
7 6  32
7 7  32
7 8  32
7 9  58
7 10  58
7 11  58
7 12  58
7 13  58
7 14  58
7 15  58
7 16  58
7 17  58
7 18  58
7 19  58
7 20  58
7 21  58
7 22  58
7 23  58
7 24  58
7 25  58
7 26  58
7 27  58
7 28  58
7 29  58
7 30  58
7 31  58
7 32  58
7 33  58
7 34  58
7 35  58
7 36  58
7 37  58
7 38  58
7 39  58
7 40  58
7 41  58
7 42  58
7 43  58
7 44  58
7 45  58
7 46  58
7 47  58
7 48  58
7 49  58
7 50  58
7 51  58
7 52  58
7 53  58
7 54  58
7 55  58
7 56  58
7 57  58
7 58  58
7 59  58
7 60  58
7 61  58
7 62  58
7 63  58
8 0  80
8 1  80
8 2  80
8 3  80
8 4  80
8 5  80
8 6  80
8 7  80
8 8  80
8 9  32
8 10  32
8 11  32
8 12  32
8 13  32
8 14  32
8 15  32
8 16  32
8 17  32
8 18  32
8 19  32
8 20  32
8 21  32
8 22  32
8 23  32
8 24  32
8 25  32
8 26  32
8 27  32
8 28  32
8 29  32
8 30  32
8 31  32
8 32  32
8 33  32
8 34  32
8 35  32
8 36  32
8 37  32
8 38  32
8 39  32
8 40  32
8 41  32
8 42  32
8 43  32
8 44  32
8 45  32
8 46  32
8 47  32
8 48  32
8 49  32
8 50  32
8 51  32
8 52  32
8 53  32
8 54  32
8 55  32
8 56  32
8 57  32
8 58  32
8 59  32
8 60  32
8 61  32
8 62  32
8 63  32
9 0  104
9 1  104
9 2  104
9 3  104
9 4  104
9 5  104
9 6  104
9 7  104
9 8  104
9 9  80
9 10  80
9 11  80
9 12  80
9 13  80
9 14  80
9 15  80
9 16  80
9 17  80
9 18  80
9 19  80
9 20  80
9 21  80
9 22  80
9 23  80
9 24  80
9 25  80
9 26  80
9 27  80
9 28  80
9 29  80
9 30  80
9 31  80
9 32  80
9 33  80
9 34  80
9 35  80
9 36  80
9 37  80
9 38  80
9 39  80
9 40  80
9 41  80
9 42  80
9 43  80
9 44  80
9 45  80
9 46  80
9 47  80
9 48  80
9 49  80
9 50  80
9 51  80
9 52  80
9 53  80
9 54  80
9 55  80
9 56  80
9 57  80
9 58  80
9 59  80
9 60  80
9 61  80
9 62  80
9 63  80
10 0  97
10 1  97
10 2  97
10 3  97
10 4  97
10 5  97
10 6  97
10 7  97
10 8  97
10 9  104
10 10  104
10 11  104
10 12  104
10 13  104
10 14  104
10 15  104
10 16  104
10 17  104
10 18  104
10 19  104
10 20  104
10 21  104
10 22  104
10 23  104
10 24  104
10 25  104
10 26  104
10 27  104
10 28  104
10 29  104
10 30  104
10 31  104
10 32  104
10 33  104
10 34  104
10 35  104
10 36  104
10 37  104
10 38  104
10 39  104
10 40  104
10 41  104
10 42  104
10 43  104
10 44  104
10 45  104
10 46  104
10 47  104
10 48  104
10 49  104
10 50  104
10 51  104
10 52  104
10 53  104
10 54  104
10 55  104
10 56  104
10 57  104
10 58  104
10 59  104
10 60  104
10 61  104
10 62  104
10 63  104
11 0  115
11 1  115
11 2  115
11 3  115
11 4  115
11 5  115
11 6  115
11 7  115
11 8  115
11 9  97
11 10  97
11 11  97
11 12  97
11 13  97
11 14  97
11 15  97
11 16  97
11 17  97
11 18  97
11 19  97
11 20  97
11 21  97
11 22  97
11 23  97
11 24  97
11 25  97
11 26  97
11 27  97
11 28  97
11 29  97
11 30  97
11 31  97
11 32  97
11 33  97
11 34  97
11 35  97
11 36  97
11 37  97
11 38  97
11 39  97
11 40  97
11 41  97
11 42  97
11 43  97
11 44  97
11 45  97
11 46  97
11 47  97
11 48  97
11 49  97
11 50  97
11 51  97
11 52  97
11 53  97
11 54  97
11 55  97
11 56  97
11 57  97
11 58  97
11 59  97
11 60  97
11 61  97
11 62  97
11 63  97
12 0  101
12 1  101
12 2  101
12 3  101
12 4  101
12 5  101
12 6  101
12 7  101
12 8  101
12 9  115
12 10  115
12 11  115
12 12  115
12 13  115
12 14  115
12 15  115
12 16  115
12 17  115
12 18  115
12 19  115
12 20  115
12 21  115
12 22  115
12 23  115
12 24  115
12 25  115
12 26  115
12 27  115
12 28  115
12 29  115
12 30  115
12 31  115
12 32  115
12 33  115
12 34  115
12 35  115
12 36  115
12 37  115
12 38  115
12 39  115
12 40  115
12 41  115
12 42  115
12 43  115
12 44  115
12 45  115
12 46  115
12 47  115
12 48  115
12 49  115
12 50  115
12 51  115
12 52  115
12 53  115
12 54  115
12 55  115
12 56  115
12 57  115
12 58  115
12 59  115
12 60  115
12 61  115
12 62  115
12 63  115
13 0  32
13 1  32
13 2  32
13 3  32
13 4  32
13 5  32
13 6  32
13 7  32
13 8  32
13 9  101
13 10  101
13 11  101
13 12  101
13 13  101
13 14  101
13 15  101
13 16  101
13 17  101
13 18  101
13 19  101
13 20  101
13 21  101
13 22  101
13 23  101
13 24  101
13 25  101
13 26  101
13 27  101
13 28  101
13 29  101
13 30  101
13 31  101
13 32  101
13 33  101
13 34  101
13 35  101
13 36  101
13 37  101
13 38  101
13 39  101
13 40  101
13 41  101
13 42  101
13 43  101
13 44  101
13 45  101
13 46  101
13 47  101
13 48  101
13 49  101
13 50  101
13 51  101
13 52  101
13 53  101
13 54  101
13 55  101
13 56  101
13 57  101
13 58  101
13 59  101
13 60  101
13 61  101
13 62  101
13 63  101
14 0  49
14 1  49
14 2  49
14 3  49
14 4  49
14 5  49
14 6  49
14 7  49
14 8  49
14 9  32
14 10  32
14 11  32
14 12  32
14 13  32
14 14  32
14 15  32
14 16  32
14 17  32
14 18  32
14 19  32
14 20  32
14 21  32
14 22  32
14 23  32
14 24  32
14 25  32
14 26  32
14 27  32
14 28  32
14 29  32
14 30  32
14 31  32
14 32  32
14 33  32
14 34  32
14 35  32
14 36  32
14 37  32
14 38  32
14 39  32
14 40  32
14 41  32
14 42  32
14 43  32
14 44  32
14 45  32
14 46  32
14 47  32
14 48  32
14 49  32
14 50  32
14 51  32
14 52  32
14 53  32
14 54  32
14 55  32
14 56  32
14 57  32
14 58  32
14 59  32
14 60  32
14 61  32
14 62  32
14 63  32
15 0  32
15 1  32
15 2  32
15 3  32
15 4  32
15 5  32
15 6  32
15 7  32
15 8  32
15 9  49
15 10  49
15 11  49
15 12  49
15 13  49
15 14  49
15 15  49
15 16  49
15 17  49
15 18  49
15 19  49
15 20  49
15 21  49
15 22  49
15 23  49
15 24  49
15 25  49
15 26  49
15 27  49
15 28  49
15 29  49
15 30  49
15 31  49
15 32  49
15 33  49
15 34  49
15 35  49
15 36  49
15 37  49
15 38  49
15 39  49
15 40  49
15 41  49
15 42  49
15 43  49
15 44  49
15 45  49
15 46  49
15 47  49
15 48  49
15 49  49
15 50  49
15 51  49
15 52  49
15 53  49
15 54  49
15 55  49
15 56  49
15 57  49
15 58  49
15 59  49
15 60  49
15 61  49
15 62  49
15 63  49
16 0  83
16 1  83
16 2  83
16 3  83
16 4  83
16 5  83
16 6  83
16 7  83
16 8  83
16 9  32
16 10  32
16 11  32
16 12  32
16 13  32
16 14  32
16 15  32
16 16  32
16 17  32
16 18  32
16 19  32
16 20  32
16 21  32
16 22  32
16 23  32
16 24  32
16 25  32
16 26  32
16 27  32
16 28  32
16 29  32
16 30  32
16 31  32
16 32  32
16 33  32
16 34  32
16 35  32
16 36  32
16 37  32
16 38  32
16 39  32
16 40  32
16 41  32
16 42  32
16 43  32
16 44  32
16 45  32
16 46  32
16 47  32
16 48  32
16 49  32
16 50  32
16 51  32
16 52  32
16 53  32
16 54  32
16 55  32
16 56  32
16 57  32
16 58  32
16 59  32
16 60  32
16 61  32
16 62  32
16 63  32
17 0  116
17 1  116
17 2  116
17 3  116
17 4  116
17 5  116
17 6  116
17 7  116
17 8  116
17 9  83
17 10  83
17 11  83
17 12  83
17 13  83
17 14  83
17 15  83
17 16  83
17 17  83
17 18  83
17 19  83
17 20  83
17 21  83
17 22  83
17 23  83
17 24  83
17 25  83
17 26  83
17 27  83
17 28  83
17 29  83
17 30  83
17 31  83
17 32  83
17 33  83
17 34  83
17 35  83
17 36  83
17 37  83
17 38  83
17 39  83
17 40  83
17 41  83
17 42  83
17 43  83
17 44  83
17 45  83
17 46  83
17 47  83
17 48  83
17 49  83
17 50  83
17 51  83
17 52  83
17 53  83
17 54  83
17 55  83
17 56  83
17 57  83
17 58  83
17 59  83
17 60  83
17 61  83
17 62  83
17 63  83
18 0  97
18 1  97
18 2  97
18 3  97
18 4  97
18 5  97
18 6  97
18 7  97
18 8  97
18 9  116
18 10  116
18 11  116
18 12  116
18 13  116
18 14  116
18 15  116
18 16  116
18 17  116
18 18  116
18 19  116
18 20  116
18 21  116
18 22  116
18 23  116
18 24  116
18 25  116
18 26  116
18 27  116
18 28  116
18 29  116
18 30  116
18 31  116
18 32  116
18 33  116
18 34  116
18 35  116
18 36  116
18 37  116
18 38  116
18 39  116
18 40  116
18 41  116
18 42  116
18 43  116
18 44  116
18 45  116
18 46  116
18 47  116
18 48  116
18 49  116
18 50  116
18 51  116
18 52  116
18 53  116
18 54  116
18 55  116
18 56  116
18 57  116
18 58  116
18 59  116
18 60  116
18 61  116
18 62  116
18 63  116
19 0  116
19 1  116
19 2  116
19 3  116
19 4  116
19 5  116
19 6  116
19 7  116
19 8  116
19 9  97
19 10  97
19 11  97
19 12  97
19 13  97
19 14  97
19 15  97
19 16  97
19 17  97
19 18  97
19 19  97
19 20  97
19 21  97
19 22  97
19 23  97
19 24  97
19 25  97
19 26  97
19 27  97
19 28  97
19 29  97
19 30  97
19 31  97
19 32  97
19 33  97
19 34  97
19 35  97
19 36  97
19 37  97
19 38  97
19 39  97
19 40  97
19 41  97
19 42  97
19 43  97
19 44  97
19 45  97
19 46  97
19 47  97
19 48  97
19 49  97
19 50  97
19 51  97
19 52  97
19 53  97
19 54  97
19 55  97
19 56  97
19 57  97
19 58  97
19 59  97
19 60  97
19 61  97
19 62  97
19 63  97
20 0  101
20 1  101
20 2  101
20 3  101
20 4  101
20 5  101
20 6  101
20 7  101
20 8  101
20 9  116
20 10  116
20 11  116
20 12  116
20 13  116
20 14  116
20 15  116
20 16  116
20 17  116
20 18  116
20 19  116
20 20  116
20 21  116
20 22  116
20 23  116
20 24  116
20 25  116
20 26  116
20 27  116
20 28  116
20 29  116
20 30  116
20 31  116
20 32  116
20 33  116
20 34  116
20 35  116
20 36  116
20 37  116
20 38  116
20 39  116
20 40  116
20 41  116
20 42  116
20 43  116
20 44  116
20 45  116
20 46  116
20 47  116
20 48  116
20 49  116
20 50  116
20 51  116
20 52  116
20 53  116
20 54  116
20 55  116
20 56  116
20 57  116
20 58  116
20 59  116
20 60  116
20 61  116
20 62  116
20 63  116
21 0  32
21 1  32
21 2  32
21 3  32
21 4  32
21 5  32
21 6  32
21 7  32
21 8  32
21 9  101
21 10  101
21 11  101
21 12  101
21 13  101
21 14  101
21 15  101
21 16  101
21 17  101
21 18  101
21 19  101
21 20  101
21 21  101
21 22  101
21 23  101
21 24  101
21 25  101
21 26  101
21 27  101
21 28  101
21 29  101
21 30  101
21 31  101
21 32  101
21 33  101
21 34  101
21 35  101
21 36  101
21 37  101
21 38  101
21 39  101
21 40  101
21 41  101
21 42  101
21 43  101
21 44  101
21 45  101
21 46  101
21 47  101
21 48  101
21 49  101
21 50  101
21 51  101
21 52  101
21 53  101
21 54  101
21 55  101
21 56  101
21 57  101
21 58  101
21 59  101
21 60  101
21 61  101
21 62  101
21 63  101
22 0  67
22 1  67
22 2  67
22 3  67
22 4  67
22 5  67
22 6  67
22 7  67
22 8  67
22 9  32
22 10  32
22 11  32
22 12  32
22 13  32
22 14  32
22 15  32
22 16  32
22 17  32
22 18  32
22 19  32
22 20  32
22 21  32
22 22  32
22 23  32
22 24  32
22 25  32
22 26  32
22 27  32
22 28  32
22 29  32
22 30  32
22 31  32
22 32  32
22 33  32
22 34  32
22 35  32
22 36  32
22 37  32
22 38  32
22 39  32
22 40  32
22 41  32
22 42  32
22 43  32
22 44  32
22 45  32
22 46  32
22 47  32
22 48  32
22 49  32
22 50  32
22 51  32
22 52  32
22 53  32
22 54  32
22 55  32
22 56  32
22 57  32
22 58  32
22 59  32
22 60  32
22 61  32
22 62  32
22 63  32
23 0  111
23 1  111
23 2  111
23 3  111
23 4  111
23 5  111
23 6  111
23 7  111
23 8  111
23 9  67
23 10  67
23 11  67
23 12  67
23 13  67
23 14  67
23 15  67
23 16  67
23 17  67
23 18  67
23 19  67
23 20  67
23 21  67
23 22  67
23 23  67
23 24  67
23 25  67
23 26  67
23 27  67
23 28  67
23 29  67
23 30  67
23 31  67
23 32  67
23 33  67
23 34  67
23 35  67
23 36  67
23 37  67
23 38  67
23 39  67
23 40  67
23 41  67
23 42  67
23 43  67
23 44  67
23 45  67
23 46  67
23 47  67
23 48  67
23 49  67
23 50  67
23 51  67
23 52  67
23 53  67
23 54  67
23 55  67
23 56  67
23 57  67
23 58  67
23 59  67
23 60  67
23 61  67
23 62  67
23 63  67
24 0  109
24 1  109
24 2  109
24 3  109
24 4  109
24 5  109
24 6  109
24 7  109
24 8  109
24 9  111
24 10  111
24 11  111
24 12  111
24 13  111
24 14  111
24 15  111
24 16  111
24 17  111
24 18  111
24 19  111
24 20  111
24 21  111
24 22  111
24 23  111
24 24  111
24 25  111
24 26  111
24 27  111
24 28  111
24 29  111
24 30  111
24 31  111
24 32  111
24 33  111
24 34  111
24 35  111
24 36  111
24 37  111
24 38  111
24 39  111
24 40  111
24 41  111
24 42  111
24 43  111
24 44  111
24 45  111
24 46  111
24 47  111
24 48  111
24 49  111
24 50  111
24 51  111
24 52  111
24 53  111
24 54  111
24 55  111
24 56  111
24 57  111
24 58  111
24 59  111
24 60  111
24 61  111
24 62  111
24 63  111
25 0  112
25 1  112
25 2  112
25 3  112
25 4  112
25 5  112
25 6  112
25 7  112
25 8  112
25 9  109
25 10  109
25 11  109
25 12  109
25 13  109
25 14  109
25 15  109
25 16  109
25 17  109
25 18  109
25 19  109
25 20  109
25 21  109
25 22  109
25 23  109
25 24  109
25 25  109
25 26  109
25 27  109
25 28  109
25 29  109
25 30  109
25 31  109
25 32  109
25 33  109
25 34  109
25 35  109
25 36  109
25 37  109
25 38  109
25 39  109
25 40  109
25 41  109
25 42  109
25 43  109
25 44  109
25 45  109
25 46  109
25 47  109
25 48  109
25 49  109
25 50  109
25 51  109
25 52  109
25 53  109
25 54  109
25 55  109
25 56  109
25 57  109
25 58  109
25 59  109
25 60  109
25 61  109
25 62  109
25 63  109
26 0  111
26 1  111
26 2  111
26 3  111
26 4  111
26 5  111
26 6  111
26 7  111
26 8  111
26 9  112
26 10  112
26 11  112
26 12  112
26 13  112
26 14  112
26 15  112
26 16  112
26 17  112
26 18  112
26 19  112
26 20  112
26 21  112
26 22  112
26 23  112
26 24  112
26 25  112
26 26  112
26 27  112
26 28  112
26 29  112
26 30  112
26 31  112
26 32  112
26 33  112
26 34  112
26 35  112
26 36  112
26 37  112
26 38  112
26 39  112
26 40  112
26 41  112
26 42  112
26 43  112
26 44  112
26 45  112
26 46  112
26 47  112
26 48  112
26 49  112
26 50  112
26 51  112
26 52  112
26 53  112
26 54  112
26 55  112
26 56  112
26 57  112
26 58  112
26 59  112
26 60  112
26 61  112
26 62  112
26 63  112
27 0  110
27 1  110
27 2  110
27 3  110
27 4  110
27 5  110
27 6  110
27 7  110
27 8  110
27 9  111
27 10  111
27 11  111
27 12  111
27 13  111
27 14  111
27 15  111
27 16  111
27 17  111
27 18  111
27 19  111
27 20  111
27 21  111
27 22  111
27 23  111
27 24  111
27 25  111
27 26  111
27 27  111
27 28  111
27 29  111
27 30  111
27 31  111
27 32  111
27 33  111
27 34  111
27 35  111
27 36  111
27 37  111
27 38  111
27 39  111
27 40  111
27 41  111
27 42  111
27 43  111
27 44  111
27 45  111
27 46  111
27 47  111
27 48  111
27 49  111
27 50  111
27 51  111
27 52  111
27 53  111
27 54  111
27 55  111
27 56  111
27 57  111
27 58  111
27 59  111
27 60  111
27 61  111
27 62  111
27 63  111
28 0  101
28 1  101
28 2  101
28 3  101
28 4  101
28 5  101
28 6  101
28 7  101
28 8  101
28 9  110
28 10  110
28 11  110
28 12  110
28 13  110
28 14  110
28 15  110
28 16  110
28 17  110
28 18  110
28 19  110
28 20  110
28 21  110
28 22  110
28 23  110
28 24  110
28 25  110
28 26  110
28 27  110
28 28  110
28 29  110
28 30  110
28 31  110
28 32  110
28 33  110
28 34  110
28 35  110
28 36  110
28 37  110
28 38  110
28 39  110
28 40  110
28 41  110
28 42  110
28 43  110
28 44  110
28 45  110
28 46  110
28 47  110
28 48  110
28 49  110
28 50  110
28 51  110
28 52  110
28 53  110
28 54  110
28 55  110
28 56  110
28 57  110
28 58  110
28 59  110
28 60  110
28 61  110
28 62  110
28 63  110
29 0  110
29 1  110
29 2  110
29 3  110
29 4  110
29 5  110
29 6  110
29 7  110
29 8  110
29 9  101
29 10  101
29 11  101
29 12  101
29 13  101
29 14  101
29 15  101
29 16  101
29 17  101
29 18  101
29 19  101
29 20  101
29 21  101
29 22  101
29 23  101
29 24  101
29 25  101
29 26  101
29 27  101
29 28  101
29 29  101
29 30  101
29 31  101
29 32  101
29 33  101
29 34  101
29 35  101
29 36  101
29 37  101
29 38  101
29 39  101
29 40  101
29 41  101
29 42  101
29 43  101
29 44  101
29 45  101
29 46  101
29 47  101
29 48  101
29 49  101
29 50  101
29 51  101
29 52  101
29 53  101
29 54  101
29 55  101
29 56  101
29 57  101
29 58  101
29 59  101
29 60  101
29 61  101
29 62  101
29 63  101
30 0  116
30 1  116
30 2  116
30 3  116
30 4  116
30 5  116
30 6  116
30 7  116
30 8  116
30 9  110
30 10  110
30 11  110
30 12  110
30 13  110
30 14  110
30 15  110
30 16  110
30 17  110
30 18  110
30 19  110
30 20  110
30 21  110
30 22  110
30 23  110
30 24  110
30 25  110
30 26  110
30 27  110
30 28  110
30 29  110
30 30  110
30 31  110
30 32  110
30 33  110
30 34  110
30 35  110
30 36  110
30 37  110
30 38  110
30 39  110
30 40  110
30 41  110
30 42  110
30 43  110
30 44  110
30 45  110
30 46  110
30 47  110
30 48  110
30 49  110
30 50  110
30 51  110
30 52  110
30 53  110
30 54  110
30 55  110
30 56  110
30 57  110
30 58  110
30 59  110
30 60  110
30 61  110
30 62  110
30 63  110
31 0  32
31 1  32
31 2  32
31 3  32
31 4  32
31 5  32
31 6  32
31 7  32
31 8  32
31 9  116
31 10  116
31 11  116
31 12  116
31 13  116
31 14  116
31 15  116
31 16  116
31 17  116
31 18  116
31 19  116
31 20  116
31 21  116
31 22  116
31 23  116
31 24  116
31 25  116
31 26  116
31 27  116
31 28  116
31 29  116
31 30  116
31 31  116
31 32  116
31 33  116
31 34  116
31 35  116
31 36  116
31 37  116
31 38  116
31 39  116
31 40  116
31 41  116
31 42  116
31 43  116
31 44  116
31 45  116
31 46  116
31 47  116
31 48  116
31 49  116
31 50  116
31 51  116
31 52  116
31 53  116
31 54  116
31 55  116
31 56  116
31 57  116
31 58  116
31 59  116
31 60  116
31 61  116
31 62  116
31 63  116
32 0  49
32 1  49
32 2  49
32 3  49
32 4  49
32 5  49
32 6  49
32 7  49
32 8  49
32 9  32
32 10  32
32 11  32
32 12  32
32 13  32
32 14  32
32 15  32
32 16  32
32 17  32
32 18  32
32 19  32
32 20  32
32 21  32
32 22  32
32 23  32
32 24  32
32 25  32
32 26  32
32 27  32
32 28  32
32 29  32
32 30  32
32 31  32
32 32  32
32 33  32
32 34  32
32 35  32
32 36  32
32 37  32
32 38  32
32 39  32
32 40  32
32 41  32
32 42  32
32 43  32
32 44  32
32 45  32
32 46  32
32 47  32
32 48  32
32 49  32
32 50  32
32 51  32
32 52  32
32 53  32
32 54  32
32 55  32
32 56  32
32 57  32
32 58  32
32 59  32
32 60  32
32 61  32
32 62  32
32 63  32
33 0  32
33 1  32
33 2  32
33 3  32
33 4  32
33 5  32
33 6  32
33 7  32
33 8  32
33 9  49
33 10  49
33 11  49
33 12  49
33 13  49
33 14  49
33 15  49
33 16  49
33 17  49
33 18  49
33 19  49
33 20  49
33 21  49
33 22  49
33 23  49
33 24  49
33 25  49
33 26  49
33 27  49
33 28  49
33 29  49
33 30  49
33 31  49
33 32  49
33 33  49
33 34  49
33 35  49
33 36  49
33 37  49
33 38  49
33 39  49
33 40  49
33 41  49
33 42  49
33 43  49
33 44  49
33 45  49
33 46  49
33 47  49
33 48  49
33 49  49
33 50  49
33 51  50
33 52  50
33 53  50
33 54  50
33 55  50
33 56  50
33 57  50
33 58  50
33 59  50
33 60  50
33 61  50
33 62  50
33 63  50
34 0  67
34 1  67
34 2  67
34 3  67
34 4  67
34 5  67
34 6  67
34 7  67
34 8  67
34 9  32
34 10  32
34 11  32
34 12  32
34 13  32
34 14  32
34 15  32
34 16  32
34 17  32
34 18  32
34 19  32
34 20  32
34 21  32
34 22  32
34 23  32
34 24  32
34 25  32
34 26  32
34 27  32
34 28  32
34 29  32
34 30  32
34 31  32
34 32  32
34 33  32
34 34  32
34 35  32
34 36  32
34 37  32
34 38  32
34 39  32
34 40  32
34 41  32
34 42  32
34 43  32
34 44  32
34 45  32
34 46  32
34 47  32
34 48  32
34 49  32
34 50  32
34 51  32
34 52  32
34 53  32
34 54  32
34 55  32
34 56  32
34 57  32
34 58  32
34 59  32
34 60  32
34 61  32
34 62  32
34 63  32
35 0  111
35 1  111
35 2  111
35 3  111
35 4  111
35 5  111
35 6  111
35 7  111
35 8  111
35 9  67
35 10  67
35 11  67
35 12  67
35 13  67
35 14  67
35 15  67
35 16  67
35 17  67
35 18  67
35 19  67
35 20  67
35 21  67
35 22  67
35 23  67
35 24  67
35 25  67
35 26  67
35 27  67
35 28  67
35 29  67
35 30  67
35 31  67
35 32  67
35 33  67
35 34  67
35 35  67
35 36  67
35 37  67
35 38  67
35 39  67
35 40  67
35 41  67
35 42  67
35 43  67
35 44  67
35 45  67
35 46  67
35 47  67
35 48  67
35 49  67
35 50  78
35 51  67
35 52  67
35 53  67
35 54  67
35 55  67
35 56  67
35 57  67
35 58  67
35 59  67
35 60  67
35 61  67
35 62  67
35 63  67
36 0  108
36 1  108
36 2  108
36 3  108
36 4  108
36 5  108
36 6  108
36 7  108
36 8  108
36 9  111
36 10  111
36 11  111
36 12  111
36 13  111
36 14  111
36 15  111
36 16  111
36 17  111
36 18  111
36 19  111
36 20  111
36 21  111
36 22  111
36 23  111
36 24  111
36 25  111
36 26  111
36 27  111
36 28  111
36 29  111
36 30  111
36 31  111
36 32  111
36 33  111
36 34  111
36 35  111
36 36  111
36 37  111
36 38  111
36 39  111
36 40  111
36 41  111
36 42  111
36 43  111
36 44  111
36 45  111
36 46  111
36 47  111
36 48  111
36 49  111
36 50  111
36 51  111
36 52  111
36 53  111
36 54  111
36 55  111
36 56  111
36 57  111
36 58  111
36 59  111
36 60  111
36 61  111
36 62  111
36 63  111
37 0  108
37 1  108
37 2  108
37 3  108
37 4  108
37 5  108
37 6  108
37 7  108
37 8  108
37 9  108
37 10  108
37 11  108
37 12  108
37 13  108
37 14  108
37 15  108
37 16  108
37 17  108
37 18  108
37 19  108
37 20  108
37 21  108
37 22  108
37 23  108
37 24  108
37 25  108
37 26  108
37 27  108
37 28  108
37 29  108
37 30  108
37 31  108
37 32  108
37 33  108
37 34  108
37 35  108
37 36  108
37 37  108
37 38  108
37 39  108
37 40  108
37 41  108
37 42  108
37 43  108
37 44  108
37 45  108
37 46  108
37 47  108
37 48  108
37 49  108
37 50  110
37 51  108
37 52  108
37 53  108
37 54  108
37 55  108
37 56  108
37 57  108
37 58  108
37 59  108
37 60  108
37 61  108
37 62  108
37 63  108
38 0  111
38 1  111
38 2  111
38 3  111
38 4  111
38 5  111
38 6  111
38 7  111
38 8  111
38 9  108
38 10  108
38 11  108
38 12  108
38 13  108
38 14  108
38 15  108
38 16  108
38 17  108
38 18  108
38 19  108
38 20  108
38 21  108
38 22  108
38 23  108
38 24  108
38 25  108
38 26  108
38 27  108
38 28  108
38 29  108
38 30  108
38 31  108
38 32  108
38 33  108
38 34  108
38 35  108
38 36  108
38 37  108
38 38  108
38 39  108
38 40  108
38 41  108
38 42  108
38 43  108
38 44  108
38 45  108
38 46  108
38 47  108
38 48  108
38 49  108
38 50  99
38 51  108
38 52  108
38 53  108
38 54  108
38 55  108
38 56  108
38 57  108
38 58  108
38 59  108
38 60  108
38 61  108
38 62  108
38 63  108
39 0  99
39 1  99
39 2  99
39 3  99
39 4  99
39 5  99
39 6  99
39 7  99
39 8  99
39 9  111
39 10  111
39 11  111
39 12  111
39 13  111
39 14  111
39 15  111
39 16  111
39 17  111
39 18  111
39 19  111
39 20  111
39 21  111
39 22  111
39 23  111
39 24  111
39 25  111
39 26  111
39 27  111
39 28  111
39 29  111
39 30  111
39 31  111
39 32  111
39 33  111
39 34  111
39 35  111
39 36  111
39 37  111
39 38  111
39 39  111
39 40  111
39 41  111
39 42  111
39 43  111
39 44  111
39 45  111
39 46  111
39 47  111
39 48  111
39 49  111
39 50  111
39 51  111
39 52  111
39 53  111
39 54  111
39 55  111
39 56  111
39 57  111
39 58  111
39 59  111
39 60  111
39 61  111
39 62  111
39 63  111
40 0  97
40 1  97
40 2  97
40 3  97
40 4  97
40 5  97
40 6  97
40 7  97
40 8  97
40 9  99
40 10  99
40 11  99
40 12  99
40 13  99
40 14  99
40 15  99
40 16  99
40 17  99
40 18  99
40 19  99
40 20  99
40 21  99
40 22  99
40 23  99
40 24  99
40 25  99
40 26  99
40 27  99
40 28  99
40 29  99
40 30  99
40 31  99
40 32  99
40 33  99
40 34  99
40 35  99
40 36  99
40 37  99
40 38  99
40 39  99
40 40  99
40 41  99
40 42  99
40 43  99
40 44  99
40 45  99
40 46  99
40 47  99
40 48  99
40 49  99
40 50  108
40 51  99
40 52  99
40 53  99
40 54  99
40 55  99
40 56  99
40 57  99
40 58  99
40 59  99
40 60  99
40 61  99
40 62  99
40 63  99
41 0  116
41 1  116
41 2  116
41 3  116
41 4  116
41 5  116
41 6  116
41 7  116
41 8  116
41 9  97
41 10  97
41 11  97
41 12  97
41 13  97
41 14  97
41 15  97
41 16  97
41 17  97
41 18  97
41 19  97
41 20  97
41 21  97
41 22  97
41 23  97
41 24  97
41 25  97
41 26  97
41 27  97
41 28  97
41 29  97
41 30  97
41 31  97
41 32  97
41 33  97
41 34  97
41 35  97
41 36  97
41 37  97
41 38  97
41 39  97
41 40  97
41 41  97
41 42  97
41 43  97
41 44  97
41 45  97
41 46  97
41 47  97
41 48  97
41 49  97
41 50  108
41 51  97
41 52  97
41 53  97
41 54  97
41 55  97
41 56  97
41 57  97
41 58  97
41 59  97
41 60  97
41 61  97
41 62  97
41 63  97
42 0  105
42 1  105
42 2  105
42 3  105
42 4  105
42 5  105
42 6  105
42 7  105
42 8  105
42 9  116
42 10  116
42 11  116
42 12  116
42 13  116
42 14  116
42 15  116
42 16  116
42 17  116
42 18  116
42 19  116
42 20  116
42 21  116
42 22  116
42 23  116
42 24  116
42 25  116
42 26  116
42 27  116
42 28  116
42 29  116
42 30  116
42 31  116
42 32  116
42 33  116
42 34  116
42 35  116
42 36  116
42 37  116
42 38  116
42 39  116
42 40  116
42 41  116
42 42  116
42 43  116
42 44  116
42 45  116
42 46  116
42 47  116
42 48  116
42 49  116
42 50  111
42 51  116
42 52  116
42 53  116
42 54  116
42 55  116
42 56  116
42 57  116
42 58  116
42 59  116
42 60  116
42 61  116
42 62  116
42 63  116
43 0  111
43 1  111
43 2  111
43 3  111
43 4  111
43 5  111
43 6  111
43 7  111
43 8  111
43 9  105
43 10  105
43 11  105
43 12  105
43 13  105
43 14  105
43 15  105
43 16  105
43 17  105
43 18  105
43 19  105
43 20  105
43 21  105
43 22  105
43 23  105
43 24  105
43 25  105
43 26  105
43 27  105
43 28  105
43 29  105
43 30  105
43 31  105
43 32  105
43 33  105
43 34  105
43 35  105
43 36  105
43 37  105
43 38  105
43 39  105
43 40  105
43 41  105
43 42  105
43 43  105
43 44  105
43 45  105
43 46  105
43 47  105
43 48  105
43 49  105
43 50  99
43 51  105
43 52  105
43 53  105
43 54  105
43 55  105
43 56  105
43 57  105
43 58  105
43 59  105
43 60  105
43 61  105
43 62  105
43 63  105
44 0  110
44 1  110
44 2  110
44 3  110
44 4  110
44 5  110
44 6  110
44 7  110
44 8  110
44 9  111
44 10  111
44 11  111
44 12  111
44 13  111
44 14  111
44 15  111
44 16  111
44 17  111
44 18  111
44 19  111
44 20  111
44 21  111
44 22  111
44 23  111
44 24  111
44 25  111
44 26  111
44 27  111
44 28  111
44 29  111
44 30  111
44 31  111
44 32  111
44 33  111
44 34  111
44 35  111
44 36  111
44 37  111
44 38  111
44 39  111
44 40  111
44 41  111
44 42  111
44 43  111
44 44  111
44 45  111
44 46  111
44 47  111
44 48  111
44 49  111
44 50  97
44 51  111
44 52  111
44 53  111
44 54  111
44 55  111
44 56  111
44 57  111
44 58  111
44 59  111
44 60  111
44 61  111
44 62  111
44 63  111
45 0  32
45 1  32
45 2  32
45 3  32
45 4  32
45 5  32
45 6  32
45 7  32
45 8  32
45 9  110
45 10  110
45 11  110
45 12  110
45 13  110
45 14  110
45 15  110
45 16  110
45 17  110
45 18  110
45 19  110
45 20  110
45 21  110
45 22  110
45 23  110
45 24  110
45 25  110
45 26  110
45 27  110
45 28  110
45 29  110
45 30  110
45 31  110
45 32  110
45 33  110
45 34  110
45 35  110
45 36  110
45 37  110
45 38  110
45 39  110
45 40  110
45 41  110
45 42  110
45 43  110
45 44  110
45 45  110
45 46  110
45 47  110
45 48  110
45 49  110
45 50  116
45 51  110
45 52  110
45 53  110
45 54  110
45 55  110
45 56  110
45 57  110
45 58  110
45 59  110
45 60  110
45 61  110
45 62  110
45 63  110
46 0  80
46 1  80
46 2  80
46 3  80
46 4  80
46 5  80
46 6  80
46 7  80
46 8  80
46 9  32
46 10  32
46 11  32
46 12  32
46 13  32
46 14  32
46 15  32
46 16  32
46 17  32
46 18  32
46 19  32
46 20  32
46 21  32
46 22  32
46 23  32
46 24  32
46 25  32
46 26  32
46 27  32
46 28  32
46 29  32
46 30  32
46 31  32
46 32  32
46 33  32
46 34  32
46 35  32
46 36  32
46 37  32
46 38  32
46 39  32
46 40  32
46 41  32
46 42  32
46 43  32
46 44  32
46 45  32
46 46  32
46 47  32
46 48  32
46 49  32
46 50  101
46 51  32
46 52  32
46 53  32
46 54  32
46 55  32
46 56  32
46 57  32
46 58  32
46 59  32
46 60  32
46 61  32
46 62  32
46 63  32
47 0  111
47 1  111
47 2  111
47 3  111
47 4  111
47 5  111
47 6  111
47 7  111
47 8  111
47 9  80
47 10  80
47 11  80
47 12  80
47 13  80
47 14  80
47 15  80
47 16  80
47 17  80
47 18  80
47 19  80
47 20  80
47 21  80
47 22  80
47 23  80
47 24  80
47 25  80
47 26  80
47 27  80
47 28  80
47 29  80
47 30  80
47 31  80
47 32  80
47 33  80
47 34  80
47 35  80
47 36  80
47 37  80
47 38  80
47 39  80
47 40  80
47 41  80
47 42  80
47 43  80
47 44  80
47 45  80
47 46  80
47 47  80
47 48  80
47 49  80
47 50  100
47 51  80
47 52  80
47 53  80
47 54  80
47 55  80
47 56  80
47 57  80
47 58  80
47 59  80
47 60  80
47 61  80
47 62  80
47 63  80
48 0  105
48 1  105
48 2  105
48 3  105
48 4  105
48 5  105
48 6  105
48 7  105
48 8  105
48 9  111
48 10  111
48 11  111
48 12  111
48 13  111
48 14  111
48 15  111
48 16  111
48 17  111
48 18  111
48 19  111
48 20  111
48 21  111
48 22  111
48 23  111
48 24  111
48 25  111
48 26  111
48 27  111
48 28  111
48 29  111
48 30  111
48 31  111
48 32  111
48 33  111
48 34  111
48 35  111
48 36  111
48 37  111
48 38  111
48 39  111
48 40  111
48 41  111
48 42  111
48 43  111
48 44  111
48 45  111
48 46  111
48 47  111
48 48  111
48 49  111
48 50  32
48 51  111
48 52  111
48 53  111
48 54  111
48 55  111
48 56  111
48 57  111
48 58  111
48 59  111
48 60  111
48 61  111
48 62  111
48 63  111
49 0  110
49 1  110
49 2  110
49 3  110
49 4  110
49 5  110
49 6  110
49 7  110
49 8  110
49 9  105
49 10  105
49 11  105
49 12  105
49 13  105
49 14  105
49 15  105
49 16  105
49 17  105
49 18  105
49 19  105
49 20  105
49 21  105
49 22  105
49 23  105
49 24  105
49 25  105
49 26  105
49 27  105
49 28  105
49 29  105
49 30  105
49 31  105
49 32  105
49 33  105
49 34  105
49 35  105
49 36  105
49 37  105
49 38  105
49 39  105
49 40  105
49 41  105
49 42  105
49 43  105
49 44  105
49 45  105
49 46  105
49 47  105
49 48  105
49 49  105
49 50  112
49 51  105
49 52  105
49 53  105
49 54  105
49 55  105
49 56  105
49 57  105
49 58  105
49 59  105
49 60  105
49 61  105
49 62  105
49 63  105
50 0  116
50 1  116
50 2  116
50 3  116
50 4  116
50 5  116
50 6  116
50 7  116
50 8  116
50 9  110
50 10  110
50 11  110
50 12  110
50 13  110
50 14  110
50 15  110
50 16  110
50 17  110
50 18  110
50 19  110
50 20  110
50 21  110
50 22  110
50 23  110
50 24  110
50 25  110
50 26  110
50 27  110
50 28  110
50 29  110
50 30  110
50 31  110
50 32  110
50 33  110
50 34  110
50 35  110
50 36  110
50 37  110
50 38  110
50 39  110
50 40  110
50 41  110
50 42  110
50 43  110
50 44  110
50 45  110
50 46  110
50 47  110
50 48  110
50 49  110
50 50  111
50 51  110
50 52  110
50 53  110
50 54  110
50 55  110
50 56  110
50 57  110
50 58  110
50 59  110
50 60  110
50 61  110
50 62  110
50 63  110
51 0  32
51 1  32
51 2  32
51 3  32
51 4  32
51 5  32
51 6  32
51 7  32
51 8  32
51 9  116
51 10  116
51 11  116
51 12  116
51 13  116
51 14  116
51 15  116
51 16  116
51 17  116
51 18  116
51 19  116
51 20  116
51 21  116
51 22  116
51 23  116
51 24  116
51 25  116
51 26  116
51 27  116
51 28  116
51 29  116
51 30  116
51 31  116
51 32  116
51 33  116
51 34  116
51 35  116
51 36  116
51 37  116
51 38  116
51 39  116
51 40  116
51 41  116
51 42  116
51 43  116
51 44  116
51 45  116
51 46  116
51 47  116
51 48  116
51 49  116
51 50  105
51 51  116
51 52  116
51 53  116
51 54  116
51 55  116
51 56  116
51 57  116
51 58  116
51 59  116
51 60  116
51 61  116
51 62  116
51 63  116
52 0  50
52 1  51
52 2  49
52 3  50
52 4  51
52 5  49
52 6  50
52 7  51
52 8  52
52 9  32
52 10  32
52 11  32
52 12  32
52 13  32
52 14  32
52 15  32
52 16  32
52 17  32
52 18  32
52 19  32
52 20  32
52 21  32
52 22  32
52 23  32
52 24  32
52 25  32
52 26  32
52 27  32
52 28  32
52 29  32
52 30  32
52 31  32
52 32  32
52 33  32
52 34  32
52 35  32
52 36  32
52 37  32
52 38  32
52 39  32
52 40  32
52 41  32
52 42  32
52 43  32
52 44  32
52 45  32
52 46  32
52 47  32
52 48  32
52 49  32
52 50  110
52 51  32
52 52  32
52 53  32
52 54  32
52 55  32
52 56  32
52 57  32
52 58  32
52 59  32
52 60  32
52 61  32
52 62  32
52 63  32
53 0  32
53 1  32
53 2  32
53 3  32
53 4  32
53 5  32
53 6  32
53 7  32
53 8  32
53 9  49
53 10  50
53 11  51
53 12  49
53 13  50
53 14  51
53 15  49
53 16  50
53 17  51
53 18  49
53 19  50
53 20  51
53 21  49
53 22  50
53 23  51
53 24  49
53 25  50
53 26  51
53 27  52
53 28  53
53 29  49
53 30  50
53 31  51
53 32  49
53 33  50
53 34  51
53 35  49
53 36  50
53 37  51
53 38  49
53 39  50
53 40  51
53 41  49
53 42  50
53 43  51
53 44  49
53 45  50
53 46  51
53 47  49
53 48  50
53 49  51
53 50  116
53 51  50
53 52  51
53 53  49
53 54  50
53 55  51
53 56  49
53 57  50
53 58  51
53 59  52
53 60  49
53 61  50
53 62  51
53 63  49
54 0  73
54 1  73
54 2  73
54 3  73
54 4  73
54 5  73
54 6  73
54 7  73
54 8  73
54 9  32
54 10  32
54 11  32
54 12  32
54 13  32
54 14  32
54 15  32
54 16  32
54 17  32
54 18  32
54 19  32
54 20  32
54 21  32
54 22  32
54 23  32
54 24  32
54 25  32
54 26  32
54 27  32
54 28  32
54 29  32
54 30  32
54 31  32
54 32  32
54 33  32
54 34  32
54 35  32
54 36  32
54 37  32
54 38  32
54 39  32
54 40  32
54 41  32
54 42  32
54 43  32
54 44  32
54 45  32
54 46  32
54 47  32
54 48  32
54 49  32
54 50  32
54 51  32
54 52  32
54 53  32
54 54  32
54 55  32
54 56  32
54 57  32
54 58  32
54 59  32
54 60  32
54 61  32
54 62  32
54 63  32
55 0  110
55 1  110
55 2  110
55 3  110
55 4  110
55 5  110
55 6  110
55 7  110
55 8  110
55 9  73
55 10  73
55 11  73
55 12  73
55 13  73
55 14  73
55 15  73
55 16  73
55 17  73
55 18  73
55 19  73
55 20  73
55 21  73
55 22  73
55 23  73
55 24  73
55 25  73
55 26  73
55 27  73
55 28  73
55 29  73
55 30  73
55 31  73
55 32  73
55 33  73
55 34  73
55 35  73
55 36  73
55 37  73
55 38  73
55 39  73
55 40  73
55 41  73
55 42  73
55 43  73
55 44  73
55 45  73
55 46  73
55 47  73
55 48  73
55 49  73
55 50  111
55 51  73
55 52  73
55 53  73
55 54  73
55 55  73
55 56  73
55 57  73
55 58  73
55 59  73
55 60  73
55 61  73
55 62  73
55 63  73
56 0  116
56 1  116
56 2  116
56 3  116
56 4  116
56 5  116
56 6  116
56 7  116
56 8  116
56 9  110
56 10  110
56 11  110
56 12  110
56 13  110
56 14  110
56 15  110
56 16  110
56 17  110
56 18  110
56 19  110
56 20  110
56 21  110
56 22  110
56 23  110
56 24  110
56 25  110
56 26  110
56 27  110
56 28  110
56 29  110
56 30  110
56 31  110
56 32  110
56 33  110
56 34  110
56 35  110
56 36  110
56 37  110
56 38  110
56 39  110
56 40  110
56 41  110
56 42  110
56 43  110
56 44  110
56 45  110
56 46  110
56 47  110
56 48  110
56 49  110
56 50  102
56 51  110
56 52  110
56 53  110
56 54  110
56 55  110
56 56  110
56 57  110
56 58  110
56 59  110
56 60  110
56 61  110
56 62  110
56 63  110
57 0  101
57 1  101
57 2  101
57 3  101
57 4  101
57 5  101
57 6  101
57 7  101
57 8  101
57 9  116
57 10  116
57 11  116
57 12  116
57 13  116
57 14  116
57 15  116
57 16  116
57 17  116
57 18  116
57 19  116
57 20  116
57 21  116
57 22  116
57 23  116
57 24  116
57 25  116
57 26  116
57 27  116
57 28  116
57 29  116
57 30  116
57 31  116
57 32  116
57 33  116
57 34  116
57 35  116
57 36  116
57 37  116
57 38  116
57 39  116
57 40  116
57 41  116
57 42  116
57 43  116
57 44  116
57 45  116
57 46  116
57 47  116
57 48  116
57 49  116
57 50  32
57 51  116
57 52  116
57 53  116
57 54  116
57 55  116
57 56  116
57 57  116
57 58  116
57 59  116
57 60  116
57 61  116
57 62  116
57 63  116
58 0  114
58 1  114
58 2  114
58 3  114
58 4  114
58 5  114
58 6  114
58 7  114
58 8  114
58 9  101
58 10  101
58 11  101
58 12  101
58 13  101
58 14  101
58 15  101
58 16  101
58 17  101
58 18  101
58 19  101
58 20  101
58 21  101
58 22  101
58 23  101
58 24  101
58 25  101
58 26  101
58 27  101
58 28  101
58 29  101
58 30  101
58 31  101
58 32  101
58 33  101
58 34  101
58 35  101
58 36  101
58 37  101
58 38  101
58 39  101
58 40  101
58 41  101
58 42  101
58 43  101
58 44  101
58 45  101
58 46  101
58 47  101
58 48  101
58 49  101
58 50  105
58 51  101
58 52  101
58 53  101
58 54  101
58 55  101
58 56  101
58 57  101
58 58  101
58 59  101
58 60  101
58 61  101
58 62  101
58 63  101
59 0  118
59 1  118
59 2  118
59 3  118
59 4  118
59 5  118
59 6  118
59 7  118
59 8  118
59 9  114
59 10  114
59 11  114
59 12  114
59 13  114
59 14  114
59 15  114
59 16  114
59 17  114
59 18  114
59 19  114
59 20  114
59 21  114
59 22  114
59 23  114
59 24  114
59 25  114
59 26  114
59 27  114
59 28  114
59 29  114
59 30  114
59 31  114
59 32  114
59 33  114
59 34  114
59 35  114
59 36  114
59 37  114
59 38  114
59 39  114
59 40  114
59 41  114
59 42  114
59 43  114
59 44  114
59 45  114
59 46  114
59 47  114
59 48  114
59 49  114
59 50  110
59 51  114
59 52  114
59 53  114
59 54  114
59 55  114
59 56  114
59 57  114
59 58  114
59 59  114
59 60  114
59 61  114
59 62  114
59 63  114
60 0  97
60 1  97
60 2  97
60 3  97
60 4  97
60 5  97
60 6  97
60 7  97
60 8  97
60 9  118
60 10  118
60 11  118
60 12  118
60 13  118
60 14  118
60 15  118
60 16  118
60 17  118
60 18  118
60 19  118
60 20  118
60 21  118
60 22  118
60 23  118
60 24  118
60 25  118
60 26  118
60 27  118
60 28  118
60 29  118
60 30  118
60 31  118
60 32  118
60 33  118
60 34  118
60 35  118
60 36  118
60 37  118
60 38  118
60 39  118
60 40  118
60 41  118
60 42  118
60 43  118
60 44  118
60 45  118
60 46  118
60 47  118
60 48  118
60 49  118
60 50  116
60 51  118
60 52  118
60 53  118
60 54  118
60 55  118
60 56  118
60 57  118
60 58  118
60 59  118
60 60  118
60 61  118
60 62  118
60 63  118
61 0  108
61 1  108
61 2  108
61 3  108
61 4  108
61 5  108
61 6  108
61 7  108
61 8  108
61 9  97
61 10  97
61 11  97
61 12  97
61 13  97
61 14  97
61 15  97
61 16  97
61 17  97
61 18  97
61 19  97
61 20  97
61 21  97
61 22  97
61 23  97
61 24  97
61 25  97
61 26  97
61 27  97
61 28  97
61 29  97
61 30  97
61 31  97
61 32  97
61 33  97
61 34  97
61 35  97
61 36  97
61 37  97
61 38  97
61 39  97
61 40  97
61 41  97
61 42  97
61 43  97
61 44  97
61 45  97
61 46  97
61 47  97
61 48  97
61 49  97
61 50  101
61 51  97
61 52  97
61 53  97
61 54  97
61 55  97
61 56  97
61 57  97
61 58  97
61 59  97
61 60  97
61 61  97
61 62  97
61 63  97
62 0  32
62 1  32
62 2  32
62 3  32
62 4  32
62 5  32
62 6  32
62 7  32
62 8  32
62 9  108
62 10  108
62 11  108
62 12  108
62 13  108
62 14  108
62 15  108
62 16  108
62 17  108
62 18  108
62 19  108
62 20  108
62 21  108
62 22  108
62 23  108
62 24  108
62 25  108
62 26  108
62 27  108
62 28  108
62 29  108
62 30  108
62 31  108
62 32  108
62 33  108
62 34  108
62 35  108
62 36  108
62 37  108
62 38  108
62 39  108
62 40  108
62 41  108
62 42  108
62 43  108
62 44  108
62 45  108
62 46  108
62 47  108
62 48  108
62 49  108
62 50  114
62 51  108
62 52  108
62 53  108
62 54  108
62 55  108
62 56  108
62 57  108
62 58  108
62 59  108
62 60  108
62 61  108
62 62  108
62 63  108
63 0  49
63 1  49
63 2  50
63 3  50
63 4  50
63 5  51
63 6  51
63 7  51
63 8  51
63 9  32
63 10  32
63 11  32
63 12  32
63 13  32
63 14  32
63 15  32
63 16  32
63 17  32
63 18  32
63 19  32
63 20  32
63 21  32
63 22  32
63 23  32
63 24  32
63 25  32
63 26  32
63 27  32
63 28  32
63 29  32
63 30  32
63 31  32
63 32  32
63 33  32
63 34  32
63 35  32
63 36  32
63 37  32
63 38  32
63 39  32
63 40  32
63 41  32
63 42  32
63 43  32
63 44  32
63 45  32
63 46  32
63 47  32
63 48  32
63 49  32
63 50  118
63 51  32
63 52  32
63 53  32
63 54  32
63 55  32
63 56  32
63 57  32
63 58  32
63 59  32
63 60  32
63 61  32
63 62  32
63 63  32
