size: 2368
Tuples
0 0  32
0 1  32
0 2  32
0 3  32
0 4  32
0 5  32
0 6  32
0 7  32
0 8  32
0 9  32
0 10  32
0 11  118
0 12  32
0 13  32
0 14  32
0 15  32
0 16  32
0 17  32
0 18  32
0 19  32
0 20  32
0 21  32
0 22  32
0 23  32
0 24  32
0 25  32
0 26  32
0 27  32
0 28  32
0 29  32
0 30  32
0 31  32
0 32  32
0 33  32
0 34  32
0 35  32
0 36  32
0 37  32
0 38  32
0 39  32
0 40  32
0 41  32
0 42  32
0 43  32
0 44  32
0 45  32
0 46  32
0 47  32
0 48  32
0 49  32
0 50  32
0 51  32
0 52  32
0 53  32
0 54  32
0 55  32
0 56  32
0 57  32
0 58  32
0 59  32
0 60  32
0 61  32
0 62  118
0 63  32
1 0  49
1 1  49
1 2  49
1 3  49
1 4  49
1 5  49
1 6  49
1 7  49
1 8  49
1 9  49
1 10  49
1 11  97
1 12  49
1 13  49
1 14  50
1 15  50
1 16  50
1 17  51
1 18  51
1 19  51
1 20  51
1 21  52
1 22  52
1 23  52
1 24  53
1 25  53
1 26  53
1 27  54
1 28  54
1 29  54
1 30  55
1 31  55
1 32  55
1 33  56
1 34  56
1 35  56
1 36  57
1 37  57
1 38  57
1 39  57
1 40  57
1 41  49
1 42  49
1 43  49
1 44  49
1 45  49
1 46  49
1 47  49
1 48  49
1 49  49
1 50  49
1 51  49
1 52  49
1 53  49
1 54  49
1 55  49
1 56  49
1 57  49
1 58  49
1 59  49
1 60  49
1 61  49
1 62  97
1 63  49
2 0  51
2 1  51
2 2  52
2 3  52
2 4  52
2 5  53
2 6  53
2 7  53
2 8  54
2 9  54
2 10  54
2 11  108
2 12  32
2 13  32
2 14  32
2 15  32
2 16  32
2 17  32
2 18  32
2 19  32
2 20  32
2 21  32
2 22  32
2 23  32
2 24  32
2 25  32
2 26  32
2 27  32
2 28  32
2 29  32
2 30  32
2 31  32
2 32  32
2 33  32
2 34  32
2 35  32
2 36  32
2 37  32
2 38  32
2 39  32
2 40  32
2 41  48
2 42  48
2 43  48
2 44  49
2 45  49
2 46  49
2 47  50
2 48  50
2 49  50
2 50  51
2 51  51
2 52  51
2 53  52
2 54  52
2 55  52
2 56  53
2 57  53
2 58  53
2 59  54
2 60  54
2 61  54
2 62  108
2 63  32
3 0  32
3 1  32
3 2  32
3 3  32
3 4  32
3 5  32
3 6  32
3 7  32
3 8  32
3 9  32
3 10  32
3 11  32
3 12  32
3 13  32
3 14  32
3 15  32
3 16  32
3 17  32
3 18  32
3 19  32
3 20  32
3 21  32
3 22  32
3 23  32
3 24  32
3 25  32
3 26  32
3 27  32
3 28  32
3 29  32
3 30  32
3 31  32
3 32  32
3 33  32
3 34  32
3 35  32
3 36  32
3 37  32
3 38  32
3 39  32
3 40  32
3 41  32
3 42  32
3 43  32
3 44  32
3 45  32
3 46  32
3 47  32
3 48  32
3 49  32
3 50  32
3 51  32
3 52  32
3 53  32
3 54  32
3 55  32
3 56  32
3 57  32
3 58  32
3 59  32
3 60  32
3 61  32
3 62  32
3 63  32
4 0  32
4 1  32
4 2  32
4 3  32
4 4  32
4 5  32
4 6  32
4 7  32
4 8  32
4 9  32
4 10  32
4 11  49
4 12  32
4 13  32
4 14  32
4 15  32
4 16  32
4 17  32
4 18  32
4 19  32
4 20  32
4 21  32
4 22  32
4 23  32
4 24  32
4 25  32
4 26  32
4 27  32
4 28  32
4 29  32
4 30  32
4 31  32
4 32  32
4 33  32
4 34  32
4 35  32
4 36  32
4 37  32
4 38  32
4 39  32
4 40  32
4 41  32
4 42  32
4 43  32
4 44  32
4 45  32
4 46  32
4 47  32
4 48  32
4 49  32
4 50  32
4 51  32
4 52  32
4 53  32
4 54  32
4 55  32
4 56  32
4 57  32
4 58  32
4 59  32
4 60  32
4 61  32
4 62  49
4 63  32
5 0  32
5 1  32
5 2  32
5 3  32
5 4  32
5 5  32
5 6  32
5 7  32
5 8  32
5 9  32
5 10  32
5 11  54
5 12  32
5 13  32
5 14  32
5 15  32
5 16  32
5 17  32
5 18  32
5 19  32
5 20  32
5 21  32
5 22  32
5 23  32
5 24  32
5 25  32
5 26  32
5 27  32
5 28  32
5 29  32
5 30  32
5 31  32
5 32  32
5 33  32
5 34  32
5 35  32
5 36  32
5 37  32
5 38  32
5 39  32
5 40  32
5 41  32
5 42  32
5 43  32
5 44  32
5 45  32
5 46  32
5 47  32
5 48  32
5 49  32
5 50  32
5 51  32
5 52  32
5 53  32
5 54  32
5 55  32
5 56  32
5 57  32
5 58  32
5 59  32
5 60  32
5 61  32
5 62  54
5 63  32
6 0  32
6 1  32
6 2  32
6 3  32
6 4  32
6 5  32
6 6  32
6 7  32
6 8  32
6 9  32
6 10  32
6 11  32
6 12  32
6 13  32
6 14  32
6 15  32
6 16  32
6 17  32
6 18  32
6 19  32
6 20  32
6 21  32
6 22  32
6 23  32
6 24  32
6 25  32
6 26  32
6 27  32
6 28  32
6 29  32
6 30  32
6 31  32
6 32  32
6 33  32
6 34  32
6 35  32
6 36  32
6 37  32
6 38  32
6 39  32
6 40  32
6 41  32
6 42  32
6 43  32
6 44  32
6 45  32
6 46  32
6 47  32
6 48  32
6 49  32
6 50  32
6 51  32
6 52  32
6 53  32
6 54  32
6 55  32
6 56  32
6 57  32
6 58  32
6 59  32
6 60  32
6 61  32
6 62  32
6 63  32
7 0  32
7 1  32
7 2  32
7 3  32
7 4  32
7 5  32
7 6  32
7 7  32
7 8  32
7 9  32
7 10  32
7 11  32
7 12  32
7 13  32
7 14  32
7 15  32
7 16  32
7 17  32
7 18  32
7 19  32
7 20  32
7 21  32
7 22  32
7 23  32
7 24  32
7 25  32
7 26  32
7 27  32
7 28  32
7 29  32
7 30  32
7 31  32
7 32  32
7 33  32
7 34  32
7 35  32
7 36  32
7 37  32
7 38  32
7 39  32
7 40  32
7 41  32
7 42  32
7 43  32
7 44  32
7 45  32
7 46  32
7 47  32
7 48  32
7 49  32
7 50  32
7 51  32
7 52  32
7 53  32
7 54  32
7 55  32
7 56  32
7 57  32
7 58  32
7 59  32
7 60  32
7 61  32
7 62  32
7 63  32
8 0  32
8 1  32
8 2  32
8 3  32
8 4  32
8 5  32
8 6  32
8 7  32
8 8  32
8 9  32
8 10  32
8 11  32
8 12  32
8 13  32
8 14  32
8 15  32
8 16  32
8 17  32
8 18  32
8 19  32
8 20  32
8 21  32
8 22  32
8 23  32
8 24  32
8 25  32
8 26  32
8 27  32
8 28  32
8 29  32
8 30  32
8 31  32
8 32  32
8 33  32
8 34  32
8 35  32
8 36  32
8 37  32
8 38  32
8 39  32
8 40  32
8 41  32
8 42  32
8 43  32
8 44  32
8 45  32
8 46  32
8 47  32
8 48  32
8 49  32
8 50  32
8 51  32
8 52  32
8 53  32
8 54  32
8 55  32
8 56  32
8 57  32
8 58  32
8 59  32
8 60  32
8 61  32
8 62  32
8 63  32
9 0  32
9 1  32
9 2  32
9 3  32
9 4  32
9 5  32
9 6  32
9 7  32
9 8  32
9 9  32
9 10  32
9 11  32
9 12  32
9 13  32
9 14  32
9 15  32
9 16  32
9 17  32
9 18  32
9 19  32
9 20  32
9 21  32
9 22  32
9 23  32
9 24  32
9 25  32
9 26  32
9 27  32
9 28  32
9 29  32
9 30  32
9 31  32
9 32  32
9 33  32
9 34  32
9 35  32
9 36  32
9 37  32
9 38  32
9 39  32
9 40  32
9 41  32
9 42  32
9 43  32
9 44  32
9 45  32
9 46  32
9 47  32
9 48  32
9 49  32
9 50  32
9 51  32
9 52  32
9 53  32
9 54  32
9 55  32
9 56  32
9 57  32
9 58  32
9 59  32
9 60  32
9 61  32
9 62  32
9 63  32
10 0  32
10 1  32
10 2  32
10 3  32
10 4  32
10 5  32
10 6  32
10 7  32
10 8  32
10 9  32
10 10  32
10 11  32
10 12  32
10 13  32
10 14  32
10 15  32
10 16  32
10 17  32
10 18  32
10 19  32
10 20  32
10 21  32
10 22  32
10 23  32
10 24  32
10 25  32
10 26  32
10 27  32
10 28  32
10 29  32
10 30  32
10 31  32
10 32  32
10 33  32
10 34  32
10 35  32
10 36  32
10 37  32
10 38  32
10 39  32
10 40  32
10 41  32
10 42  32
10 43  32
10 44  32
10 45  32
10 46  32
10 47  32
10 48  32
10 49  32
10 50  32
10 51  32
10 52  32
10 53  32
10 54  32
10 55  32
10 56  32
10 57  32
10 58  32
10 59  32
10 60  32
10 61  32
10 62  32
10 63  32
11 0  32
11 1  32
11 2  32
11 3  32
11 4  32
11 5  32
11 6  32
11 7  32
11 8  32
11 9  32
11 10  32
11 11  32
11 12  32
11 13  32
11 14  32
11 15  32
11 16  32
11 17  32
11 18  32
11 19  32
11 20  32
11 21  32
11 22  32
11 23  32
11 24  32
11 25  32
11 26  32
11 27  32
11 28  32
11 29  32
11 30  32
11 31  32
11 32  32
11 33  32
11 34  32
11 35  32
11 36  32
11 37  32
11 38  32
11 39  32
11 40  32
11 41  32
11 42  32
11 43  32
11 44  32
11 45  32
11 46  32
11 47  32
11 48  32
11 49  32
11 50  32
11 51  32
11 52  32
11 53  32
11 54  32
11 55  32
11 56  32
11 57  32
11 58  32
11 59  32
11 60  32
11 61  32
11 62  32
11 63  32
12 0  32
12 1  32
12 2  32
12 3  32
12 4  32
12 5  32
12 6  32
12 7  32
12 8  32
12 9  32
12 10  32
12 11  32
12 12  32
12 13  32
12 14  32
12 15  32
12 16  32
12 17  32
12 18  32
12 19  32
12 20  32
12 21  32
12 22  32
12 23  32
12 24  32
12 25  32
12 26  32
12 27  32
12 28  32
12 29  32
12 30  32
12 31  32
12 32  32
12 33  32
12 34  32
12 35  32
12 36  32
12 37  32
12 38  32
12 39  32
12 40  32
12 41  32
12 42  32
12 43  32
12 44  32
12 45  32
12 46  32
12 47  32
12 48  32
12 49  32
12 50  32
12 51  32
12 52  32
12 53  32
12 54  32
12 55  32
12 56  32
12 57  32
12 58  32
12 59  32
12 60  32
12 61  32
12 62  32
12 63  32
13 0  32
13 1  32
13 2  32
13 3  32
13 4  32
13 5  32
13 6  32
13 7  32
13 8  32
13 9  32
13 10  32
13 11  32
13 12  32
13 13  32
13 14  32
13 15  32
13 16  32
13 17  32
13 18  32
13 19  32
13 20  32
13 21  32
13 22  32
13 23  32
13 24  32
13 25  32
13 26  32
13 27  32
13 28  32
13 29  32
13 30  32
13 31  32
13 32  32
13 33  32
13 34  32
13 35  32
13 36  32
13 37  32
13 38  32
13 39  32
13 40  32
13 41  32
13 42  32
13 43  32
13 44  32
13 45  32
13 46  32
13 47  32
13 48  32
13 49  32
13 50  32
13 51  32
13 52  32
13 53  32
13 54  32
13 55  32
13 56  32
13 57  32
13 58  32
13 59  32
13 60  32
13 61  32
13 62  32
13 63  32
14 0  32
14 1  32
14 2  32
14 3  32
14 4  32
14 5  32
14 6  32
14 7  32
14 8  32
14 9  32
14 10  32
14 11  32
14 12  32
14 13  32
14 14  32
14 15  32
14 16  32
14 17  32
14 18  32
14 19  32
14 20  32
14 21  32
14 22  32
14 23  32
14 24  32
14 25  32
14 26  32
14 27  32
14 28  32
14 29  32
14 30  32
14 31  32
14 32  32
14 33  32
14 34  32
14 35  32
14 36  32
14 37  32
14 38  32
14 39  32
14 40  32
14 41  32
14 42  32
14 43  32
14 44  32
14 45  32
14 46  32
14 47  32
14 48  32
14 49  32
14 50  32
14 51  32
14 52  32
14 53  32
14 54  32
14 55  32
14 56  32
14 57  32
14 58  32
14 59  32
14 60  32
14 61  32
14 62  32
14 63  32
15 0  32
15 1  32
15 2  32
15 3  32
15 4  32
15 5  32
15 6  32
15 7  32
15 8  32
15 9  32
15 10  32
15 11  32
15 12  32
15 13  32
15 14  32
15 15  32
15 16  32
15 17  32
15 18  32
15 19  32
15 20  32
15 21  32
15 22  32
15 23  32
15 24  32
15 25  32
15 26  32
15 27  32
15 28  32
15 29  32
15 30  32
15 31  32
15 32  32
15 33  32
15 34  32
15 35  32
15 36  32
15 37  32
15 38  32
15 39  32
15 40  32
15 41  32
15 42  32
15 43  32
15 44  32
15 45  32
15 46  32
15 47  32
15 48  32
15 49  32
15 50  32
15 51  32
15 52  32
15 53  32
15 54  32
15 55  32
15 56  32
15 57  32
15 58  32
15 59  32
15 60  32
15 61  32
15 62  32
15 63  32
16 0  32
16 1  32
16 2  32
16 3  32
16 4  32
16 5  32
16 6  32
16 7  32
16 8  32
16 9  32
16 10  32
16 11  32
16 12  32
16 13  32
16 14  32
16 15  32
16 16  32
16 17  32
16 18  32
16 19  32
16 20  32
16 21  32
16 22  32
16 23  32
16 24  32
16 25  32
16 26  32
16 27  32
16 28  32
16 29  32
16 30  32
16 31  32
16 32  32
16 33  32
16 34  32
16 35  32
16 36  32
16 37  32
16 38  32
16 39  32
16 40  32
16 41  32
16 42  32
16 43  32
16 44  32
16 45  32
16 46  32
16 47  32
16 48  32
16 49  32
16 50  32
16 51  32
16 52  32
16 53  32
16 54  32
16 55  32
16 56  32
16 57  32
16 58  32
16 59  32
16 60  32
16 61  32
16 62  32
16 63  32
17 0  32
17 1  32
17 2  32
17 3  32
17 4  32
17 5  32
17 6  32
17 7  32
17 8  32
17 9  32
17 10  32
17 11  32
17 12  32
17 13  32
17 14  32
17 15  32
17 16  32
17 17  32
17 18  32
17 19  32
17 20  32
17 21  32
17 22  32
17 23  32
17 24  32
17 25  32
17 26  32
17 27  32
17 28  32
17 29  32
17 30  32
17 31  32
17 32  32
17 33  32
17 34  32
17 35  32
17 36  32
17 37  32
17 38  32
17 39  32
17 40  32
17 41  32
17 42  32
17 43  32
17 44  32
17 45  32
17 46  32
17 47  32
17 48  32
17 49  32
17 50  32
17 51  32
17 52  32
17 53  32
17 54  32
17 55  32
17 56  32
17 57  32
17 58  32
17 59  32
17 60  32
17 61  32
17 62  32
17 63  32
18 0  32
18 1  32
18 2  32
18 3  32
18 4  32
18 5  32
18 6  32
18 7  32
18 8  32
18 9  32
18 10  32
18 11  32
18 12  32
18 13  32
18 14  32
18 15  32
18 16  32
18 17  32
18 18  32
18 19  32
18 20  32
18 21  32
18 22  32
18 23  32
18 24  32
18 25  32
18 26  32
18 27  32
18 28  32
18 29  32
18 30  32
18 31  32
18 32  32
18 33  32
18 34  32
18 35  32
18 36  32
18 37  32
18 38  32
18 39  32
18 40  32
18 41  32
18 42  32
18 43  32
18 44  32
18 45  32
18 46  32
18 47  32
18 48  32
18 49  32
18 50  32
18 51  32
18 52  32
18 53  32
18 54  32
18 55  32
18 56  32
18 57  32
18 58  32
18 59  32
18 60  32
18 61  32
18 62  32
18 63  32
19 0  32
19 1  32
19 2  32
19 3  32
19 4  32
19 5  32
19 6  32
19 7  32
19 8  32
19 9  32
19 10  32
19 11  32
19 12  32
19 13  32
19 14  32
19 15  32
19 16  32
19 17  32
19 18  32
19 19  32
19 20  32
19 21  32
19 22  32
19 23  32
19 24  32
19 25  32
19 26  32
19 27  32
19 28  32
19 29  32
19 30  32
19 31  32
19 32  32
19 33  32
19 34  32
19 35  32
19 36  32
19 37  32
19 38  32
19 39  32
19 40  32
19 41  32
19 42  32
19 43  32
19 44  32
19 45  32
19 46  32
19 47  32
19 48  32
19 49  32
19 50  32
19 51  32
19 52  32
19 53  32
19 54  32
19 55  32
19 56  32
19 57  32
19 58  32
19 59  32
19 60  32
19 61  32
19 62  32
19 63  32
20 0  32
20 1  32
20 2  32
20 3  32
20 4  32
20 5  32
20 6  32
20 7  32
20 8  32
20 9  32
20 10  32
20 11  32
20 12  32
20 13  32
20 14  32
20 15  32
20 16  32
20 17  32
20 18  32
20 19  32
20 20  32
20 21  32
20 22  32
20 23  32
20 24  32
20 25  32
20 26  32
20 27  32
20 28  32
20 29  32
20 30  32
20 31  32
20 32  32
20 33  32
20 34  32
20 35  32
20 36  32
20 37  32
20 38  32
20 39  32
20 40  32
20 41  32
20 42  32
20 43  32
20 44  32
20 45  32
20 46  32
20 47  32
20 48  32
20 49  32
20 50  32
20 51  32
20 52  32
20 53  32
20 54  32
20 55  32
20 56  32
20 57  32
20 58  32
20 59  32
20 60  32
20 61  32
20 62  32
20 63  32
21 0  32
21 1  32
21 2  32
21 3  32
21 4  32
21 5  32
21 6  32
21 7  32
21 8  32
21 9  32
21 10  32
21 11  32
21 12  32
21 13  32
21 14  32
21 15  32
21 16  32
21 17  32
21 18  32
21 19  32
21 20  32
21 21  32
21 22  32
21 23  32
21 24  32
21 25  32
21 26  32
21 27  32
21 28  32
21 29  32
21 30  32
21 31  32
21 32  32
21 33  32
21 34  32
21 35  32
21 36  32
21 37  32
21 38  32
21 39  32
21 40  32
21 41  32
21 42  32
21 43  32
21 44  32
21 45  32
21 46  32
21 47  32
21 48  32
21 49  32
21 50  32
21 51  32
21 52  32
21 53  32
21 54  32
21 55  32
21 56  32
21 57  32
21 58  32
21 59  32
21 60  32
21 61  32
21 62  32
21 63  32
22 0  32
22 1  32
22 2  32
22 3  32
22 4  32
22 5  32
22 6  32
22 7  32
22 8  32
22 9  32
22 10  32
22 11  32
22 12  32
22 13  32
22 14  32
22 15  32
22 16  32
22 17  32
22 18  32
22 19  32
22 20  32
22 21  32
22 22  32
22 23  32
22 24  32
22 25  32
22 26  32
22 27  32
22 28  32
22 29  32
22 30  32
22 31  32
22 32  32
22 33  32
22 34  32
22 35  32
22 36  32
22 37  32
22 38  32
22 39  32
22 40  32
22 41  32
22 42  32
22 43  32
22 44  32
22 45  32
22 46  32
22 47  32
22 48  32
22 49  32
22 50  32
22 51  32
22 52  32
22 53  32
22 54  32
22 55  32
22 56  32
22 57  32
22 58  32
22 59  32
22 60  32
22 61  32
22 62  32
22 63  32
23 0  32
23 1  32
23 2  32
23 3  32
23 4  32
23 5  32
23 6  32
23 7  32
23 8  32
23 9  32
23 10  32
23 11  32
23 12  32
23 13  32
23 14  32
23 15  32
23 16  32
23 17  32
23 18  32
23 19  32
23 20  32
23 21  32
23 22  32
23 23  32
23 24  32
23 25  32
23 26  32
23 27  32
23 28  32
23 29  32
23 30  32
23 31  32
23 32  32
23 33  32
23 34  32
23 35  32
23 36  32
23 37  32
23 38  32
23 39  32
23 40  32
23 41  32
23 42  32
23 43  32
23 44  32
23 45  32
23 46  32
23 47  32
23 48  32
23 49  32
23 50  32
23 51  32
23 52  32
23 53  32
23 54  32
23 55  32
23 56  32
23 57  32
23 58  32
23 59  32
23 60  32
23 61  32
23 62  32
23 63  32
24 0  32
24 1  32
24 2  32
24 3  32
24 4  32
24 5  32
24 6  32
24 7  32
24 8  32
24 9  32
24 10  32
24 11  32
24 12  32
24 13  32
24 14  32
24 15  32
24 16  32
24 17  32
24 18  32
24 19  32
24 20  32
24 21  32
24 22  32
24 23  32
24 24  32
24 25  32
24 26  32
24 27  32
24 28  32
24 29  32
24 30  32
24 31  32
24 32  32
24 33  32
24 34  32
24 35  32
24 36  32
24 37  32
24 38  32
24 39  32
24 40  32
24 41  32
24 42  32
24 43  32
24 44  32
24 45  32
24 46  32
24 47  32
24 48  32
24 49  32
24 50  32
24 51  32
24 52  32
24 53  32
24 54  32
24 55  32
24 56  32
24 57  32
24 58  32
24 59  32
24 60  32
24 61  32
24 62  32
24 63  32
25 0  32
25 1  32
25 2  32
25 3  32
25 4  32
25 5  32
25 6  32
25 7  32
25 8  32
25 9  32
25 10  32
25 11  32
25 12  32
25 13  32
25 14  32
25 15  32
25 16  32
25 17  32
25 18  32
25 19  32
25 20  32
25 21  32
25 22  32
25 23  32
25 24  32
25 25  32
25 26  32
25 27  32
25 28  32
25 29  32
25 30  32
25 31  32
25 32  32
25 33  32
25 34  32
25 35  32
25 36  32
25 37  32
25 38  32
25 39  32
25 40  32
25 41  32
25 42  32
25 43  32
25 44  32
25 45  32
25 46  32
25 47  32
25 48  32
25 49  32
25 50  32
25 51  32
25 52  32
25 53  32
25 54  32
25 55  32
25 56  32
25 57  32
25 58  32
25 59  32
25 60  32
25 61  32
25 62  32
25 63  32
26 0  32
26 1  32
26 2  32
26 3  32
26 4  32
26 5  32
26 6  32
26 7  32
26 8  32
26 9  32
26 10  32
26 11  32
26 12  32
26 13  32
26 14  32
26 15  32
26 16  32
26 17  32
26 18  32
26 19  32
26 20  32
26 21  32
26 22  32
26 23  32
26 24  32
26 25  32
26 26  32
26 27  32
26 28  32
26 29  32
26 30  32
26 31  32
26 32  32
26 33  32
26 34  32
26 35  32
26 36  32
26 37  32
26 38  32
26 39  32
26 40  32
26 41  32
26 42  32
26 43  32
26 44  32
26 45  32
26 46  32
26 47  32
26 48  32
26 49  32
26 50  32
26 51  32
26 52  32
26 53  32
26 54  32
26 55  32
26 56  32
26 57  32
26 58  32
26 59  32
26 60  32
26 61  32
26 62  32
26 63  32
27 0  32
27 1  32
27 2  32
27 3  32
27 4  32
27 5  32
27 6  32
27 7  32
27 8  32
27 9  32
27 10  32
27 11  32
27 12  32
27 13  32
27 14  32
27 15  32
27 16  32
27 17  32
27 18  32
27 19  32
27 20  32
27 21  32
27 22  32
27 23  32
27 24  32
27 25  32
27 26  32
27 27  32
27 28  32
27 29  32
27 30  32
27 31  32
27 32  32
27 33  32
27 34  32
27 35  32
27 36  32
27 37  32
27 38  32
27 39  32
27 40  32
27 41  32
27 42  32
27 43  32
27 44  32
27 45  32
27 46  32
27 47  32
27 48  32
27 49  32
27 50  32
27 51  32
27 52  32
27 53  32
27 54  32
27 55  32
27 56  32
27 57  32
27 58  32
27 59  32
27 60  32
27 61  32
27 62  32
27 63  32
28 0  32
28 1  32
28 2  32
28 3  32
28 4  32
28 5  32
28 6  32
28 7  32
28 8  32
28 9  32
28 10  32
28 11  32
28 12  32
28 13  32
28 14  32
28 15  32
28 16  32
28 17  32
28 18  32
28 19  32
28 20  32
28 21  32
28 22  32
28 23  32
28 24  32
28 25  32
28 26  32
28 27  32
28 28  32
28 29  32
28 30  32
28 31  32
28 32  32
28 33  32
28 34  32
28 35  32
28 36  32
28 37  32
28 38  32
28 39  32
28 40  32
28 41  32
28 42  32
28 43  32
28 44  32
28 45  32
28 46  32
28 47  32
28 48  32
28 49  32
28 50  32
28 51  32
28 52  32
28 53  32
28 54  32
28 55  32
28 56  32
28 57  32
28 58  32
28 59  32
28 60  32
28 61  32
28 62  32
28 63  32
29 0  32
29 1  32
29 2  32
29 3  32
29 4  32
29 5  32
29 6  32
29 7  32
29 8  32
29 9  32
29 10  32
29 11  32
29 12  32
29 13  32
29 14  32
29 15  32
29 16  32
29 17  32
29 18  32
29 19  32
29 20  32
29 21  32
29 22  32
29 23  32
29 24  32
29 25  32
29 26  32
29 27  32
29 28  32
29 29  32
29 30  32
29 31  32
29 32  32
29 33  32
29 34  32
29 35  32
29 36  32
29 37  32
29 38  32
29 39  32
29 40  32
29 41  32
29 42  32
29 43  32
29 44  32
29 45  32
29 46  32
29 47  32
29 48  32
29 49  32
29 50  32
29 51  32
29 52  32
29 53  32
29 54  32
29 55  32
29 56  32
29 57  32
29 58  32
29 59  32
29 60  32
29 61  32
29 62  32
29 63  32
30 0  32
30 1  32
30 2  32
30 3  32
30 4  32
30 5  32
30 6  32
30 7  32
30 8  32
30 9  32
30 10  32
30 11  32
30 12  32
30 13  32
30 14  32
30 15  32
30 16  32
30 17  32
30 18  32
30 19  32
30 20  32
30 21  32
30 22  32
30 23  32
30 24  32
30 25  32
30 26  32
30 27  32
30 28  32
30 29  32
30 30  32
30 31  32
30 32  32
30 33  32
30 34  32
30 35  32
30 36  32
30 37  32
30 38  32
30 39  32
30 40  32
30 41  32
30 42  32
30 43  32
30 44  32
30 45  32
30 46  32
30 47  32
30 48  32
30 49  32
30 50  32
30 51  32
30 52  32
30 53  32
30 54  32
30 55  32
30 56  32
30 57  32
30 58  32
30 59  32
30 60  32
30 61  32
30 62  32
30 63  32
31 0  32
31 1  32
31 2  32
31 3  32
31 4  32
31 5  32
31 6  32
31 7  32
31 8  32
31 9  32
31 10  32
31 11  32
31 12  32
31 13  32
31 14  32
31 15  32
31 16  32
31 17  32
31 18  32
31 19  32
31 20  32
31 21  32
31 22  32
31 23  32
31 24  32
31 25  32
31 26  32
31 27  32
31 28  32
31 29  32
31 30  32
31 31  32
31 32  32
31 33  32
31 34  32
31 35  32
31 36  32
31 37  32
31 38  32
31 39  32
31 40  32
31 41  32
31 42  32
31 43  32
31 44  32
31 45  32
31 46  32
31 47  32
31 48  32
31 49  32
31 50  32
31 51  32
31 52  32
31 53  32
31 54  32
31 55  32
31 56  32
31 57  32
31 58  32
31 59  32
31 60  32
31 61  32
31 62  32
31 63  32
32 0  32
32 1  32
32 2  32
32 3  32
32 4  32
32 5  32
32 6  32
32 7  32
32 8  32
32 9  32
32 10  32
32 11  32
32 12  32
32 13  32
32 14  32
32 15  32
32 16  32
32 17  32
32 18  32
32 19  32
32 20  32
32 21  32
32 22  32
32 23  32
32 24  32
32 25  32
32 26  32
32 27  32
32 28  32
32 29  32
32 30  32
32 31  32
32 32  32
32 33  32
32 34  32
32 35  32
32 36  32
32 37  32
32 38  32
32 39  32
32 40  32
32 41  32
32 42  32
32 43  32
32 44  32
32 45  32
32 46  32
32 47  32
32 48  32
32 49  32
32 50  32
32 51  32
32 52  32
32 53  32
32 54  32
32 55  32
32 56  32
32 57  32
32 58  32
32 59  32
32 60  32
32 61  32
32 62  32
32 63  32
33 0  32
33 1  32
33 2  32
33 3  32
33 4  32
33 5  32
33 6  32
33 7  32
33 8  32
33 9  32
33 10  32
33 11  32
33 12  32
33 13  32
33 14  32
33 15  32
33 16  32
33 17  32
33 18  32
33 19  32
33 20  32
33 21  32
33 22  32
33 23  32
33 24  32
33 25  32
33 26  32
33 27  32
33 28  32
33 29  32
33 30  32
33 31  32
33 32  32
33 33  32
33 34  32
33 35  32
33 36  32
33 37  32
33 38  32
33 39  32
33 40  32
33 41  32
33 42  32
33 43  32
33 44  32
33 45  32
33 46  32
33 47  32
33 48  32
33 49  32
33 50  32
33 51  32
33 52  32
33 53  32
33 54  32
33 55  32
33 56  32
33 57  32
33 58  32
33 59  32
33 60  32
33 61  32
33 62  32
33 63  32
34 0  32
34 1  32
34 2  32
34 3  32
34 4  32
34 5  32
34 6  32
34 7  32
34 8  32
34 9  32
34 10  32
34 11  32
34 12  32
34 13  32
34 14  32
34 15  32
34 16  32
34 17  32
34 18  32
34 19  32
34 20  32
34 21  32
34 22  32
34 23  32
34 24  32
34 25  32
34 26  32
34 27  32
34 28  32
34 29  32
34 30  32
34 31  32
34 32  32
34 33  32
34 34  32
34 35  32
34 36  32
34 37  32
34 38  32
34 39  32
34 40  32
34 41  32
34 42  32
34 43  32
34 44  32
34 45  32
34 46  32
34 47  32
34 48  32
34 49  32
34 50  32
34 51  32
34 52  32
34 53  32
34 54  32
34 55  32
34 56  32
34 57  32
34 58  32
34 59  32
34 60  32
34 61  32
34 62  32
34 63  32
35 0  32
35 1  32
35 2  32
35 3  32
35 4  32
35 5  32
35 6  32
35 7  32
35 8  32
35 9  32
35 10  32
35 11  32
35 12  32
35 13  32
35 14  32
35 15  32
35 16  32
35 17  32
35 18  32
35 19  32
35 20  32
35 21  32
35 22  32
35 23  32
35 24  32
35 25  32
35 26  32
35 27  32
35 28  32
35 29  32
35 30  32
35 31  32
35 32  32
35 33  32
35 34  32
35 35  32
35 36  32
35 37  32
35 38  32
35 39  32
35 40  32
35 41  32
35 42  32
35 43  32
35 44  32
35 45  32
35 46  32
35 47  32
35 48  32
35 49  32
35 50  32
35 51  32
35 52  32
35 53  32
35 54  32
35 55  32
35 56  32
35 57  32
35 58  32
35 59  32
35 60  32
35 61  32
35 62  32
35 63  32
36 0  32
36 1  32
36 2  32
36 3  32
36 4  32
36 5  32
36 6  32
36 7  32
36 8  32
36 9  32
36 10  32
36 11  32
36 12  32
36 13  32
36 14  32
36 15  32
36 16  32
36 17  32
36 18  32
36 19  32
36 20  32
36 21  32
36 22  32
36 23  32
36 24  32
36 25  32
36 26  32
36 27  32
36 28  32
36 29  32
36 30  32
36 31  32
36 32  32
36 33  32
36 34  32
36 35  32
36 36  32
36 37  32
36 38  32
36 39  32
36 40  32
36 41  32
36 42  32
36 43  32
36 44  32
36 45  32
36 46  32
36 47  32
36 48  32
36 49  32
36 50  32
36 51  32
36 52  32
36 53  32
36 54  32
36 55  32
36 56  32
36 57  32
36 58  32
36 59  32
36 60  32
36 61  32
36 62  32
36 63  32
