size: 4096
Tuples
0 0  82
0 1  82
0 2  82
0 3  82
0 4  82
0 5  82
0 6  82
0 7  82
0 8  82
0 9  82
0 10  82
0 11  82
0 12  82
0 13  82
0 14  82
0 15  82
0 16  82
0 17  82
0 18  82
0 19  82
0 20  82
0 21  82
0 22  82
0 23  82
0 24  82
0 25  82
0 26  82
0 27  82
0 28  82
0 29  82
0 30  82
0 31  82
0 32  82
0 33  82
0 34  82
0 35  82
0 36  82
0 37  82
0 38  82
0 39  82
0 40  82
0 41  82
0 42  82
0 43  82
0 44  82
0 45  82
0 46  82
0 47  82
0 48  82
0 49  82
0 50  82
0 51  82
0 52  82
0 53  82
0 54  82
0 55  82
0 56  82
0 57  82
0 58  82
0 59  82
0 60  82
0 61  82
0 62  82
0 63  82
1 0  111
1 1  111
1 2  111
1 3  111
1 4  111
1 5  111
1 6  111
1 7  111
1 8  111
1 9  111
1 10  111
1 11  111
1 12  111
1 13  111
1 14  111
1 15  111
1 16  111
1 17  111
1 18  111
1 19  111
1 20  111
1 21  111
1 22  111
1 23  111
1 24  111
1 25  111
1 26  111
1 27  111
1 28  111
1 29  111
1 30  111
1 31  111
1 32  111
1 33  111
1 34  111
1 35  111
1 36  111
1 37  111
1 38  111
1 39  111
1 40  111
1 41  111
1 42  111
1 43  111
1 44  111
1 45  111
1 46  111
1 47  111
1 48  111
1 49  111
1 50  111
1 51  111
1 52  111
1 53  111
1 54  111
1 55  111
1 56  111
1 57  111
1 58  111
1 59  111
1 60  111
1 61  111
1 62  111
1 63  111
2 0  119
2 1  119
2 2  119
2 3  119
2 4  119
2 5  119
2 6  119
2 7  119
2 8  119
2 9  119
2 10  119
2 11  119
2 12  119
2 13  119
2 14  119
2 15  119
2 16  119
2 17  119
2 18  119
2 19  119
2 20  119
2 21  119
2 22  119
2 23  119
2 24  119
2 25  119
2 26  119
2 27  119
2 28  119
2 29  119
2 30  119
2 31  119
2 32  119
2 33  119
2 34  119
2 35  119
2 36  119
2 37  119
2 38  119
2 39  119
2 40  119
2 41  119
2 42  119
2 43  119
2 44  119
2 45  119
2 46  119
2 47  119
2 48  119
2 49  119
2 50  119
2 51  119
2 52  119
2 53  119
2 54  119
2 55  119
2 56  119
2 57  119
2 58  119
2 59  119
2 60  119
2 61  119
2 62  119
2 63  119
3 0  32
3 1  32
3 2  32
3 3  32
3 4  32
3 5  32
3 6  32
3 7  32
3 8  32
3 9  32
3 10  32
3 11  32
3 12  32
3 13  32
3 14  32
3 15  32
3 16  32
3 17  32
3 18  32
3 19  32
3 20  32
3 21  32
3 22  32
3 23  32
3 24  32
3 25  32
3 26  32
3 27  32
3 28  32
3 29  32
3 30  32
3 31  32
3 32  32
3 33  32
3 34  32
3 35  32
3 36  32
3 37  32
3 38  32
3 39  32
3 40  32
3 41  32
3 42  32
3 43  32
3 44  32
3 45  32
3 46  32
3 47  32
3 48  32
3 49  32
3 50  32
3 51  32
3 52  32
3 53  32
3 54  32
3 55  32
3 56  32
3 57  32
3 58  32
3 59  32
3 60  32
3 61  32
3 62  32
3 63  32
4 0  54
4 1  54
4 2  54
4 3  54
4 4  54
4 5  55
4 6  55
4 7  55
4 8  55
4 9  55
4 10  55
4 11  55
4 12  55
4 13  55
4 14  55
4 15  56
4 16  56
4 17  56
4 18  56
4 19  56
4 20  56
4 21  56
4 22  56
4 23  56
4 24  56
4 25  57
4 26  57
4 27  57
4 28  57
4 29  57
4 30  57
4 31  57
4 32  57
4 33  57
4 34  57
4 35  49
4 36  49
4 37  49
4 38  49
4 39  49
4 40  49
4 41  49
4 42  49
4 43  49
4 44  49
4 45  49
4 46  49
4 47  49
4 48  49
4 49  49
4 50  49
4 51  49
4 52  49
4 53  49
4 54  49
4 55  49
4 56  49
4 57  49
4 58  49
4 59  49
4 60  49
4 61  49
4 62  49
4 63  49
5 0  53
5 1  54
5 2  55
5 3  56
5 4  57
5 5  48
5 6  49
5 7  50
5 8  51
5 9  52
5 10  53
5 11  54
5 12  55
5 13  56
5 14  57
5 15  48
5 16  49
5 17  50
5 18  51
5 19  52
5 20  53
5 21  54
5 22  55
5 23  56
5 24  57
5 25  48
5 26  49
5 27  50
5 28  51
5 29  52
5 30  53
5 31  54
5 32  55
5 33  56
5 34  57
5 35  48
5 36  48
5 37  48
5 38  48
5 39  48
5 40  48
5 41  48
5 42  48
5 43  48
5 44  48
5 45  49
5 46  49
5 47  49
5 48  49
5 49  49
5 50  49
5 51  49
5 52  49
5 53  49
5 54  49
5 55  50
5 56  50
5 57  50
5 58  50
5 59  50
5 60  50
5 61  50
5 62  50
5 63  50
6 0  32
6 1  32
6 2  32
6 3  32
6 4  32
6 5  32
6 6  32
6 7  32
6 8  32
6 9  32
6 10  32
6 11  32
6 12  32
6 13  32
6 14  32
6 15  32
6 16  32
6 17  32
6 18  32
6 19  32
6 20  32
6 21  32
6 22  32
6 23  32
6 24  32
6 25  32
6 26  32
6 27  32
6 28  32
6 29  32
6 30  32
6 31  32
6 32  32
6 33  32
6 34  32
6 35  48
6 36  49
6 37  50
6 38  51
6 39  52
6 40  53
6 41  54
6 42  55
6 43  56
6 44  57
6 45  48
6 46  49
6 47  50
6 48  51
6 49  52
6 50  53
6 51  54
6 52  55
6 53  56
6 54  57
6 55  48
6 56  49
6 57  50
6 58  51
6 59  52
6 60  53
6 61  54
6 62  55
6 63  56
7 0  58
7 1  58
7 2  58
7 3  58
7 4  58
7 5  58
7 6  58
7 7  58
7 8  58
7 9  58
7 10  58
7 11  58
7 12  58
7 13  58
7 14  58
7 15  58
7 16  58
7 17  58
7 18  58
7 19  58
7 20  58
7 21  58
7 22  58
7 23  58
7 24  58
7 25  58
7 26  58
7 27  58
7 28  58
7 29  58
7 30  58
7 31  58
7 32  58
7 33  58
7 34  58
7 35  32
7 36  32
7 37  32
7 38  32
7 39  32
7 40  32
7 41  32
7 42  32
7 43  32
7 44  32
7 45  32
7 46  32
7 47  32
7 48  32
7 49  32
7 50  32
7 51  32
7 52  32
7 53  32
7 54  32
7 55  32
7 56  32
7 57  32
7 58  32
7 59  32
7 60  32
7 61  32
7 62  32
7 63  32
8 0  32
8 1  32
8 2  32
8 3  32
8 4  32
8 5  32
8 6  32
8 7  32
8 8  32
8 9  32
8 10  32
8 11  32
8 12  32
8 13  32
8 14  32
8 15  32
8 16  32
8 17  32
8 18  32
8 19  32
8 20  32
8 21  32
8 22  32
8 23  32
8 24  32
8 25  32
8 26  32
8 27  32
8 28  32
8 29  32
8 30  32
8 31  32
8 32  32
8 33  32
8 34  32
8 35  58
8 36  58
8 37  58
8 38  58
8 39  58
8 40  58
8 41  58
8 42  58
8 43  58
8 44  58
8 45  58
8 46  58
8 47  58
8 48  58
8 49  58
8 50  58
8 51  58
8 52  58
8 53  58
8 54  58
8 55  58
8 56  58
8 57  58
8 58  58
8 59  58
8 60  58
8 61  58
8 62  58
8 63  58
9 0  80
9 1  80
9 2  80
9 3  80
9 4  80
9 5  80
9 6  80
9 7  80
9 8  80
9 9  80
9 10  80
9 11  80
9 12  80
9 13  80
9 14  80
9 15  80
9 16  80
9 17  80
9 18  80
9 19  80
9 20  80
9 21  80
9 22  80
9 23  80
9 24  80
9 25  80
9 26  80
9 27  80
9 28  80
9 29  80
9 30  80
9 31  80
9 32  80
9 33  80
9 34  80
9 35  32
9 36  32
9 37  32
9 38  32
9 39  32
9 40  32
9 41  32
9 42  32
9 43  32
9 44  32
9 45  32
9 46  32
9 47  32
9 48  32
9 49  32
9 50  32
9 51  32
9 52  32
9 53  32
9 54  32
9 55  32
9 56  32
9 57  32
9 58  32
9 59  32
9 60  32
9 61  32
9 62  32
9 63  32
10 0  104
10 1  104
10 2  104
10 3  104
10 4  104
10 5  104
10 6  104
10 7  104
10 8  104
10 9  104
10 10  104
10 11  104
10 12  104
10 13  104
10 14  104
10 15  104
10 16  104
10 17  104
10 18  104
10 19  104
10 20  104
10 21  104
10 22  104
10 23  104
10 24  104
10 25  104
10 26  104
10 27  104
10 28  104
10 29  104
10 30  104
10 31  104
10 32  104
10 33  104
10 34  104
10 35  80
10 36  80
10 37  80
10 38  80
10 39  80
10 40  80
10 41  80
10 42  80
10 43  80
10 44  80
10 45  80
10 46  80
10 47  80
10 48  80
10 49  80
10 50  80
10 51  80
10 52  80
10 53  80
10 54  80
10 55  80
10 56  80
10 57  80
10 58  80
10 59  80
10 60  80
10 61  80
10 62  80
10 63  80
11 0  97
11 1  97
11 2  97
11 3  97
11 4  97
11 5  97
11 6  97
11 7  97
11 8  97
11 9  97
11 10  97
11 11  97
11 12  97
11 13  97
11 14  97
11 15  97
11 16  97
11 17  97
11 18  97
11 19  97
11 20  97
11 21  97
11 22  97
11 23  97
11 24  97
11 25  97
11 26  97
11 27  97
11 28  97
11 29  97
11 30  97
11 31  97
11 32  97
11 33  97
11 34  97
11 35  104
11 36  104
11 37  104
11 38  104
11 39  104
11 40  104
11 41  104
11 42  104
11 43  104
11 44  104
11 45  104
11 46  104
11 47  104
11 48  104
11 49  104
11 50  104
11 51  104
11 52  104
11 53  104
11 54  104
11 55  104
11 56  104
11 57  104
11 58  104
11 59  104
11 60  104
11 61  104
11 62  104
11 63  104
12 0  115
12 1  115
12 2  115
12 3  115
12 4  115
12 5  115
12 6  115
12 7  115
12 8  115
12 9  115
12 10  115
12 11  115
12 12  115
12 13  115
12 14  115
12 15  115
12 16  115
12 17  115
12 18  115
12 19  115
12 20  115
12 21  115
12 22  115
12 23  115
12 24  115
12 25  115
12 26  115
12 27  115
12 28  115
12 29  115
12 30  115
12 31  115
12 32  115
12 33  115
12 34  115
12 35  97
12 36  97
12 37  97
12 38  97
12 39  97
12 40  97
12 41  97
12 42  97
12 43  97
12 44  97
12 45  97
12 46  97
12 47  97
12 48  97
12 49  97
12 50  97
12 51  97
12 52  97
12 53  97
12 54  97
12 55  97
12 56  97
12 57  97
12 58  97
12 59  97
12 60  97
12 61  97
12 62  97
12 63  97
13 0  101
13 1  101
13 2  101
13 3  101
13 4  101
13 5  101
13 6  101
13 7  101
13 8  101
13 9  101
13 10  101
13 11  101
13 12  101
13 13  101
13 14  101
13 15  101
13 16  101
13 17  101
13 18  101
13 19  101
13 20  101
13 21  101
13 22  101
13 23  101
13 24  101
13 25  101
13 26  101
13 27  101
13 28  101
13 29  101
13 30  101
13 31  101
13 32  101
13 33  101
13 34  101
13 35  115
13 36  115
13 37  115
13 38  115
13 39  115
13 40  115
13 41  115
13 42  115
13 43  115
13 44  115
13 45  115
13 46  115
13 47  115
13 48  115
13 49  115
13 50  115
13 51  115
13 52  115
13 53  115
13 54  115
13 55  115
13 56  115
13 57  115
13 58  115
13 59  115
13 60  115
13 61  115
13 62  115
13 63  115
14 0  32
14 1  32
14 2  32
14 3  32
14 4  32
14 5  32
14 6  32
14 7  32
14 8  32
14 9  32
14 10  32
14 11  32
14 12  32
14 13  32
14 14  32
14 15  32
14 16  32
14 17  32
14 18  32
14 19  32
14 20  32
14 21  32
14 22  32
14 23  32
14 24  32
14 25  32
14 26  32
14 27  32
14 28  32
14 29  32
14 30  32
14 31  32
14 32  32
14 33  32
14 34  32
14 35  101
14 36  101
14 37  101
14 38  101
14 39  101
14 40  101
14 41  101
14 42  101
14 43  101
14 44  101
14 45  101
14 46  101
14 47  101
14 48  101
14 49  101
14 50  101
14 51  101
14 52  101
14 53  101
14 54  101
14 55  101
14 56  101
14 57  101
14 58  101
14 59  101
14 60  101
14 61  101
14 62  101
14 63  101
15 0  49
15 1  49
15 2  49
15 3  49
15 4  49
15 5  49
15 6  49
15 7  49
15 8  49
15 9  49
15 10  49
15 11  49
15 12  49
15 13  49
15 14  49
15 15  49
15 16  49
15 17  49
15 18  49
15 19  49
15 20  49
15 21  49
15 22  49
15 23  49
15 24  49
15 25  49
15 26  49
15 27  49
15 28  49
15 29  49
15 30  49
15 31  49
15 32  49
15 33  49
15 34  49
15 35  32
15 36  32
15 37  32
15 38  32
15 39  32
15 40  32
15 41  32
15 42  32
15 43  32
15 44  32
15 45  32
15 46  32
15 47  32
15 48  32
15 49  32
15 50  32
15 51  32
15 52  32
15 53  32
15 54  32
15 55  32
15 56  32
15 57  32
15 58  32
15 59  32
15 60  32
15 61  32
15 62  32
15 63  32
16 0  32
16 1  32
16 2  32
16 3  32
16 4  32
16 5  32
16 6  32
16 7  32
16 8  32
16 9  32
16 10  32
16 11  32
16 12  32
16 13  32
16 14  32
16 15  32
16 16  32
16 17  32
16 18  32
16 19  32
16 20  32
16 21  32
16 22  32
16 23  32
16 24  32
16 25  32
16 26  32
16 27  32
16 28  32
16 29  32
16 30  32
16 31  32
16 32  32
16 33  32
16 34  32
16 35  49
16 36  49
16 37  49
16 38  49
16 39  49
16 40  49
16 41  49
16 42  49
16 43  49
16 44  49
16 45  49
16 46  49
16 47  49
16 48  49
16 49  49
16 50  49
16 51  49
16 52  49
16 53  49
16 54  49
16 55  49
16 56  49
16 57  49
16 58  49
16 59  49
16 60  49
16 61  49
16 62  49
16 63  49
17 0  83
17 1  83
17 2  83
17 3  83
17 4  83
17 5  83
17 6  83
17 7  83
17 8  83
17 9  83
17 10  83
17 11  83
17 12  83
17 13  83
17 14  83
17 15  83
17 16  83
17 17  83
17 18  83
17 19  83
17 20  83
17 21  83
17 22  83
17 23  83
17 24  83
17 25  83
17 26  83
17 27  83
17 28  83
17 29  83
17 30  83
17 31  83
17 32  83
17 33  83
17 34  83
17 35  32
17 36  32
17 37  32
17 38  32
17 39  32
17 40  32
17 41  32
17 42  32
17 43  32
17 44  32
17 45  32
17 46  32
17 47  32
17 48  32
17 49  32
17 50  32
17 51  32
17 52  32
17 53  32
17 54  32
17 55  32
17 56  32
17 57  32
17 58  32
17 59  32
17 60  32
17 61  32
17 62  32
17 63  32
18 0  116
18 1  116
18 2  116
18 3  116
18 4  116
18 5  116
18 6  116
18 7  116
18 8  116
18 9  116
18 10  116
18 11  116
18 12  116
18 13  116
18 14  116
18 15  116
18 16  116
18 17  116
18 18  116
18 19  116
18 20  116
18 21  116
18 22  116
18 23  116
18 24  116
18 25  116
18 26  116
18 27  116
18 28  116
18 29  116
18 30  116
18 31  116
18 32  116
18 33  116
18 34  116
18 35  83
18 36  83
18 37  83
18 38  83
18 39  83
18 40  83
18 41  83
18 42  83
18 43  83
18 44  83
18 45  83
18 46  83
18 47  83
18 48  83
18 49  83
18 50  83
18 51  83
18 52  83
18 53  83
18 54  83
18 55  83
18 56  83
18 57  83
18 58  83
18 59  83
18 60  83
18 61  83
18 62  83
18 63  83
19 0  97
19 1  97
19 2  97
19 3  97
19 4  97
19 5  97
19 6  97
19 7  97
19 8  97
19 9  97
19 10  97
19 11  97
19 12  97
19 13  97
19 14  97
19 15  97
19 16  97
19 17  97
19 18  97
19 19  97
19 20  97
19 21  97
19 22  97
19 23  97
19 24  97
19 25  97
19 26  97
19 27  97
19 28  97
19 29  97
19 30  97
19 31  97
19 32  97
19 33  97
19 34  97
19 35  116
19 36  116
19 37  116
19 38  116
19 39  116
19 40  116
19 41  116
19 42  116
19 43  116
19 44  116
19 45  116
19 46  116
19 47  116
19 48  116
19 49  116
19 50  116
19 51  116
19 52  116
19 53  116
19 54  116
19 55  116
19 56  116
19 57  116
19 58  116
19 59  116
19 60  116
19 61  116
19 62  116
19 63  116
20 0  116
20 1  116
20 2  116
20 3  116
20 4  116
20 5  116
20 6  116
20 7  116
20 8  116
20 9  116
20 10  116
20 11  116
20 12  116
20 13  116
20 14  116
20 15  116
20 16  116
20 17  116
20 18  116
20 19  116
20 20  116
20 21  116
20 22  116
20 23  116
20 24  116
20 25  116
20 26  116
20 27  116
20 28  116
20 29  116
20 30  116
20 31  116
20 32  116
20 33  116
20 34  116
20 35  97
20 36  97
20 37  97
20 38  97
20 39  97
20 40  97
20 41  97
20 42  97
20 43  97
20 44  97
20 45  97
20 46  97
20 47  97
20 48  97
20 49  97
20 50  97
20 51  97
20 52  97
20 53  97
20 54  97
20 55  97
20 56  97
20 57  97
20 58  97
20 59  97
20 60  97
20 61  97
20 62  97
20 63  97
21 0  101
21 1  101
21 2  101
21 3  101
21 4  101
21 5  101
21 6  101
21 7  101
21 8  101
21 9  101
21 10  101
21 11  101
21 12  101
21 13  101
21 14  101
21 15  101
21 16  101
21 17  101
21 18  101
21 19  101
21 20  101
21 21  101
21 22  101
21 23  101
21 24  101
21 25  101
21 26  101
21 27  101
21 28  101
21 29  101
21 30  101
21 31  101
21 32  101
21 33  101
21 34  101
21 35  116
21 36  116
21 37  116
21 38  116
21 39  116
21 40  116
21 41  116
21 42  116
21 43  116
21 44  116
21 45  116
21 46  116
21 47  116
21 48  116
21 49  116
21 50  116
21 51  116
21 52  116
21 53  116
21 54  116
21 55  116
21 56  116
21 57  116
21 58  116
21 59  116
21 60  116
21 61  116
21 62  116
21 63  116
22 0  32
22 1  32
22 2  32
22 3  32
22 4  32
22 5  32
22 6  32
22 7  32
22 8  32
22 9  32
22 10  32
22 11  32
22 12  32
22 13  32
22 14  32
22 15  32
22 16  32
22 17  32
22 18  32
22 19  32
22 20  32
22 21  32
22 22  32
22 23  32
22 24  32
22 25  32
22 26  32
22 27  32
22 28  32
22 29  32
22 30  32
22 31  32
22 32  32
22 33  32
22 34  32
22 35  101
22 36  101
22 37  101
22 38  101
22 39  101
22 40  101
22 41  101
22 42  101
22 43  101
22 44  101
22 45  101
22 46  101
22 47  101
22 48  101
22 49  101
22 50  101
22 51  101
22 52  101
22 53  101
22 54  101
22 55  101
22 56  101
22 57  101
22 58  101
22 59  101
22 60  101
22 61  101
22 62  101
22 63  101
23 0  67
23 1  67
23 2  67
23 3  67
23 4  67
23 5  67
23 6  67
23 7  67
23 8  67
23 9  67
23 10  67
23 11  67
23 12  67
23 13  67
23 14  67
23 15  67
23 16  67
23 17  67
23 18  67
23 19  67
23 20  67
23 21  67
23 22  67
23 23  67
23 24  67
23 25  67
23 26  67
23 27  67
23 28  67
23 29  67
23 30  67
23 31  67
23 32  67
23 33  67
23 34  67
23 35  32
23 36  32
23 37  32
23 38  32
23 39  32
23 40  32
23 41  32
23 42  32
23 43  32
23 44  32
23 45  32
23 46  32
23 47  32
23 48  32
23 49  32
23 50  32
23 51  32
23 52  32
23 53  32
23 54  32
23 55  32
23 56  32
23 57  32
23 58  32
23 59  32
23 60  32
23 61  32
23 62  32
23 63  32
24 0  111
24 1  111
24 2  111
24 3  111
24 4  111
24 5  111
24 6  111
24 7  111
24 8  111
24 9  111
24 10  111
24 11  111
24 12  111
24 13  111
24 14  111
24 15  111
24 16  111
24 17  111
24 18  111
24 19  111
24 20  111
24 21  111
24 22  111
24 23  111
24 24  111
24 25  111
24 26  111
24 27  111
24 28  111
24 29  111
24 30  111
24 31  111
24 32  111
24 33  111
24 34  111
24 35  67
24 36  67
24 37  67
24 38  67
24 39  67
24 40  67
24 41  67
24 42  67
24 43  67
24 44  67
24 45  67
24 46  67
24 47  67
24 48  67
24 49  67
24 50  67
24 51  67
24 52  67
24 53  67
24 54  67
24 55  67
24 56  67
24 57  67
24 58  67
24 59  67
24 60  67
24 61  67
24 62  67
24 63  67
25 0  109
25 1  109
25 2  109
25 3  109
25 4  109
25 5  109
25 6  109
25 7  109
25 8  109
25 9  109
25 10  109
25 11  109
25 12  109
25 13  109
25 14  109
25 15  109
25 16  109
25 17  109
25 18  109
25 19  109
25 20  109
25 21  109
25 22  109
25 23  109
25 24  109
25 25  109
25 26  109
25 27  109
25 28  109
25 29  109
25 30  109
25 31  109
25 32  109
25 33  109
25 34  109
25 35  111
25 36  111
25 37  111
25 38  111
25 39  111
25 40  111
25 41  111
25 42  111
25 43  111
25 44  111
25 45  111
25 46  111
25 47  111
25 48  111
25 49  111
25 50  111
25 51  111
25 52  111
25 53  111
25 54  111
25 55  111
25 56  111
25 57  111
25 58  111
25 59  111
25 60  111
25 61  111
25 62  111
25 63  111
26 0  112
26 1  112
26 2  112
26 3  112
26 4  112
26 5  112
26 6  112
26 7  112
26 8  112
26 9  112
26 10  112
26 11  112
26 12  112
26 13  112
26 14  112
26 15  112
26 16  112
26 17  112
26 18  112
26 19  112
26 20  112
26 21  112
26 22  112
26 23  112
26 24  112
26 25  112
26 26  112
26 27  112
26 28  112
26 29  112
26 30  112
26 31  112
26 32  112
26 33  112
26 34  112
26 35  109
26 36  109
26 37  109
26 38  109
26 39  109
26 40  109
26 41  109
26 42  109
26 43  109
26 44  109
26 45  109
26 46  109
26 47  109
26 48  109
26 49  109
26 50  109
26 51  109
26 52  109
26 53  109
26 54  109
26 55  109
26 56  109
26 57  109
26 58  109
26 59  109
26 60  109
26 61  109
26 62  109
26 63  109
27 0  111
27 1  111
27 2  111
27 3  111
27 4  111
27 5  111
27 6  111
27 7  111
27 8  111
27 9  111
27 10  111
27 11  111
27 12  111
27 13  111
27 14  111
27 15  111
27 16  111
27 17  111
27 18  111
27 19  111
27 20  111
27 21  111
27 22  111
27 23  111
27 24  111
27 25  111
27 26  111
27 27  111
27 28  111
27 29  111
27 30  111
27 31  111
27 32  111
27 33  111
27 34  111
27 35  112
27 36  112
27 37  112
27 38  112
27 39  112
27 40  112
27 41  112
27 42  112
27 43  112
27 44  112
27 45  112
27 46  112
27 47  112
27 48  112
27 49  112
27 50  112
27 51  112
27 52  112
27 53  112
27 54  112
27 55  112
27 56  112
27 57  112
27 58  112
27 59  112
27 60  112
27 61  112
27 62  112
27 63  112
28 0  110
28 1  110
28 2  110
28 3  110
28 4  110
28 5  110
28 6  110
28 7  110
28 8  110
28 9  110
28 10  110
28 11  110
28 12  110
28 13  110
28 14  110
28 15  110
28 16  110
28 17  110
28 18  110
28 19  110
28 20  110
28 21  110
28 22  110
28 23  110
28 24  110
28 25  110
28 26  110
28 27  110
28 28  110
28 29  110
28 30  110
28 31  110
28 32  110
28 33  110
28 34  110
28 35  111
28 36  111
28 37  111
28 38  111
28 39  111
28 40  111
28 41  111
28 42  111
28 43  111
28 44  111
28 45  111
28 46  111
28 47  111
28 48  111
28 49  111
28 50  111
28 51  111
28 52  111
28 53  111
28 54  111
28 55  111
28 56  111
28 57  111
28 58  111
28 59  111
28 60  111
28 61  111
28 62  111
28 63  111
29 0  101
29 1  101
29 2  101
29 3  101
29 4  101
29 5  101
29 6  101
29 7  101
29 8  101
29 9  101
29 10  101
29 11  101
29 12  101
29 13  101
29 14  101
29 15  101
29 16  101
29 17  101
29 18  101
29 19  101
29 20  101
29 21  101
29 22  101
29 23  101
29 24  101
29 25  101
29 26  101
29 27  101
29 28  101
29 29  101
29 30  101
29 31  101
29 32  101
29 33  101
29 34  101
29 35  110
29 36  110
29 37  110
29 38  110
29 39  110
29 40  110
29 41  110
29 42  110
29 43  110
29 44  110
29 45  110
29 46  110
29 47  110
29 48  110
29 49  110
29 50  110
29 51  110
29 52  110
29 53  110
29 54  110
29 55  110
29 56  110
29 57  110
29 58  110
29 59  110
29 60  110
29 61  110
29 62  110
29 63  110
30 0  110
30 1  110
30 2  110
30 3  110
30 4  110
30 5  110
30 6  110
30 7  110
30 8  110
30 9  110
30 10  110
30 11  110
30 12  110
30 13  110
30 14  110
30 15  110
30 16  110
30 17  110
30 18  110
30 19  110
30 20  110
30 21  110
30 22  110
30 23  110
30 24  110
30 25  110
30 26  110
30 27  110
30 28  110
30 29  110
30 30  110
30 31  110
30 32  110
30 33  110
30 34  110
30 35  101
30 36  101
30 37  101
30 38  101
30 39  101
30 40  101
30 41  101
30 42  101
30 43  101
30 44  101
30 45  101
30 46  101
30 47  101
30 48  101
30 49  101
30 50  101
30 51  101
30 52  101
30 53  101
30 54  101
30 55  101
30 56  101
30 57  101
30 58  101
30 59  101
30 60  101
30 61  101
30 62  101
30 63  101
31 0  116
31 1  116
31 2  116
31 3  116
31 4  116
31 5  116
31 6  116
31 7  116
31 8  116
31 9  116
31 10  116
31 11  116
31 12  116
31 13  116
31 14  116
31 15  116
31 16  116
31 17  116
31 18  116
31 19  116
31 20  116
31 21  116
31 22  116
31 23  116
31 24  116
31 25  116
31 26  116
31 27  116
31 28  116
31 29  116
31 30  116
31 31  116
31 32  116
31 33  116
31 34  116
31 35  110
31 36  110
31 37  110
31 38  110
31 39  110
31 40  110
31 41  110
31 42  110
31 43  110
31 44  110
31 45  110
31 46  110
31 47  110
31 48  110
31 49  110
31 50  110
31 51  110
31 52  110
31 53  110
31 54  110
31 55  110
31 56  110
31 57  110
31 58  110
31 59  110
31 60  110
31 61  110
31 62  110
31 63  110
32 0  32
32 1  32
32 2  32
32 3  32
32 4  32
32 5  32
32 6  32
32 7  32
32 8  32
32 9  32
32 10  32
32 11  32
32 12  32
32 13  32
32 14  32
32 15  32
32 16  32
32 17  32
32 18  32
32 19  32
32 20  32
32 21  32
32 22  32
32 23  32
32 24  32
32 25  32
32 26  32
32 27  32
32 28  32
32 29  32
32 30  32
32 31  32
32 32  32
32 33  32
32 34  32
32 35  116
32 36  116
32 37  116
32 38  116
32 39  116
32 40  116
32 41  116
32 42  116
32 43  116
32 44  116
32 45  116
32 46  116
32 47  116
32 48  116
32 49  116
32 50  116
32 51  116
32 52  116
32 53  116
32 54  116
32 55  116
32 56  116
32 57  116
32 58  116
32 59  116
32 60  116
32 61  116
32 62  116
32 63  116
33 0  50
33 1  50
33 2  50
33 3  50
33 4  50
33 5  50
33 6  50
33 7  50
33 8  50
33 9  50
33 10  50
33 11  50
33 12  50
33 13  50
33 14  50
33 15  50
33 16  50
33 17  50
33 18  50
33 19  50
33 20  50
33 21  50
33 22  50
33 23  50
33 24  50
33 25  50
33 26  50
33 27  50
33 28  50
33 29  50
33 30  50
33 31  50
33 32  50
33 33  50
33 34  50
33 35  32
33 36  32
33 37  32
33 38  32
33 39  32
33 40  32
33 41  32
33 42  32
33 43  32
33 44  32
33 45  32
33 46  32
33 47  32
33 48  32
33 49  32
33 50  32
33 51  32
33 52  32
33 53  32
33 54  32
33 55  32
33 56  32
33 57  32
33 58  32
33 59  32
33 60  32
33 61  32
33 62  32
33 63  32
34 0  32
34 1  32
34 2  32
34 3  32
34 4  32
34 5  32
34 6  32
34 7  32
34 8  32
34 9  32
34 10  32
34 11  32
34 12  32
34 13  32
34 14  32
34 15  32
34 16  32
34 17  32
34 18  32
34 19  32
34 20  32
34 21  32
34 22  32
34 23  32
34 24  32
34 25  32
34 26  32
34 27  32
34 28  32
34 29  32
34 30  32
34 31  32
34 32  32
34 33  32
34 34  32
34 35  50
34 36  50
34 37  50
34 38  51
34 39  51
34 40  51
34 41  51
34 42  51
34 43  51
34 44  51
34 45  51
34 46  51
34 47  51
34 48  51
34 49  51
34 50  51
34 51  51
34 52  51
34 53  51
34 54  51
34 55  51
34 56  51
34 57  51
34 58  51
34 59  51
34 60  51
34 61  51
34 62  51
34 63  51
35 0  67
35 1  67
35 2  67
35 3  67
35 4  67
35 5  67
35 6  67
35 7  67
35 8  67
35 9  67
35 10  67
35 11  67
35 12  67
35 13  67
35 14  67
35 15  67
35 16  67
35 17  67
35 18  67
35 19  67
35 20  67
35 21  67
35 22  67
35 23  67
35 24  67
35 25  67
35 26  67
35 27  67
35 28  67
35 29  67
35 30  67
35 31  67
35 32  67
35 33  67
35 34  67
35 35  32
35 36  32
35 37  32
35 38  32
35 39  32
35 40  32
35 41  32
35 42  32
35 43  32
35 44  32
35 45  32
35 46  32
35 47  32
35 48  32
35 49  32
35 50  32
35 51  32
35 52  32
35 53  32
35 54  32
35 55  32
35 56  32
35 57  32
35 58  32
35 59  32
35 60  32
35 61  32
35 62  32
35 63  32
36 0  111
36 1  111
36 2  111
36 3  111
36 4  111
36 5  111
36 6  111
36 7  111
36 8  111
36 9  111
36 10  111
36 11  111
36 12  111
36 13  111
36 14  111
36 15  111
36 16  111
36 17  111
36 18  111
36 19  111
36 20  111
36 21  111
36 22  111
36 23  111
36 24  111
36 25  111
36 26  111
36 27  111
36 28  111
36 29  111
36 30  111
36 31  111
36 32  111
36 33  111
36 34  111
36 35  67
36 36  67
36 37  78
36 38  67
36 39  67
36 40  67
36 41  67
36 42  67
36 43  67
36 44  67
36 45  67
36 46  67
36 47  67
36 48  67
36 49  67
36 50  67
36 51  67
36 52  67
36 53  67
36 54  67
36 55  67
36 56  67
36 57  67
36 58  67
36 59  67
36 60  67
36 61  67
36 62  67
36 63  67
37 0  108
37 1  108
37 2  108
37 3  108
37 4  108
37 5  108
37 6  108
37 7  108
37 8  108
37 9  108
37 10  108
37 11  108
37 12  108
37 13  108
37 14  108
37 15  108
37 16  108
37 17  108
37 18  108
37 19  108
37 20  108
37 21  108
37 22  108
37 23  108
37 24  108
37 25  108
37 26  108
37 27  108
37 28  108
37 29  108
37 30  108
37 31  108
37 32  108
37 33  108
37 34  108
37 35  111
37 36  111
37 37  111
37 38  111
37 39  111
37 40  111
37 41  111
37 42  111
37 43  111
37 44  111
37 45  111
37 46  111
37 47  111
37 48  111
37 49  111
37 50  111
37 51  111
37 52  111
37 53  111
37 54  111
37 55  111
37 56  111
37 57  111
37 58  111
37 59  111
37 60  111
37 61  111
37 62  111
37 63  111
38 0  108
38 1  108
38 2  108
38 3  108
38 4  108
38 5  108
38 6  108
38 7  108
38 8  108
38 9  108
38 10  108
38 11  108
38 12  108
38 13  108
38 14  108
38 15  108
38 16  108
38 17  108
38 18  108
38 19  108
38 20  108
38 21  108
38 22  108
38 23  108
38 24  108
38 25  108
38 26  108
38 27  108
38 28  108
38 29  108
38 30  108
38 31  108
38 32  108
38 33  108
38 34  108
38 35  108
38 36  108
38 37  110
38 38  108
38 39  108
38 40  108
38 41  108
38 42  108
38 43  108
38 44  108
38 45  108
38 46  108
38 47  108
38 48  108
38 49  108
38 50  108
38 51  108
38 52  108
38 53  108
38 54  108
38 55  108
38 56  108
38 57  108
38 58  108
38 59  108
38 60  108
38 61  108
38 62  108
38 63  108
39 0  111
39 1  111
39 2  111
39 3  111
39 4  111
39 5  111
39 6  111
39 7  111
39 8  111
39 9  111
39 10  111
39 11  111
39 12  111
39 13  111
39 14  111
39 15  111
39 16  111
39 17  111
39 18  111
39 19  111
39 20  111
39 21  111
39 22  111
39 23  111
39 24  111
39 25  111
39 26  111
39 27  111
39 28  111
39 29  111
39 30  111
39 31  111
39 32  111
39 33  111
39 34  111
39 35  108
39 36  108
39 37  99
39 38  108
39 39  108
39 40  108
39 41  108
39 42  108
39 43  108
39 44  108
39 45  108
39 46  108
39 47  108
39 48  108
39 49  108
39 50  108
39 51  108
39 52  108
39 53  108
39 54  108
39 55  108
39 56  108
39 57  108
39 58  108
39 59  108
39 60  108
39 61  108
39 62  108
39 63  108
40 0  99
40 1  99
40 2  99
40 3  99
40 4  99
40 5  99
40 6  99
40 7  99
40 8  99
40 9  99
40 10  99
40 11  99
40 12  99
40 13  99
40 14  99
40 15  99
40 16  99
40 17  99
40 18  99
40 19  99
40 20  99
40 21  99
40 22  99
40 23  99
40 24  99
40 25  99
40 26  99
40 27  99
40 28  99
40 29  99
40 30  99
40 31  99
40 32  99
40 33  99
40 34  99
40 35  111
40 36  111
40 37  111
40 38  111
40 39  111
40 40  111
40 41  111
40 42  111
40 43  111
40 44  111
40 45  111
40 46  111
40 47  111
40 48  111
40 49  111
40 50  111
40 51  111
40 52  111
40 53  111
40 54  111
40 55  111
40 56  111
40 57  111
40 58  111
40 59  111
40 60  111
40 61  111
40 62  111
40 63  111
41 0  97
41 1  97
41 2  97
41 3  97
41 4  97
41 5  97
41 6  97
41 7  97
41 8  97
41 9  97
41 10  97
41 11  97
41 12  97
41 13  97
41 14  97
41 15  97
41 16  97
41 17  97
41 18  97
41 19  97
41 20  97
41 21  97
41 22  97
41 23  97
41 24  97
41 25  97
41 26  97
41 27  97
41 28  97
41 29  97
41 30  97
41 31  97
41 32  97
41 33  97
41 34  97
41 35  99
41 36  99
41 37  108
41 38  99
41 39  99
41 40  99
41 41  99
41 42  99
41 43  99
41 44  99
41 45  99
41 46  99
41 47  99
41 48  99
41 49  99
41 50  99
41 51  99
41 52  99
41 53  99
41 54  99
41 55  99
41 56  99
41 57  99
41 58  99
41 59  99
41 60  99
41 61  99
41 62  99
41 63  99
42 0  116
42 1  116
42 2  116
42 3  116
42 4  116
42 5  116
42 6  116
42 7  116
42 8  116
42 9  116
42 10  116
42 11  116
42 12  116
42 13  116
42 14  116
42 15  116
42 16  116
42 17  116
42 18  116
42 19  116
42 20  116
42 21  116
42 22  116
42 23  116
42 24  116
42 25  116
42 26  116
42 27  116
42 28  116
42 29  116
42 30  116
42 31  116
42 32  116
42 33  116
42 34  116
42 35  97
42 36  97
42 37  108
42 38  97
42 39  97
42 40  97
42 41  97
42 42  97
42 43  97
42 44  97
42 45  97
42 46  97
42 47  97
42 48  97
42 49  97
42 50  97
42 51  97
42 52  97
42 53  97
42 54  97
42 55  97
42 56  97
42 57  97
42 58  97
42 59  97
42 60  97
42 61  97
42 62  97
42 63  97
43 0  105
43 1  105
43 2  105
43 3  105
43 4  105
43 5  105
43 6  105
43 7  105
43 8  105
43 9  105
43 10  105
43 11  105
43 12  105
43 13  105
43 14  105
43 15  105
43 16  105
43 17  105
43 18  105
43 19  105
43 20  105
43 21  105
43 22  105
43 23  105
43 24  105
43 25  105
43 26  105
43 27  105
43 28  105
43 29  105
43 30  105
43 31  105
43 32  105
43 33  105
43 34  105
43 35  116
43 36  116
43 37  111
43 38  116
43 39  116
43 40  116
43 41  116
43 42  116
43 43  116
43 44  116
43 45  116
43 46  116
43 47  116
43 48  116
43 49  116
43 50  116
43 51  116
43 52  116
43 53  116
43 54  116
43 55  116
43 56  116
43 57  116
43 58  116
43 59  116
43 60  116
43 61  116
43 62  116
43 63  116
44 0  111
44 1  111
44 2  111
44 3  111
44 4  111
44 5  111
44 6  111
44 7  111
44 8  111
44 9  111
44 10  111
44 11  111
44 12  111
44 13  111
44 14  111
44 15  111
44 16  111
44 17  111
44 18  111
44 19  111
44 20  111
44 21  111
44 22  111
44 23  111
44 24  111
44 25  111
44 26  111
44 27  111
44 28  111
44 29  111
44 30  111
44 31  111
44 32  111
44 33  111
44 34  111
44 35  105
44 36  105
44 37  99
44 38  105
44 39  105
44 40  105
44 41  105
44 42  105
44 43  105
44 44  105
44 45  105
44 46  105
44 47  105
44 48  105
44 49  105
44 50  105
44 51  105
44 52  105
44 53  105
44 54  105
44 55  105
44 56  105
44 57  105
44 58  105
44 59  105
44 60  105
44 61  105
44 62  105
44 63  105
45 0  110
45 1  110
45 2  110
45 3  110
45 4  110
45 5  110
45 6  110
45 7  110
45 8  110
45 9  110
45 10  110
45 11  110
45 12  110
45 13  110
45 14  110
45 15  110
45 16  110
45 17  110
45 18  110
45 19  110
45 20  110
45 21  110
45 22  110
45 23  110
45 24  110
45 25  110
45 26  110
45 27  110
45 28  110
45 29  110
45 30  110
45 31  110
45 32  110
45 33  110
45 34  110
45 35  111
45 36  111
45 37  97
45 38  111
45 39  111
45 40  111
45 41  111
45 42  111
45 43  111
45 44  111
45 45  111
45 46  111
45 47  111
45 48  111
45 49  111
45 50  111
45 51  111
45 52  111
45 53  111
45 54  111
45 55  111
45 56  111
45 57  111
45 58  111
45 59  111
45 60  111
45 61  111
45 62  111
45 63  111
46 0  32
46 1  32
46 2  32
46 3  32
46 4  32
46 5  32
46 6  32
46 7  32
46 8  32
46 9  32
46 10  32
46 11  32
46 12  32
46 13  32
46 14  32
46 15  32
46 16  32
46 17  32
46 18  32
46 19  32
46 20  32
46 21  32
46 22  32
46 23  32
46 24  32
46 25  32
46 26  32
46 27  32
46 28  32
46 29  32
46 30  32
46 31  32
46 32  32
46 33  32
46 34  32
46 35  110
46 36  110
46 37  116
46 38  110
46 39  110
46 40  110
46 41  110
46 42  110
46 43  110
46 44  110
46 45  110
46 46  110
46 47  110
46 48  110
46 49  110
46 50  110
46 51  110
46 52  110
46 53  110
46 54  110
46 55  110
46 56  110
46 57  110
46 58  110
46 59  110
46 60  110
46 61  110
46 62  110
46 63  110
47 0  80
47 1  80
47 2  80
47 3  80
47 4  80
47 5  80
47 6  80
47 7  80
47 8  80
47 9  80
47 10  80
47 11  80
47 12  80
47 13  80
47 14  80
47 15  80
47 16  80
47 17  80
47 18  80
47 19  80
47 20  80
47 21  80
47 22  80
47 23  80
47 24  80
47 25  80
47 26  80
47 27  80
47 28  80
47 29  80
47 30  80
47 31  80
47 32  80
47 33  80
47 34  80
47 35  32
47 36  32
47 37  101
47 38  32
47 39  32
47 40  32
47 41  32
47 42  32
47 43  32
47 44  32
47 45  32
47 46  32
47 47  32
47 48  32
47 49  32
47 50  32
47 51  32
47 52  32
47 53  32
47 54  32
47 55  32
47 56  32
47 57  32
47 58  32
47 59  32
47 60  32
47 61  32
47 62  32
47 63  32
48 0  111
48 1  111
48 2  111
48 3  111
48 4  111
48 5  111
48 6  111
48 7  111
48 8  111
48 9  111
48 10  111
48 11  111
48 12  111
48 13  111
48 14  111
48 15  111
48 16  111
48 17  111
48 18  111
48 19  111
48 20  111
48 21  111
48 22  111
48 23  111
48 24  111
48 25  111
48 26  111
48 27  111
48 28  111
48 29  111
48 30  111
48 31  111
48 32  111
48 33  111
48 34  111
48 35  80
48 36  80
48 37  100
48 38  80
48 39  80
48 40  80
48 41  80
48 42  80
48 43  80
48 44  80
48 45  80
48 46  80
48 47  80
48 48  80
48 49  80
48 50  80
48 51  80
48 52  80
48 53  80
48 54  80
48 55  80
48 56  80
48 57  80
48 58  80
48 59  80
48 60  80
48 61  80
48 62  80
48 63  80
49 0  105
49 1  105
49 2  105
49 3  105
49 4  105
49 5  105
49 6  105
49 7  105
49 8  105
49 9  105
49 10  105
49 11  105
49 12  105
49 13  105
49 14  105
49 15  105
49 16  105
49 17  105
49 18  105
49 19  105
49 20  105
49 21  105
49 22  105
49 23  105
49 24  105
49 25  105
49 26  105
49 27  105
49 28  105
49 29  105
49 30  105
49 31  105
49 32  105
49 33  105
49 34  105
49 35  111
49 36  111
49 37  32
49 38  111
49 39  111
49 40  111
49 41  111
49 42  111
49 43  111
49 44  111
49 45  111
49 46  111
49 47  111
49 48  111
49 49  111
49 50  111
49 51  111
49 52  111
49 53  111
49 54  111
49 55  111
49 56  111
49 57  111
49 58  111
49 59  111
49 60  111
49 61  111
49 62  111
49 63  111
50 0  110
50 1  110
50 2  110
50 3  110
50 4  110
50 5  110
50 6  110
50 7  110
50 8  110
50 9  110
50 10  110
50 11  110
50 12  110
50 13  110
50 14  110
50 15  110
50 16  110
50 17  110
50 18  110
50 19  110
50 20  110
50 21  110
50 22  110
50 23  110
50 24  110
50 25  110
50 26  110
50 27  110
50 28  110
50 29  110
50 30  110
50 31  110
50 32  110
50 33  110
50 34  110
50 35  105
50 36  105
50 37  112
50 38  105
50 39  105
50 40  105
50 41  105
50 42  105
50 43  105
50 44  105
50 45  105
50 46  105
50 47  105
50 48  105
50 49  105
50 50  105
50 51  105
50 52  105
50 53  105
50 54  105
50 55  105
50 56  105
50 57  105
50 58  105
50 59  105
50 60  105
50 61  105
50 62  105
50 63  105
51 0  116
51 1  116
51 2  116
51 3  116
51 4  116
51 5  116
51 6  116
51 7  116
51 8  116
51 9  116
51 10  116
51 11  116
51 12  116
51 13  116
51 14  116
51 15  116
51 16  116
51 17  116
51 18  116
51 19  116
51 20  116
51 21  116
51 22  116
51 23  116
51 24  116
51 25  116
51 26  116
51 27  116
51 28  116
51 29  116
51 30  116
51 31  116
51 32  116
51 33  116
51 34  116
51 35  110
51 36  110
51 37  111
51 38  110
51 39  110
51 40  110
51 41  110
51 42  110
51 43  110
51 44  110
51 45  110
51 46  110
51 47  110
51 48  110
51 49  110
51 50  110
51 51  110
51 52  110
51 53  110
51 54  110
51 55  110
51 56  110
51 57  110
51 58  110
51 59  110
51 60  110
51 61  110
51 62  110
51 63  110
52 0  32
52 1  32
52 2  32
52 3  32
52 4  32
52 5  32
52 6  32
52 7  32
52 8  32
52 9  32
52 10  32
52 11  32
52 12  32
52 13  32
52 14  32
52 15  32
52 16  32
52 17  32
52 18  32
52 19  32
52 20  32
52 21  32
52 22  32
52 23  32
52 24  32
52 25  32
52 26  32
52 27  32
52 28  32
52 29  32
52 30  32
52 31  32
52 32  32
52 33  32
52 34  32
52 35  116
52 36  116
52 37  105
52 38  116
52 39  116
52 40  116
52 41  116
52 42  116
52 43  116
52 44  116
52 45  116
52 46  116
52 47  116
52 48  116
52 49  116
52 50  116
52 51  116
52 52  116
52 53  116
52 54  116
52 55  116
52 56  116
52 57  116
52 58  116
52 59  116
52 60  116
52 61  116
52 62  116
52 63  116
53 0  50
53 1  51
53 2  49
53 3  50
53 4  51
53 5  49
53 6  50
53 7  51
53 8  49
53 9  50
53 10  51
53 11  49
53 12  50
53 13  51
53 14  52
53 15  53
53 16  49
53 17  50
53 18  51
53 19  49
53 20  50
53 21  51
53 22  49
53 23  50
53 24  51
53 25  49
53 26  50
53 27  51
53 28  49
53 29  50
53 30  51
53 31  49
53 32  50
53 33  51
53 34  49
53 35  32
53 36  32
53 37  110
53 38  32
53 39  32
53 40  32
53 41  32
53 42  32
53 43  32
53 44  32
53 45  32
53 46  32
53 47  32
53 48  32
53 49  32
53 50  32
53 51  32
53 52  32
53 53  32
53 54  32
53 55  32
53 56  32
53 57  32
53 58  32
53 59  32
53 60  32
53 61  32
53 62  32
53 63  32
54 0  32
54 1  32
54 2  32
54 3  32
54 4  32
54 5  32
54 6  32
54 7  32
54 8  32
54 9  32
54 10  32
54 11  32
54 12  32
54 13  32
54 14  32
54 15  32
54 16  32
54 17  32
54 18  32
54 19  32
54 20  32
54 21  32
54 22  32
54 23  32
54 24  32
54 25  32
54 26  32
54 27  32
54 28  32
54 29  32
54 30  32
54 31  32
54 32  32
54 33  32
54 34  32
54 35  50
54 36  51
54 37  116
54 38  50
54 39  51
54 40  49
54 41  50
54 42  51
54 43  49
54 44  50
54 45  51
54 46  52
54 47  49
54 48  50
54 49  51
54 50  49
54 51  50
54 52  51
54 53  49
54 54  50
54 55  51
54 56  49
54 57  50
54 58  51
54 59  49
54 60  50
54 61  51
54 62  49
54 63  50
55 0  73
55 1  73
55 2  73
55 3  73
55 4  73
55 5  73
55 6  73
55 7  73
55 8  73
55 9  73
55 10  73
55 11  73
55 12  73
55 13  73
55 14  73
55 15  73
55 16  73
55 17  73
55 18  73
55 19  73
55 20  73
55 21  73
55 22  73
55 23  73
55 24  73
55 25  73
55 26  73
55 27  73
55 28  73
55 29  73
55 30  73
55 31  73
55 32  73
55 33  73
55 34  73
55 35  32
55 36  32
55 37  32
55 38  32
55 39  32
55 40  32
55 41  32
55 42  32
55 43  32
55 44  32
55 45  32
55 46  32
55 47  32
55 48  32
55 49  32
55 50  32
55 51  32
55 52  32
55 53  32
55 54  32
55 55  32
55 56  32
55 57  32
55 58  32
55 59  32
55 60  32
55 61  32
55 62  32
55 63  32
56 0  110
56 1  110
56 2  110
56 3  110
56 4  110
56 5  110
56 6  110
56 7  110
56 8  110
56 9  110
56 10  110
56 11  110
56 12  110
56 13  110
56 14  110
56 15  110
56 16  110
56 17  110
56 18  110
56 19  110
56 20  110
56 21  110
56 22  110
56 23  110
56 24  110
56 25  110
56 26  110
56 27  110
56 28  110
56 29  110
56 30  110
56 31  110
56 32  110
56 33  110
56 34  110
56 35  73
56 36  73
56 37  111
56 38  73
56 39  73
56 40  73
56 41  73
56 42  73
56 43  73
56 44  73
56 45  73
56 46  73
56 47  73
56 48  73
56 49  73
56 50  73
56 51  73
56 52  73
56 53  73
56 54  73
56 55  73
56 56  73
56 57  73
56 58  73
56 59  73
56 60  73
56 61  73
56 62  73
56 63  73
57 0  116
57 1  116
57 2  116
57 3  116
57 4  116
57 5  116
57 6  116
57 7  116
57 8  116
57 9  116
57 10  116
57 11  116
57 12  116
57 13  116
57 14  116
57 15  116
57 16  116
57 17  116
57 18  116
57 19  116
57 20  116
57 21  116
57 22  116
57 23  116
57 24  116
57 25  116
57 26  116
57 27  116
57 28  116
57 29  116
57 30  116
57 31  116
57 32  116
57 33  116
57 34  116
57 35  110
57 36  110
57 37  102
57 38  110
57 39  110
57 40  110
57 41  110
57 42  110
57 43  110
57 44  110
57 45  110
57 46  110
57 47  110
57 48  110
57 49  110
57 50  110
57 51  110
57 52  110
57 53  110
57 54  110
57 55  110
57 56  110
57 57  110
57 58  110
57 59  110
57 60  110
57 61  110
57 62  110
57 63  110
58 0  101
58 1  101
58 2  101
58 3  101
58 4  101
58 5  101
58 6  101
58 7  101
58 8  101
58 9  101
58 10  101
58 11  101
58 12  101
58 13  101
58 14  101
58 15  101
58 16  101
58 17  101
58 18  101
58 19  101
58 20  101
58 21  101
58 22  101
58 23  101
58 24  101
58 25  101
58 26  101
58 27  101
58 28  101
58 29  101
58 30  101
58 31  101
58 32  101
58 33  101
58 34  101
58 35  116
58 36  116
58 37  32
58 38  116
58 39  116
58 40  116
58 41  116
58 42  116
58 43  116
58 44  116
58 45  116
58 46  116
58 47  116
58 48  116
58 49  116
58 50  116
58 51  116
58 52  116
58 53  116
58 54  116
58 55  116
58 56  116
58 57  116
58 58  116
58 59  116
58 60  116
58 61  116
58 62  116
58 63  116
59 0  114
59 1  114
59 2  114
59 3  114
59 4  114
59 5  114
59 6  114
59 7  114
59 8  114
59 9  114
59 10  114
59 11  114
59 12  114
59 13  114
59 14  114
59 15  114
59 16  114
59 17  114
59 18  114
59 19  114
59 20  114
59 21  114
59 22  114
59 23  114
59 24  114
59 25  114
59 26  114
59 27  114
59 28  114
59 29  114
59 30  114
59 31  114
59 32  114
59 33  114
59 34  114
59 35  101
59 36  101
59 37  105
59 38  101
59 39  101
59 40  101
59 41  101
59 42  101
59 43  101
59 44  101
59 45  101
59 46  101
59 47  101
59 48  101
59 49  101
59 50  101
59 51  101
59 52  101
59 53  101
59 54  101
59 55  101
59 56  101
59 57  101
59 58  101
59 59  101
59 60  101
59 61  101
59 62  101
59 63  101
60 0  118
60 1  118
60 2  118
60 3  118
60 4  118
60 5  118
60 6  118
60 7  118
60 8  118
60 9  118
60 10  118
60 11  118
60 12  118
60 13  118
60 14  118
60 15  118
60 16  118
60 17  118
60 18  118
60 19  118
60 20  118
60 21  118
60 22  118
60 23  118
60 24  118
60 25  118
60 26  118
60 27  118
60 28  118
60 29  118
60 30  118
60 31  118
60 32  118
60 33  118
60 34  118
60 35  114
60 36  114
60 37  110
60 38  114
60 39  114
60 40  114
60 41  114
60 42  114
60 43  114
60 44  114
60 45  114
60 46  114
60 47  114
60 48  114
60 49  114
60 50  114
60 51  114
60 52  114
60 53  114
60 54  114
60 55  114
60 56  114
60 57  114
60 58  114
60 59  114
60 60  114
60 61  114
60 62  114
60 63  114
61 0  97
61 1  97
61 2  97
61 3  97
61 4  97
61 5  97
61 6  97
61 7  97
61 8  97
61 9  97
61 10  97
61 11  97
61 12  97
61 13  97
61 14  97
61 15  97
61 16  97
61 17  97
61 18  97
61 19  97
61 20  97
61 21  97
61 22  97
61 23  97
61 24  97
61 25  97
61 26  97
61 27  97
61 28  97
61 29  97
61 30  97
61 31  97
61 32  97
61 33  97
61 34  97
61 35  118
61 36  118
61 37  116
61 38  118
61 39  118
61 40  118
61 41  118
61 42  118
61 43  118
61 44  118
61 45  118
61 46  118
61 47  118
61 48  118
61 49  118
61 50  118
61 51  118
61 52  118
61 53  118
61 54  118
61 55  118
61 56  118
61 57  118
61 58  118
61 59  118
61 60  118
61 61  118
61 62  118
61 63  118
62 0  108
62 1  108
62 2  108
62 3  108
62 4  108
62 5  108
62 6  108
62 7  108
62 8  108
62 9  108
62 10  108
62 11  108
62 12  108
62 13  108
62 14  108
62 15  108
62 16  108
62 17  108
62 18  108
62 19  108
62 20  108
62 21  108
62 22  108
62 23  108
62 24  108
62 25  108
62 26  108
62 27  108
62 28  108
62 29  108
62 30  108
62 31  108
62 32  108
62 33  108
62 34  108
62 35  97
62 36  97
62 37  101
62 38  97
62 39  97
62 40  97
62 41  97
62 42  97
62 43  97
62 44  97
62 45  97
62 46  97
62 47  97
62 48  97
62 49  97
62 50  97
62 51  97
62 52  97
62 53  97
62 54  97
62 55  97
62 56  97
62 57  97
62 58  97
62 59  97
62 60  97
62 61  97
62 62  97
62 63  97
63 0  32
63 1  32
63 2  32
63 3  32
63 4  32
63 5  32
63 6  32
63 7  32
63 8  32
63 9  32
63 10  32
63 11  32
63 12  32
63 13  32
63 14  32
63 15  32
63 16  32
63 17  32
63 18  32
63 19  32
63 20  32
63 21  32
63 22  32
63 23  32
63 24  32
63 25  32
63 26  32
63 27  32
63 28  32
63 29  32
63 30  32
63 31  32
63 32  32
63 33  32
63 34  32
63 35  108
63 36  108
63 37  114
63 38  108
63 39  108
63 40  108
63 41  108
63 42  108
63 43  108
63 44  108
63 45  108
63 46  108
63 47  108
63 48  108
63 49  108
63 50  108
63 51  108
63 52  108
63 53  108
63 54  108
63 55  108
63 56  108
63 57  108
63 58  108
63 59  108
63 60  108
63 61  108
63 62  108
63 63  108
