94 -92 99 97 13 -84 33 -83 -37 11 9 11 23 -77 19 -62 54 -64 -19 -75 89 67 50 84 8 37 82 58 72 34 -82 -94 -24 30 84 81 0 0 0 0 0 0 0 0 0 0 0 0 0 0 0 0 0 0 0 0 0 0 0 0 0 0 0 0
0 94 0 99 0 13 0 33 0 -37 0 9 0 23 0 19 0 54 0 -19 0 89 0 50 0 8 0 82 0 72 0 -82 0 -24 0 84 -92 97 -84 -83 11 11 -77 -62 -64 -75 67 84 37 58 34 -94 30 81 0 0 0 0 0 0 0 0 0 0
0 0 0 0 0 0 0 0 0 0 0 0 0 0 0 0 0 0 0 0 0 0 0 0 0 0 0 0 0 0 0 0 0 0 0 0 94 99 13 33 -37 9 23 19 54 -19 89 50 8 82 72 -82 -24 84 0 0 0 0 0 0 0 0 0 0
0 0 94 -92 0 0 13 -84 0 0 -37 11 0 0 23 -77 0 0 54 -64 0 0 89 67 0 0 8 37 0 0 72 34 0 0 -24 30 0 0 0 0 0 0 0 0 0 0 0 0 0 0 0 0 0 0 0 0 99 0 0 33 0 0 9 0
0 0 0 94 0 0 0 13 0 0 0 -37 0 0 0 23 0 0 0 54 0 0 0 89 0 0 0 8 0 0 0 72 0 0 0 -24 0 -92 0 -84 0 11 0 -77 0 -64 0 67 0 37 0 34 0 30 0 0 0 0 0 0 0 0 0 0
0 0 0 0 0 0 0 0 0 0 0 0 0 0 0 0 0 0 0 0 0 0 0 0 0 0 0 0 0 0 0 0 0 0 0 0 0 94 0 13 0 -37 0 23 0 54 0 89 0 8 0 72 0 -24 0 0 0 0 0 0 0 0 0 0
0 0 0 0 94 -92 99 97 13 -84 33 -83 0 0 0 0 23 -77 19 -62 54 -64 -19 -75 0 0 0 0 8 37 82 58 72 34 -82 -94 0 0 0 0 0 0 0 0 0 0 0 0 0 0 0 0 0 0 0 0 0 0 0 0 0 0 0 0
0 0 0 0 0 94 0 99 0 13 0 33 0 0 0 0 0 23 0 19 0 54 0 -19 0 0 0 0 0 8 0 82 0 72 0 -82 0 0 -92 97 -84 -83 0 0 -77 -62 -64 -75 0 0 37 58 34 -94 0 0 0 0 0 0 0 0 0 0
0 0 0 0 0 0 0 0 0 0 0 0 0 0 0 0 0 0 0 0 0 0 0 0 0 0 0 0 0 0 0 0 0 0 0 0 0 0 94 99 13 33 0 0 23 19 54 -19 0 0 8 82 72 -82 0 0 0 0 0 0 0 0 0 0
0 0 0 0 0 0 94 -92 0 0 13 -84 0 0 0 0 0 0 23 -77 0 0 54 -64 0 0 0 0 0 0 8 37 0 0 72 34 0 0 0 0 0 0 0 0 0 0 0 0 0 0 0 0 0 0 0 0 0 0 0 99 0 0 33 0
0 0 0 0 0 0 0 94 0 0 0 13 0 0 0 0 0 0 0 23 0 0 0 54 0 0 0 0 0 0 0 8 0 0 0 72 0 0 0 -92 0 -84 0 0 0 -77 0 -64 0 0 0 37 0 34 0 0 0 0 0 0 0 0 0 0
0 0 0 0 0 0 0 0 0 0 0 0 0 0 0 0 0 0 0 0 0 0 0 0 0 0 0 0 0 0 0 0 0 0 0 0 0 0 0 94 0 13 0 0 0 23 0 54 0 0 0 8 0 72 0 0 0 0 0 0 0 0 0 0
0 0 0 0 0 0 0 0 94 -92 99 97 0 0 0 0 0 0 0 0 23 -77 19 -62 0 0 0 0 0 0 0 0 8 37 82 58 0 0 0 0 0 0 0 0 0 0 0 0 0 0 0 0 0 0 0 0 0 0 0 0 0 0 0 0
0 0 0 0 0 0 0 0 0 94 0 99 0 0 0 0 0 0 0 0 0 23 0 19 0 0 0 0 0 0 0 0 0 8 0 82 0 0 0 0 -92 97 0 0 0 0 -77 -62 0 0 0 0 37 58 0 0 0 0 0 0 0 0 0 0
0 0 0 0 0 0 0 0 0 0 0 0 0 0 0 0 0 0 0 0 0 0 0 0 0 0 0 0 0 0 0 0 0 0 0 0 0 0 0 0 94 99 0 0 0 0 23 19 0 0 0 0 8 82 0 0 0 0 0 0 0 0 0 0
0 0 0 0 0 0 0 0 0 0 94 -92 0 0 0 0 0 0 0 0 0 0 23 -77 0 0 0 0 0 0 0 0 0 0 8 37 0 0 0 0 0 0 0 0 0 0 0 0 0 0 0 0 0 0 0 0 0 0 0 0 0 0 99 0
0 0 0 0 0 0 0 0 0 0 0 94 0 0 0 0 0 0 0 0 0 0 0 23 0 0 0 0 0 0 0 0 0 0 0 8 0 0 0 0 0 -92 0 0 0 0 0 -77 0 0 0 0 0 37 0 0 0 0 0 0 0 0 0 0
0 0 0 0 0 0 0 0 0 0 0 0 0 0 0 0 0 0 0 0 0 0 0 0 0 0 0 0 0 0 0 0 0 0 0 0 0 0 0 0 0 94 0 0 0 0 0 23 0 0 0 0 0 8 0 0 0 0 0 0 0 0 0 0
-75 0 0 0 84 0 0 0 0 0 0 0 -94 0 0 0 81 0 0 0 0 0 0 0 0 0 0 0 0 0 0 0 0 0 0 0 0 0 0 0 0 0 0 0 0 0 0 0 0 0 0 0 0 0 0 0 0 0 0 0 0 0 0 0
-19 -75 0 0 50 84 0 0 0 0 0 0 -82 -94 0 0 84 81 0 0 0 0 0 0 0 0 0 0 0 0 0 0 0 0 0 0 0 0 0 0 0 0 0 0 0 0 0 0 0 0 0 0 0 0 0 0 0 0 0 0 0 0 0 0
0 -19 0 0 0 50 0 0 0 0 0 0 0 -82 0 0 0 84 0 0 0 0 0 0 0 0 0 0 0 0 0 0 0 0 0 0 -75 0 84 0 0 0 -94 0 81 0 0 0 0 0 0 0 0 0 0 0 0 0 0 0 0 0 0 0
0 0 0 0 0 0 0 0 0 0 0 0 0 0 0 0 0 0 0 0 0 0 0 0 0 0 0 0 0 0 0 0 0 0 0 0 -19 0 50 0 0 0 -82 0 84 0 0 0 0 0 0 0 0 0 0 0 0 0 0 0 0 0 0 0
-64 0 -75 0 67 0 84 0 0 0 0 0 34 0 -94 0 30 0 81 0 0 0 0 0 0 0 0 0 0 0 0 0 0 0 0 0 0 0 0 0 0 0 0 0 0 0 0 0 0 0 0 0 0 0 -19 0 0 50 0 0 0 0 0 -82
54 -64 -19 -75 89 67 50 84 0 0 0 0 72 34 -82 -94 -24 30 84 81 0 0 0 0 0 0 0 0 0 0 0 0 0 0 0 0 0 0 0 0 0 0 0 0 0 0 0 0 0 0 0 0 0 0 0 0 0 0 0 0 0 0 0 0
0 54 0 -19 0 89 0 50 0 0 0 0 0 72 0 -82 0 -24 0 84 0 0 0 0 0 0 0 0 0 0 0 0 0 0 0 0 -64 -75 67 84 0 0 34 -94 30 81 0 0 0 0 0 0 0 0 0 0 0 0 0 0 0 0 0 0
0 0 0 0 0 0 0 0 0 0 0 0 0 0 0 0 0 0 0 0 0 0 0 0 0 0 0 0 0 0 0 0 0 0 0 0 54 -19 89 50 0 0 72 -82 -24 84 0 0 0 0 0 0 0 0 0 0 0 0 0 0 0 0 0 0
0 0 -64 0 0 0 67 0 0 0 0 0 0 0 34 0 0 0 30 0 0 0 0 0 0 0 0 0 0 0 0 0 0 0 0 0 0 0 0 0 0 0 0 0 0 0 0 0 0 0 0 0 0 0 54 -19 -75 89 50 84 0 0 0 72
0 0 54 -64 0 0 89 67 0 0 0 0 0 0 72 34 0 0 -24 30 0 0 0 0 0 0 0 0 0 0 0 0 0 0 0 0 0 0 0 0 0 0 0 0 0 0 0 0 0 0 0 0 0 0 0 0 -19 0 0 50 0 0 0 0
0 0 0 54 0 0 0 89 0 0 0 0 0 0 0 72 0 0 0 -24 0 0 0 0 0 0 0 0 0 0 0 0 0 0 0 0 0 -64 0 67 0 0 0 34 0 30 0 0 0 0 0 0 0 0 0 0 0 0 0 0 0 0 0 0
0 0 0 0 0 0 0 0 0 0 0 0 0 0 0 0 0 0 0 0 0 0 0 0 0 0 0 0 0 0 0 0 0 0 0 0 0 54 0 89 0 0 0 72 0 -24 0 0 0 0 0 0 0 0 0 0 0 0 0 0 0 0 0 0
-62 0 0 0 -75 0 0 0 84 0 0 0 58 0 0 0 -94 0 0 0 81 0 0 0 0 0 0 0 0 0 0 0 0 0 0 0 0 0 0 0 0 0 0 0 0 0 0 0 0 0 0 0 0 0 0 0 0 0 0 0 0 0 0 0
19 -62 0 0 -19 -75 0 0 50 84 0 0 82 58 0 0 -82 -94 0 0 84 81 0 0 0 0 0 0 0 0 0 0 0 0 0 0 0 0 0 0 0 0 0 0 0 0 0 0 0 0 0 0 0 0 0 0 0 0 0 0 0 0 0 0
0 19 0 0 0 -19 0 0 0 50 0 0 0 82 0 0 0 -82 0 0 0 84 0 0 0 0 0 0 0 0 0 0 0 0 0 0 -62 0 -75 0 84 0 58 0 -94 0 81 0 0 0 0 0 0 0 0 0 0 0 0 0 0 0 0 0
0 0 0 0 0 0 0 0 0 0 0 0 0 0 0 0 0 0 0 0 0 0 0 0 0 0 0 0 0 0 0 0 0 0 0 0 19 0 -19 0 50 0 82 0 -82 0 84 0 0 0 0 0 0 0 0 0 0 0 0 0 0 0 0 0
-77 0 -62 0 -64 0 -75 0 67 0 84 0 37 0 58 0 34 0 -94 0 30 0 81 0 0 0 0 0 0 0 0 0 0 0 0 0 0 0 0 0 0 0 0 0 0 0 0 0 0 0 0 0 0 0 19 0 0 -19 0 0 50 0 0 82
23 -77 19 -62 54 -64 -19 -75 89 67 50 84 8 37 82 58 72 34 -82 -94 -24 30 84 81 0 0 0 0 0 0 0 0 0 0 0 0 0 0 0 0 0 0 0 0 0 0 0 0 0 0 0 0 0 0 0 0 0 0 0 0 0 0 0 0
0 23 0 19 0 54 0 -19 0 89 0 50 0 8 0 82 0 72 0 -82 0 -24 0 84 0 0 0 0 0 0 0 0 0 0 0 0 -77 -62 -64 -75 67 84 37 58 34 -94 30 81 0 0 0 0 0 0 0 0 0 0 0 0 0 0 0 0
0 0 0 0 0 0 0 0 0 0 0 0 0 0 0 0 0 0 0 0 0 0 0 0 0 0 0 0 0 0 0 0 0 0 0 0 23 19 54 -19 89 50 8 82 72 -82 -24 84 0 0 0 0 0 0 0 0 0 0 0 0 0 0 0 0
0 0 -77 0 0 0 -64 0 0 0 67 0 0 0 37 0 0 0 34 0 0 0 30 0 0 0 0 0 0 0 0 0 0 0 0 0 0 0 0 0 0 0 0 0 0 0 0 0 0 0 0 0 0 0 23 19 -62 54 -19 -75 89 50 84 8
0 0 23 -77 0 0 54 -64 0 0 89 67 0 0 8 37 0 0 72 34 0 0 -24 30 0 0 0 0 0 0 0 0 0 0 0 0 0 0 0 0 0 0 0 0 0 0 0 0 0 0 0 0 0 0 0 0 19 0 0 -19 0 0 50 0
0 0 0 23 0 0 0 54 0 0 0 89 0 0 0 8 0 0 0 72 0 0 0 -24 0 0 0 0 0 0 0 0 0 0 0 0 0 -77 0 -64 0 67 0 37 0 34 0 30 0 0 0 0 0 0 0 0 0 0 0 0 0 0 0 0
0 0 0 0 0 0 0 0 0 0 0 0 0 0 0 0 0 0 0 0 0 0 0 0 0 0 0 0 0 0 0 0 0 0 0 0 0 23 0 54 0 89 0 8 0 72 0 -24 0 0 0 0 0 0 0 0 0 0 0 0 0 0 0 0
0 0 0 0 -62 0 0 0 -75 0 0 0 0 0 0 0 58 0 0 0 -94 0 0 0 0 0 0 0 0 0 0 0 0 0 0 0 0 0 0 0 0 0 0 0 0 0 0 0 0 0 0 0 0 0 0 0 0 0 0 0 0 0 0 0
0 0 0 0 19 -62 0 0 -19 -75 0 0 0 0 0 0 82 58 0 0 -82 -94 0 0 0 0 0 0 0 0 0 0 0 0 0 0 0 0 0 0 0 0 0 0 0 0 0 0 0 0 0 0 0 0 0 0 0 0 0 0 0 0 0 0
0 0 0 0 0 19 0 0 0 -19 0 0 0 0 0 0 0 82 0 0 0 -82 0 0 0 0 0 0 0 0 0 0 0 0 0 0 0 0 -62 0 -75 0 0 0 58 0 -94 0 0 0 0 0 0 0 0 0 0 0 0 0 0 0 0 0
0 0 0 0 0 0 0 0 0 0 0 0 0 0 0 0 0 0 0 0 0 0 0 0 0 0 0 0 0 0 0 0 0 0 0 0 0 0 19 0 -19 0 0 0 82 0 -82 0 0 0 0 0 0 0 0 0 0 0 0 0 0 0 0 0
0 0 0 0 -77 0 -62 0 -64 0 -75 0 0 0 0 0 37 0 58 0 34 0 -94 0 0 0 0 0 0 0 0 0 0 0 0 0 0 0 0 0 0 0 0 0 0 0 0 0 0 0 0 0 0 0 0 0 0 19 0 0 -19 0 0 0
0 0 0 0 23 -77 19 -62 54 -64 -19 -75 0 0 0 0 8 37 82 58 72 34 -82 -94 0 0 0 0 0 0 0 0 0 0 0 0 0 0 0 0 0 0 0 0 0 0 0 0 0 0 0 0 0 0 0 0 0 0 0 0 0 0 0 0
0 0 0 0 0 23 0 19 0 54 0 -19 0 0 0 0 0 8 0 82 0 72 0 -82 0 0 0 0 0 0 0 0 0 0 0 0 0 0 -77 -62 -64 -75 0 0 37 58 34 -94 0 0 0 0 0 0 0 0 0 0 0 0 0 0 0 0
0 0 0 0 0 0 0 0 0 0 0 0 0 0 0 0 0 0 0 0 0 0 0 0 0 0 0 0 0 0 0 0 0 0 0 0 0 0 23 19 54 -19 0 0 8 82 72 -82 0 0 0 0 0 0 0 0 0 0 0 0 0 0 0 0
0 0 0 0 0 0 -77 0 0 0 -64 0 0 0 0 0 0 0 37 0 0 0 34 0 0 0 0 0 0 0 0 0 0 0 0 0 0 0 0 0 0 0 0 0 0 0 0 0 0 0 0 0 0 0 0 0 0 23 19 -62 54 -19 -75 0
0 0 0 0 0 0 23 -77 0 0 54 -64 0 0 0 0 0 0 8 37 0 0 72 34 0 0 0 0 0 0 0 0 0 0 0 0 0 0 0 0 0 0 0 0 0 0 0 0 0 0 0 0 0 0 0 0 0 0 0 19 0 0 -19 0
0 0 0 0 0 0 0 23 0 0 0 54 0 0 0 0 0 0 0 8 0 0 0 72 0 0 0 0 0 0 0 0 0 0 0 0 0 0 0 -77 0 -64 0 0 0 37 0 34 0 0 0 0 0 0 0 0 0 0 0 0 0 0 0 0
0 0 0 0 0 0 0 0 0 0 0 0 0 0 0 0 0 0 0 0 0 0 0 0 0 0 0 0 0 0 0 0 0 0 0 0 0 0 0 23 0 54 0 0 0 8 0 72 0 0 0 0 0 0 0 0 0 0 0 0 0 0 0 0
0 0 0 0 0 0 0 0 -62 0 0 0 0 0 0 0 0 0 0 0 58 0 0 0 0 0 0 0 0 0 0 0 0 0 0 0 0 0 0 0 0 0 0 0 0 0 0 0 0 0 0 0 0 0 0 0 0 0 0 0 0 0 0 0
0 0 0 0 0 0 0 0 19 -62 0 0 0 0 0 0 0 0 0 0 82 58 0 0 0 0 0 0 0 0 0 0 0 0 0 0 0 0 0 0 0 0 0 0 0 0 0 0 0 0 0 0 0 0 0 0 0 0 0 0 0 0 0 0
0 0 0 0 0 0 0 0 0 19 0 0 0 0 0 0 0 0 0 0 0 82 0 0 0 0 0 0 0 0 0 0 0 0 0 0 0 0 0 0 -62 0 0 0 0 0 58 0 0 0 0 0 0 0 0 0 0 0 0 0 0 0 0 0
0 0 0 0 0 0 0 0 0 0 0 0 0 0 0 0 0 0 0 0 0 0 0 0 0 0 0 0 0 0 0 0 0 0 0 0 0 0 0 0 19 0 0 0 0 0 82 0 0 0 0 0 0 0 0 0 0 0 0 0 0 0 0 0
0 0 0 0 0 0 0 0 -77 0 -62 0 0 0 0 0 0 0 0 0 37 0 58 0 0 0 0 0 0 0 0 0 0 0 0 0 0 0 0 0 0 0 0 0 0 0 0 0 0 0 0 0 0 0 0 0 0 0 0 0 19 0 0 0
0 0 0 0 0 0 0 0 23 -77 19 -62 0 0 0 0 0 0 0 0 8 37 82 58 0 0 0 0 0 0 0 0 0 0 0 0 0 0 0 0 0 0 0 0 0 0 0 0 0 0 0 0 0 0 0 0 0 0 0 0 0 0 0 0
0 0 0 0 0 0 0 0 0 23 0 19 0 0 0 0 0 0 0 0 0 8 0 82 0 0 0 0 0 0 0 0 0 0 0 0 0 0 0 0 -77 -62 0 0 0 0 37 58 0 0 0 0 0 0 0 0 0 0 0 0 0 0 0 0
0 0 0 0 0 0 0 0 0 0 0 0 0 0 0 0 0 0 0 0 0 0 0 0 0 0 0 0 0 0 0 0 0 0 0 0 0 0 0 0 23 19 0 0 0 0 8 82 0 0 0 0 0 0 0 0 0 0 0 0 0 0 0 0
0 0 0 0 0 0 0 0 0 0 -77 0 0 0 0 0 0 0 0 0 0 0 37 0 0 0 0 0 0 0 0 0 0 0 0 0 0 0 0 0 0 0 0 0 0 0 0 0 0 0 0 0 0 0 0 0 0 0 0 0 23 19 -62 0
0 0 0 0 0 0 0 0 0 0 23 -77 0 0 0 0 0 0 0 0 0 0 8 37 0 0 0 0 0 0 0 0 0 0 0 0 0 0 0 0 0 0 0 0 0 0 0 0 0 0 0 0 0 0 0 0 0 0 0 0 0 0 19 0
