2698 3593 3944 5883 839 1441 2615 4816 5008 1442 2798 3841 4903 6109 1443 2008 0 0 0 0 0 0 0 0 0 0 0 0 0 0 0 0 0 0 0 0 0 0 0 0 0 0 0 0 0 0 0 0 0 0 0 0 0 0 0 0 0 0 0 0 0 0 0 0
2893 3905 5196 1444 3036 4481 5533 1445 1720 4194 5160 1446 3230 5029 1447 1506 0 0 0 0 0 0 0 0 0 0 0 0 0 0 0 0 0 0 0 0 0 0 0 0 0 0 0 0 0 0 0 0 0 0 0 0 0 0 0 0 0 0 0 0 0 0 0 0
5491 1448 3787 5542 5635 1449 3632 4323 5590 193 1450 6061 202 890 1451 1634 0 0 0 0 0 0 0 0 0 0 0 0 0 0 0 0 0 0 0 0 0 0 0 0 0 0 0 0 0 0 0 0 0 0 0 0 0 0 0 0 0 0 0 0 0 0 0 0
4685 4899 6653 86 644 1452 1892 3431 840 1073 1453 1478 5190 329 1454 4008 0 0 0 0 0 0 0 0 0 0 0 0 0 0 0 0 0 0 0 0 0 0 0 0 0 0 0 0 0 0 0 0 0 0 0 0 0 0 0 0 0 0 0 0 0 0 0 0
4268 5793 1270 1455 1465 2000 4189 1456 4060 5208 5296 5448 6312 1457 2905 5017 0 0 0 0 0 0 0 0 0 0 0 0 0 0 0 0 0 0 0 0 0 0 0 0 0 0 0 0 0 0 0 0 0 0 0 0 0 0 0 0 0 0 0 0 0 0 0 0
5344 5906 1458 2632 3268 4157 6265 1459 5042 5313 6226 1392 1460 3549 1461 3840 0 0 0 0 0 0 0 0 0 0 0 0 0 0 0 0 0 0 0 0 0 0 0 0 0 0 0 0 0 0 0 0 0 0 0 0 0 0 0 0 0 0 0 0 0 0 0 0
4520 4951 6241 1216 1462 3064 5703 1463 1779 5106 6159 1417 1464 2622 5382 1301 0 0 0 0 0 0 0 0 0 0 0 0 0 0 0 0 0 0 0 0 0 0 0 0 0 0 0 0 0 0 0 0 0 0 0 0 0 0 0 0 0 0 0 0 0 0 0 0
1465 1894 2493 1466 2222 4919 5435 6348 1467 2299 3765 4480 4978 5532 339 1468 0 0 0 0 0 0 0 0 0 0 0 0 0 0 0 0 0 0 0 0 0 0 0 0 0 0 0 0 0 0 0 0 0 0 0 0 0 0 0 0 0 0 0 0 0 0 0 0
1813 4061 6269 1045 1469 1785 4759 6417 1470 913 1471 2066 4119 5040 6279 592 0 0 0 0 0 0 0 0 0 0 0 0 0 0 0 0 0 0 0 0 0 0 0 0 0 0 0 0 0 0 0 0 0 0 0 0 0 0 0 0 0 0 0 0 0 0 0 0
1472 1608 2367 4453 1473 5598 5644 6187 1474 3587 4624 6473 596 1475 2015 3155 0 0 0 0 0 0 0 0 0 0 0 0 0 0 0 0 0 0 0 0 0 0 0 0 0 0 0 0 0 0 0 0 0 0 0 0 0 0 0 0 0 0 0 0 0 0 0 0
649 1476 2152 2881 4130 6336 536 770 1477 3252 4420 5189 1282 1478 2048 223 0 0 0 0 0 0 0 0 0 0 0 0 0 0 0 0 0 0 0 0 0 0 0 0 0 0 0 0 0 0 0 0 0 0 0 0 0 0 0 0 0 0 0 0 0 0 0 0
466 1479 1726 2797 3208 5239 6652 708 1480 2887 2938 3481 4174 5563 6068 6198 0 0 0 0 0 0 0 0 0 0 0 0 0 0 0 0 0 0 0 0 0 0 0 0 0 0 0 0 0 0 0 0 0 0 0 0 0 0 0 0 0 0 0 0 0 0 0 0
6248 1481 1482 1809 4385 4975 5847 5891 382 1483 1945 3648 3908 5107 339 1484 0 0 0 0 0 0 0 0 0 0 0 0 0 0 0 0 0 0 0 0 0 0 0 0 0 0 0 0 0 0 0 0 0 0 0 0 0 0 0 0 0 0 0 0 0 0 0 0
2597 5950 6496 1043 1485 5630 6361 1207 1486 2065 2683 4029 4070 5122 5300 48 0 0 0 0 0 0 0 0 0 0 0 0 0 0 0 0 0 0 0 0 0 0 0 0 0 0 0 0 0 0 0 0 0 0 0 0 0 0 0 0 0 0 0 0 0 0 0 0
93 1487 3670 4888 446 1488 3094 4806 6373 621 1489 4583 5547 1490 2199 4252 0 0 0 0 0 0 0 0 0 0 0 0 0 0 0 0 0 0 0 0 0 0 0 0 0 0 0 0 0 0 0 0 0 0 0 0 0 0 0 0 0 0 0 0 0 0 0 0
5047 5546 6057 6502 179 1491 1619 1887 5546 1492 2368 3243 3887 6525 325 1493 0 0 0 0 0 0 0 0 0 0 0 0 0 0 0 0 0 0 0 0 0 0 0 0 0 0 0 0 0 0 0 0 0 0 0 0 0 0 0 0 0 0 0 0 0 0 0 0
5507 6337 1494 3842 4948 5739 6239 36 1495 1536 1496 1497 1498 2106 2160 4185 0 0 0 0 0 0 0 0 0 0 0 0 0 0 0 0 0 0 0 0 0 0 0 0 0 0 0 0 0 0 0 0 0 0 0 0 0 0 0 0 0 0 0 0 0 0 0 0
4962 5196 386 1499 3861 4643 6350 1500 2079 4270 4342 4701 6210 1501 2306 3813 0 0 0 0 0 0 0 0 0 0 0 0 0 0 0 0 0 0 0 0 0 0 0 0 0 0 0 0 0 0 0 0 0 0 0 0 0 0 0 0 0 0 0 0 0 0 0 0
4226 1396 1502 5246 5714 1503 1856 2032 2113 2165 3225 4651 1504 573 1398 1505 0 0 0 0 0 0 0 0 0 0 0 0 0 0 0 0 0 0 0 0 0 0 0 0 0 0 0 0 0 0 0 0 0 0 0 0 0 0 0 0 0 0 0 0 0 0 0 0
2906 3085 5627 822 1506 2411 3001 3134 4758 5491 1014 1507 3922 4027 1508 3087 0 0 0 0 0 0 0 0 0 0 0 0 0 0 0 0 0 0 0 0 0 0 0 0 0 0 0 0 0 0 0 0 0 0 0 0 0 0 0 0 0 0 0 0 0 0 0 0
4836 5034 6001 75 142 1509 1848 4979 1472 1510 2367 3982 4613 6279 1511 3728 0 0 0 0 0 0 0 0 0 0 0 0 0 0 0 0 0 0 0 0 0 0 0 0 0 0 0 0 0 0 0 0 0 0 0 0 0 0 0 0 0 0 0 0 0 0 0 0
5592 6103 1512 1670 3089 4292 5589 1513 3282 4676 5695 6426 14 1514 4328 1515 0 0 0 0 0 0 0 0 0 0 0 0 0 0 0 0 0 0 0 0 0 0 0 0 0 0 0 0 0 0 0 0 0 0 0 0 0 0 0 0 0 0 0 0 0 0 0 0
1555 2157 3335 5931 6338 1516 2490 4184 4337 6157 6159 1517 3803 3998 4912 6481 0 0 0 0 0 0 0 0 0 0 0 0 0 0 0 0 0 0 0 0 0 0 0 0 0 0 0 0 0 0 0 0 0 0 0 0 0 0 0 0 0 0 0 0 0 0 0 0
1518 3080 3761 4143 5523 1519 2110 3866 4703 6122 1410 1520 4707 4835 5251 486 0 0 0 0 0 0 0 0 0 0 0 0 0 0 0 0 0 0 0 0 0 0 0 0 0 0 0 0 0 0 0 0 0 0 0 0 0 0 0 0 0 0 0 0 0 0 0 0
1521 2119 4936 959 1522 2146 3240 3416 3880 1523 2372 3581 6092 1524 1869 2644 0 0 0 0 0 0 0 0 0 0 0 0 0 0 0 0 0 0 0 0 0 0 0 0 0 0 0 0 0 0 0 0 0 0 0 0 0 0 0 0 0 0 0 0 0 0 0 0
2963 4548 4584 177 1525 2646 6056 6651 1526 3680 4362 5264 5693 188 1527 1931 0 0 0 0 0 0 0 0 0 0 0 0 0 0 0 0 0 0 0 0 0 0 0 0 0 0 0 0 0 0 0 0 0 0 0 0 0 0 0 0 0 0 0 0 0 0 0 0
3148 535 645 1528 2880 4519 5512 5883 1529 3163 5427 5605 6199 1530 2613 3897 0 0 0 0 0 0 0 0 0 0 0 0 0 0 0 0 0 0 0 0 0 0 0 0 0 0 0 0 0 0 0 0 0 0 0 0 0 0 0 0 0 0 0 0 0 0 0 0
515 893 1531 3387 3646 664 1394 1532 4008 5710 1533 1779 2444 2487 2985 3346 0 0 0 0 0 0 0 0 0 0 0 0 0 0 0 0 0 0 0 0 0 0 0 0 0 0 0 0 0 0 0 0 0 0 0 0 0 0 0 0 0 0 0 0 0 0 0 0
1534 2531 3909 5331 5477 6529 306 1535 3320 6322 6500 6650 80 1536 4328 1537 0 0 0 0 0 0 0 0 0 0 0 0 0 0 0 0 0 0 0 0 0 0 0 0 0 0 0 0 0 0 0 0 0 0 0 0 0 0 0 0 0 0 0 0 0 0 0 0
1627 1715 2097 2237 3240 6326 3 1538 2737 1539 1749 5699 6017 1540 2137 2758 0 0 0 0 0 0 0 0 0 0 0 0 0 0 0 0 0 0 0 0 0 0 0 0 0 0 0 0 0 0 0 0 0 0 0 0 0 0 0 0 0 0 0 0 0 0 0 0
3755 5285 111 1541 2298 1542 2078 3080 3761 6403 1543 3819 4837 6121 873 1544 0 0 0 0 0 0 0 0 0 0 0 0 0 0 0 0 0 0 0 0 0 0 0 0 0 0 0 0 0 0 0 0 0 0 0 0 0 0 0 0 0 0 0 0 0 0 0 0
5949 6649 1545 1958 2264 3310 3354 3654 504 1546 1821 2404 5334 6215 1547 4538 0 0 0 0 0 0 0 0 0 0 0 0 0 0 0 0 0 0 0 0 0 0 0 0 0 0 0 0 0 0 0 0 0 0 0 0 0 0 0 0 0 0 0 0 0 0 0 0
4662 5294 6268 424 1548 3827 4981 1549 1714 3190 4618 4718 5825 1109 1550 2092 0 0 0 0 0 0 0 0 0 0 0 0 0 0 0 0 0 0 0 0 0 0 0 0 0 0 0 0 0 0 0 0 0 0 0 0 0 0 0 0 0 0 0 0 0 0 0 0
4505 6096 692 1551 3274 1552 3940 6184 6285 1553 3290 4624 4898 1554 2704 3596 0 0 0 0 0 0 0 0 0 0 0 0 0 0 0 0 0 0 0 0 0 0 0 0 0 0 0 0 0 0 0 0 0 0 0 0 0 0 0 0 0 0 0 0 0 0 0 0
4002 5834 741 1555 2790 2885 5784 6291 6338 1556 3019 6109 1557 1236 1558 2396 0 0 0 0 0 0 0 0 0 0 0 0 0 0 0 0 0 0 0 0 0 0 0 0 0 0 0 0 0 0 0 0 0 0 0 0 0 0 0 0 0 0 0 0 0 0 0 0
3392 5617 5885 1153 1559 2977 3297 155 1560 2685 2958 3053 3779 4202 6648 1561 0 0 0 0 0 0 0 0 0 0 0 0 0 0 0 0 0 0 0 0 0 0 0 0 0 0 0 0 0 0 0 0 0 0 0 0 0 0 0 0 0 0 0 0 0 0 0 0
1969 2917 3007 78 861 1562 1675 1878 1563 2968 3634 5364 5644 1564 4168 4625 0 0 0 0 0 0 0 0 0 0 0 0 0 0 0 0 0 0 0 0 0 0 0 0 0 0 0 0 0 0 0 0 0 0 0 0 0 0 0 0 0 0 0 0 0 0 0 0
4686 4995 5228 1343 1565 2439 5188 5745 705 1566 1726 1998 7 1567 2252 3207 0 0 0 0 0 0 0 0 0 0 0 0 0 0 0 0 0 0 0 0 0 0 0 0 0 0 0 0 0 0 0 0 0 0 0 0 0 0 0 0 0 0 0 0 0 0 0 0
1568 3120 3438 5518 5707 897 1569 2405 3818 4273 1570 2162 2258 4340 4700 4871 0 0 0 0 0 0 0 0 0 0 0 0 0 0 0 0 0 0 0 0 0 0 0 0 0 0 0 0 0 0 0 0 0 0 0 0 0 0 0 0 0 0 0 0 0 0 0 0
1571 2039 5947 5948 877 953 1572 2086 2114 4397 5119 1164 1573 1603 3360 4495 0 0 0 0 0 0 0 0 0 0 0 0 0 0 0 0 0 0 0 0 0 0 0 0 0 0 0 0 0 0 0 0 0 0 0 0 0 0 0 0 0 0 0 0 0 0 0 0
1574 2502 3825 6225 1575 2638 2672 5909 6409 1434 1576 4802 5356 1577 2645 4246 0 0 0 0 0 0 0 0 0 0 0 0 0 0 0 0 0 0 0 0 0 0 0 0 0 0 0 0 0 0 0 0 0 0 0 0 0 0 0 0 0 0 0 0 0 0 0 0
5134 5827 194 1439 1578 1925 3473 4211 4896 6061 6647 917 1476 1579 2881 6151 0 0 0 0 0 0 0 0 0 0 0 0 0 0 0 0 0 0 0 0 0 0 0 0 0 0 0 0 0 0 0 0 0 0 0 0 0 0 0 0 0 0 0 0 0 0 0 0
6336 650 1580 2152 4087 1581 1834 6389 323 1582 2935 3639 4421 5787 1583 1584 0 0 0 0 0 0 0 0 0 0 0 0 0 0 0 0 0 0 0 0 0 0 0 0 0 0 0 0 0 0 0 0 0 0 0 0 0 0 0 0 0 0 0 0 0 0 0 0
2805 4974 5287 5851 1585 2859 4401 5444 5623 5989 981 1586 2858 4102 1305 1587 0 0 0 0 0 0 0 0 0 0 0 0 0 0 0 0 0 0 0 0 0 0 0 0 0 0 0 0 0 0 0 0 0 0 0 0 0 0 0 0 0 0 0 0 0 0 0 0
3179 5398 6037 1306 1588 2362 590 1589 2686 2818 3361 1590 2547 3672 4991 5305 0 0 0 0 0 0 0 0 0 0 0 0 0 0 0 0 0 0 0 0 0 0 0 0 0 0 0 0 0 0 0 0 0 0 0 0 0 0 0 0 0 0 0 0 0 0 0 0
5967 164 1591 4204 5130 1592 3416 4119 4799 1460 1593 1850 2122 6646 1594 2025 0 0 0 0 0 0 0 0 0 0 0 0 0 0 0 0 0 0 0 0 0 0 0 0 0 0 0 0 0 0 0 0 0 0 0 0 0 0 0 0 0 0 0 0 0 0 0 0
5697 6194 6240 208 1595 4687 1147 1596 3637 3642 4132 5656 5705 6148 324 1597 0 0 0 0 0 0 0 0 0 0 0 0 0 0 0 0 0 0 0 0 0 0 0 0 0 0 0 0 0 0 0 0 0 0 0 0 0 0 0 0 0 0 0 0 0 0 0 0
3198 4673 6149 6251 1598 1759 2849 4773 5935 671 1599 3705 260 1600 2947 4484 0 0 0 0 0 0 0 0 0 0 0 0 0 0 0 0 0 0 0 0 0 0 0 0 0 0 0 0 0 0 0 0 0 0 0 0 0 0 0 0 0 0 0 0 0 0 0 0
5442 6645 541 1601 2671 3445 4877 5992 6448 1013 1602 3180 5857 293 414 1603 0 0 0 0 0 0 0 0 0 0 0 0 0 0 0 0 0 0 0 0 0 0 0 0 0 0 0 0 0 0 0 0 0 0 0 0 0 0 0 0 0 0 0 0 0 0 0 0
1616 4495 1604 3666 4496 4762 5213 1605 3003 3724 5035 5123 5499 1085 1606 2365 0 0 0 0 0 0 0 0 0 0 0 0 0 0 0 0 0 0 0 0 0 0 0 0 0 0 0 0 0 0 0 0 0 0 0 0 0 0 0 0 0 0 0 0 0 0 0 0
4763 6316 1607 933 1608 2367 4072 4938 1609 3100 3733 4254 181 1610 2648 5223 0 0 0 0 0 0 0 0 0 0 0 0 0 0 0 0 0 0 0 0 0 0 0 0 0 0 0 0 0 0 0 0 0 0 0 0 0 0 0 0 0 0 0 0 0 0 0 0
1611 5187 5468 5877 5977 6067 107 1612 2902 6399 1121 1613 3346 4096 6644 1614 0 0 0 0 0 0 0 0 0 0 0 0 0 0 0 0 0 0 0 0 0 0 0 0 0 0 0 0 0 0 0 0 0 0 0 0 0 0 0 0 0 0 0 0 0 0 0 0
2299 2317 3971 4480 6406 672 1206 1615 1773 5346 6412 293 1616 3454 6221 1617 0 0 0 0 0 0 0 0 0 0 0 0 0 0 0 0 0 0 0 0 0 0 0 0 0 0 0 0 0 0 0 0 0 0 0 0 0 0 0 0 0 0 0 0 0 0 0 0
5172 5504 5591 5780 685 1618 3465 1378 1619 1887 4035 5546 1620 2695 4080 4123 0 0 0 0 0 0 0 0 0 0 0 0 0 0 0 0 0 0 0 0 0 0 0 0 0 0 0 0 0 0 0 0 0 0 0 0 0 0 0 0 0 0 0 0 0 0 0 0
4368 1621 4467 4623 5974 5978 6331 1622 2264 2903 4191 927 1623 2914 3918 3967 0 0 0 0 0 0 0 0 0 0 0 0 0 0 0 0 0 0 0 0 0 0 0 0 0 0 0 0 0 0 0 0 0 0 0 0 0 0 0 0 0 0 0 0 0 0 0 0
4838 5167 929 1624 3231 3577 6220 108 138 1625 3000 4574 1626 2640 3187 3832 0 0 0 0 0 0 0 0 0 0 0 0 0 0 0 0 0 0 0 0 0 0 0 0 0 0 0 0 0 0 0 0 0 0 0 0 0 0 0 0 0 0 0 0 0 0 0 0
5690 6381 617 1627 2239 2554 2826 4847 6326 1628 3625 5041 5914 6095 178 1629 0 0 0 0 0 0 0 0 0 0 0 0 0 0 0 0 0 0 0 0 0 0 0 0 0 0 0 0 0 0 0 0 0 0 0 0 0 0 0 0 0 0 0 0 0 0 0 0
2150 2784 3934 553 1630 3472 3554 5972 1631 3194 3329 4209 1632 2281 2828 3063 0 0 0 0 0 0 0 0 0 0 0 0 0 0 0 0 0 0 0 0 0 0 0 0 0 0 0 0 0 0 0 0 0 0 0 0 0 0 0 0 0 0 0 0 0 0 0 0
1633 2103 3328 3418 5556 202 1634 2568 1635 2843 2889 2892 5474 5754 1636 2942 0 0 0 0 0 0 0 0 0 0 0 0 0 0 0 0 0 0 0 0 0 0 0 0 0 0 0 0 0 0 0 0 0 0 0 0 0 0 0 0 0 0 0 0 0 0 0 0
3606 4869 6025 376 1010 1637 2220 3910 6643 1350 1638 4916 1639 2451 5443 6161 0 0 0 0 0 0 0 0 0 0 0 0 0 0 0 0 0 0 0 0 0 0 0 0 0 0 0 0 0 0 0 0 0 0 0 0 0 0 0 0 0 0 0 0 0 0 0 0
1398 1640 3398 5811 875 1205 1641 2954 4492 4493 5676 481 1642 3717 4927 5990 0 0 0 0 0 0 0 0 0 0 0 0 0 0 0 0 0 0 0 0 0 0 0 0 0 0 0 0 0 0 0 0 0 0 0 0 0 0 0 0 0 0 0 0 0 0 0 0
6129 422 1643 4659 5300 5452 5492 1170 1644 5038 5905 606 625 1645 5265 6422 0 0 0 0 0 0 0 0 0 0 0 0 0 0 0 0 0 0 0 0 0 0 0 0 0 0 0 0 0 0 0 0 0 0 0 0 0 0 0 0 0 0 0 0 0 0 0 0
1646 2967 3555 3684 5599 6424 1277 1647 1864 3201 3591 6335 1634 1648 1679 3150 0 0 0 0 0 0 0 0 0 0 0 0 0 0 0 0 0 0 0 0 0 0 0 0 0 0 0 0 0 0 0 0 0 0 0 0 0 0 0 0 0 0 0 0 0 0 0 0
6520 1649 2791 3066 4414 1237 1650 2986 4051 751 1418 1651 2033 3226 275 1652 0 0 0 0 0 0 0 0 0 0 0 0 0 0 0 0 0 0 0 0 0 0 0 0 0 0 0 0 0 0 0 0 0 0 0 0 0 0 0 0 0 0 0 0 0 0 0 0
