2012 3922 1015 2508 4293 4719 4803 4990 148 1016 1438 1662 2095 100 809 1017 0 0 0 0 0 0 0 0 0 0 0 0 0 0 0 0 0 0 0 0 0 0 0 0 0 0 0 0 0 0 0 0 0 0 0 0 0 0 0 0 0 0 0 0 0 0 0 0
2282 6466 1018 5 55 1019 1136 1702 1020 1113 2786 5225 1021 4214 4300 4329 0 0 0 0 0 0 0 0 0 0 0 0 0 0 0 0 0 0 0 0 0 0 0 0 0 0 0 0 0 0 0 0 0 0 0 0 0 0 0 0 0 0 0 0 0 0 0 0
4588 494 1022 1621 3795 4467 5561 5974 491 1023 6515 1024 2518 3435 3841 6112 0 0 0 0 0 0 0 0 0 0 0 0 0 0 0 0 0 0 0 0 0 0 0 0 0 0 0 0 0 0 0 0 0 0 0 0 0 0 0 0 0 0 0 0 0 0 0 0
6517 1006 1025 1120 1481 2662 536 1026 2133 2390 4908 4958 1027 2851 5191 5521 0 0 0 0 0 0 0 0 0 0 0 0 0 0 0 0 0 0 0 0 0 0 0 0 0 0 0 0 0 0 0 0 0 0 0 0 0 0 0 0 0 0 0 0 0 0 0 0
6022 651 1028 2345 4379 5284 6478 693 1029 1903 1972 1030 2215 3162 4971 5615 0 0 0 0 0 0 0 0 0 0 0 0 0 0 0 0 0 0 0 0 0 0 0 0 0 0 0 0 0 0 0 0 0 0 0 0 0 0 0 0 0 0 0 0 0 0 0 0
5662 367 1031 1666 2107 2178 4010 4969 1032 2053 3904 5892 6438 845 1033 1427 0 0 0 0 0 0 0 0 0 0 0 0 0 0 0 0 0 0 0 0 0 0 0 0 0 0 0 0 0 0 0 0 0 0 0 0 0 0 0 0 0 0 0 0 0 0 0 0
3524 5620 1034 2080 3082 3759 1035 2899 3492 5488 5522 666 781 1036 2803 3758 0 0 0 0 0 0 0 0 0 0 0 0 0 0 0 0 0 0 0 0 0 0 0 0 0 0 0 0 0 0 0 0 0 0 0 0 0 0 0 0 0 0 0 0 0 0 0 0
5622 1037 2081 5852 5947 5948 6033 926 1038 2164 4055 4237 5714 1039 4063 6035 0 0 0 0 0 0 0 0 0 0 0 0 0 0 0 0 0 0 0 0 0 0 0 0 0 0 0 0 0 0 0 0 0 0 0 0 0 0 0 0 0 0 0 0 0 0 0 0
6086 1040 2185 3083 3446 4571 1041 2813 2996 4541 5389 1042 1060 3313 5955 5957 0 0 0 0 0 0 0 0 0 0 0 0 0 0 0 0 0 0 0 0 0 0 0 0 0 0 0 0 0 0 0 0 0 0 0 0 0 0 0 0 0 0 0 0 0 0 0 0
289 672 1043 4028 6361 1044 4316 4448 5491 6219 881 1045 1785 1838 6417 1046 0 0 0 0 0 0 0 0 0 0 0 0 0 0 0 0 0 0 0 0 0 0 0 0 0 0 0 0 0 0 0 0 0 0 0 0 0 0 0 0 0 0 0 0 0 0 0 0
3709 4358 5490 5813 300 1047 3361 4286 6671 1048 2542 3002 6467 802 1049 2510 0 0 0 0 0 0 0 0 0 0 0 0 0 0 0 0 0 0 0 0 0 0 0 0 0 0 0 0 0 0 0 0 0 0 0 0 0 0 0 0 0 0 0 0 0 0 0 0
3367 6369 1050 2830 4509 5261 6180 1051 1065 1331 1512 1670 5589 1052 3889 4216 0 0 0 0 0 0 0 0 0 0 0 0 0 0 0 0 0 0 0 0 0 0 0 0 0 0 0 0 0 0 0 0 0 0 0 0 0 0 0 0 0 0 0 0 0 0 0 0
6506 1053 3060 5143 5149 5650 5971 6476 1054 2476 4212 4462 4629 863 1055 2931 0 0 0 0 0 0 0 0 0 0 0 0 0 0 0 0 0 0 0 0 0 0 0 0 0 0 0 0 0 0 0 0 0 0 0 0 0 0 0 0 0 0 0 0 0 0 0 0
3250 4555 1056 3115 3695 6396 1057 2442 4001 6205 1058 4133 4904 4909 5659 247 0 0 0 0 0 0 0 0 0 0 0 0 0 0 0 0 0 0 0 0 0 0 0 0 0 0 0 0 0 0 0 0 0 0 0 0 0 0 0 0 0 0 0 0 0 0 0 0
1059 1650 4011 4051 5385 409 1060 3725 5580 5955 1061 3182 3542 5959 1062 2012 0 0 0 0 0 0 0 0 0 0 0 0 0 0 0 0 0 0 0 0 0 0 0 0 0 0 0 0 0 0 0 0 0 0 0 0 0 0 0 0 0 0 0 0 0 0 0 0
3621 3922 6413 1063 2412 3719 6003 6176 6223 1064 2311 2908 3619 6265 68 1065 0 0 0 0 0 0 0 0 0 0 0 0 0 0 0 0 0 0 0 0 0 0 0 0 0 0 0 0 0 0 0 0 0 0 0 0 0 0 0 0 0 0 0 0 0 0 0 0
1670 1066 4942 5220 5632 6280 795 1067 3007 4581 3 97 1068 1336 1745 1754 0 0 0 0 0 0 0 0 0 0 0 0 0 0 0 0 0 0 0 0 0 0 0 0 0 0 0 0 0 0 0 0 0 0 0 0 0 0 0 0 0 0 0 0 0 0 0 0
5461 5968 1069 1755 2150 2196 2512 5178 195 1070 2746 3152 4553 5423 6670 1071 0 0 0 0 0 0 0 0 0 0 0 0 0 0 0 0 0 0 0 0 0 0 0 0 0 0 0 0 0 0 0 0 0 0 0 0 0 0 0 0 0 0 0 0 0 0 0 0
1734 3158 5093 5746 1072 1342 1596 1782 6148 221 1073 1282 1478 6669 1074 1218 0 0 0 0 0 0 0 0 0 0 0 0 0 0 0 0 0 0 0 0 0 0 0 0 0 0 0 0 0 0 0 0 0 0 0 0 0 0 0 0 0 0 0 0 0 0 0 0
2134 4471 4562 5611 6527 1075 2755 3950 5662 715 1076 1638 897 1077 1583 35 0 0 0 0 0 0 0 0 0 0 0 0 0 0 0 0 0 0 0 0 0 0 0 0 0 0 0 0 0 0 0 0 0 0 0 0 0 0 0 0 0 0 0 0 0 0 0 0
1078 1303 3974 21 133 1079 1183 3974 1080 1952 3924 4156 5727 296 1081 1223 0 0 0 0 0 0 0 0 0 0 0 0 0 0 0 0 0 0 0 0 0 0 0 0 0 0 0 0 0 0 0 0 0 0 0 0 0 0 0 0 0 0 0 0 0 0 0 0
1657 2999 1082 2632 3712 4243 4658 95 131 1083 2273 3453 5405 1084 3004 4158 0 0 0 0 0 0 0 0 0 0 0 0 0 0 0 0 0 0 0 0 0 0 0 0 0 0 0 0 0 0 0 0 0 0 0 0 0 0 0 0 0 0 0 0 0 0 0 0
5302 6320 1085 1823 2365 2916 3925 4763 6323 1086 2168 2508 3189 3581 1087 1435 0 0 0 0 0 0 0 0 0 0 0 0 0 0 0 0 0 0 0 0 0 0 0 0 0 0 0 0 0 0 0 0 0 0 0 0 0 0 0 0 0 0 0 0 0 0 0 0
5272 5639 6230 171 1088 2961 6375 184 1089 1663 3837 4728 6668 1090 2203 2879 0 0 0 0 0 0 0 0 0 0 0 0 0 0 0 0 0 0 0 0 0 0 0 0 0 0 0 0 0 0 0 0 0 0 0 0 0 0 0 0 0 0 0 0 0 0 0 0
3285 6238 101 769 1091 1695 2703 200 1092 3559 4085 1093 3107 4901 5004 5368 0 0 0 0 0 0 0 0 0 0 0 0 0 0 0 0 0 0 0 0 0 0 0 0 0 0 0 0 0 0 0 0 0 0 0 0 0 0 0 0 0 0 0 0 0 0 0 0
1094 3604 3694 5325 776 1095 3752 5791 91 814 1096 1707 4916 812 1097 4566 0 0 0 0 0 0 0 0 0 0 0 0 0 0 0 0 0 0 0 0 0 0 0 0 0 0 0 0 0 0 0 0 0 0 0 0 0 0 0 0 0 0 0 0 0 0 0 0
5155 5439 401 1098 4834 5807 585 1099 4152 5400 1100 1700 1882 2458 3132 1042 0 0 0 0 0 0 0 0 0 0 0 0 0 0 0 0 0 0 0 0 0 0 0 0 0 0 0 0 0 0 0 0 0 0 0 0 0 0 0 0 0 0 0 0 0 0 0 0
1101 2956 4278 4439 4924 5955 6039 1083 1102 1210 3620 5405 850 1103 1469 1785 0 0 0 0 0 0 0 0 0 0 0 0 0 0 0 0 0 0 0 0 0 0 0 0 0 0 0 0 0 0 0 0 0 0 0 0 0 0 0 0 0 0 0 0 0 0 0 0
4355 1104 1360 2089 2818 4933 5033 74 924 1105 1375 1833 2088 1106 2120 3627 0 0 0 0 0 0 0 0 0 0 0 0 0 0 0 0 0 0 0 0 0 0 0 0 0 0 0 0 0 0 0 0 0 0 0 0 0 0 0 0 0 0 0 0 0 0 0 0
4117 5173 5780 162 1107 2093 4508 6667 1108 1310 4204 6326 1109 2044 2509 6181 0 0 0 0 0 0 0 0 0 0 0 0 0 0 0 0 0 0 0 0 0 0 0 0 0 0 0 0 0 0 0 0 0 0 0 0 0 0 0 0 0 0 0 0 0 0 0 0
349 1110 3980 4804 1111 4366 5736 6007 766 1112 1436 1900 5358 6011 1113 1747 0 0 0 0 0 0 0 0 0 0 0 0 0 0 0 0 0 0 0 0 0 0 0 0 0 0 0 0 0 0 0 0 0 0 0 0 0 0 0 0 0 0 0 0 0 0 0 0
1824 2786 3104 5225 803 1114 1212 4408 5874 1115 2046 4215 5094 1116 1425 1777 0 0 0 0 0 0 0 0 0 0 0 0 0 0 0 0 0 0 0 0 0 0 0 0 0 0 0 0 0 0 0 0 0 0 0 0 0 0 0 0 0 0 0 0 0 0 0 0
4213 4810 4859 1117 4004 4404 4549 6432 1118 2485 2929 5836 1119 3598 4222 4633 0 0 0 0 0 0 0 0 0 0 0 0 0 0 0 0 0 0 0 0 0 0 0 0 0 0 0 0 0 0 0 0 0 0 0 0 0 0 0 0 0 0 0 0 0 0 0 0
88 1120 5711 979 1121 2036 5796 1122 2668 4638 4911 12 1123 1416 1481 1124 0 0 0 0 0 0 0 0 0 0 0 0 0 0 0 0 0 0 0 0 0 0 0 0 0 0 0 0 0 0 0 0 0 0 0 0 0 0 0 0 0 0 0 0 0 0 0 0
2988 4007 4107 6038 6160 1125 2584 5619 1126 3707 5807 5849 5900 1127 2864 5078 0 0 0 0 0 0 0 0 0 0 0 0 0 0 0 0 0 0 0 0 0 0 0 0 0 0 0 0 0 0 0 0 0 0 0 0 0 0 0 0 0 0 0 0 0 0 0 0
5079 5580 6130 1128 1486 4608 4659 5629 1129 2822 3364 5217 6455 908 1130 1353 0 0 0 0 0 0 0 0 0 0 0 0 0 0 0 0 0 0 0 0 0 0 0 0 0 0 0 0 0 0 0 0 0 0 0 0 0 0 0 0 0 0 0 0 0 0 0 0
94 1131 1303 1132 2324 4443 4544 4840 6351 1133 3977 6046 6047 47 58 1134 0 0 0 0 0 0 0 0 0 0 0 0 0 0 0 0 0 0 0 0 0 0 0 0 0 0 0 0 0 0 0 0 0 0 0 0 0 0 0 0 0 0 0 0 0 0 0 0
1504 2866 446 1135 3094 4120 55 60 1136 3631 3670 1137 3057 4615 5826 6419 0 0 0 0 0 0 0 0 0 0 0 0 0 0 0 0 0 0 0 0 0 0 0 0 0 0 0 0 0 0 0 0 0 0 0 0 0 0 0 0 0 0 0 0 0 0 0 0
1138 2559 4250 5550 1139 3055 6245 6418 1140 2832 5227 5314 5876 1141 4510 4765 0 0 0 0 0 0 0 0 0 0 0 0 0 0 0 0 0 0 0 0 0 0 0 0 0 0 0 0 0 0 0 0 0 0 0 0 0 0 0 0 0 0 0 0 0 0 0 0
5639 5917 6324 183 1142 5506 574 1143 3796 5424 6191 1144 1611 3284 5877 5977 0 0 0 0 0 0 0 0 0 0 0 0 0 0 0 0 0 0 0 0 0 0 0 0 0 0 0 0 0 0 0 0 0 0 0 0 0 0 0 0 0 0 0 0 0 0 0 0
1145 2070 2126 5140 5874 80 1146 1497 1536 465 1147 2291 3642 6020 1148 4076 0 0 0 0 0 0 0 0 0 0 0 0 0 0 0 0 0 0 0 0 0 0 0 0 0 0 0 0 0 0 0 0 0 0 0 0 0 0 0 0 0 0 0 0 0 0 0 0
4735 5145 5278 1149 1196 2573 4219 76 130 1150 1350 3538 1025 1151 1481 1152 0 0 0 0 0 0 0 0 0 0 0 0 0 0 0 0 0 0 0 0 0 0 0 0 0 0 0 0 0 0 0 0 0 0 0 0 0 0 0 0 0 0 0 0 0 0 0 0
2628 4304 4338 6076 6393 71 1153 3297 1154 2980 3806 5804 6034 6114 1155 1203 0 0 0 0 0 0 0 0 0 0 0 0 0 0 0 0 0 0 0 0 0 0 0 0 0 0 0 0 0 0 0 0 0 0 0 0 0 0 0 0 0 0 0 0 0 0 0 0
5077 5621 6165 253 1156 3172 3758 5848 1157 1544 5896 5949 1158 2491 3535 3901 0 0 0 0 0 0 0 0 0 0 0 0 0 0 0 0 0 0 0 0 0 0 0 0 0 0 0 0 0 0 0 0 0 0 0 0 0 0 0 0 0 0 0 0 0 0 0 0
6300 1159 2455 4920 5485 6167 401 1160 3043 3135 3573 5397 480 1161 5674 5770 0 0 0 0 0 0 0 0 0 0 0 0 0 0 0 0 0 0 0 0 0 0 0 0 0 0 0 0 0 0 0 0 0 0 0 0 0 0 0 0 0 0 0 0 0 0 0 0
1162 993 1163 1389 1840 293 1164 1603 6666 752 1165 2499 4979 955 1166 4198 0 0 0 0 0 0 0 0 0 0 0 0 0 0 0 0 0 0 0 0 0 0 0 0 0 0 0 0 0 0 0 0 0 0 0 0 0 0 0 0 0 0 0 0 0 0 0 0
5122 301 1167 1589 2686 3361 5031 6665 67 138 1168 3000 5258 1169 3050 3314 0 0 0 0 0 0 0 0 0 0 0 0 0 0 0 0 0 0 0 0 0 0 0 0 0 0 0 0 0 0 0 0 0 0 0 0 0 0 0 0 0 0 0 0 0 0 0 0
4984 6351 1170 4579 5038 6416 131 1171 1389 1625 3620 4574 314 1172 3777 4839 0 0 0 0 0 0 0 0 0 0 0 0 0 0 0 0 0 0 0 0 0 0 0 0 0 0 0 0 0 0 0 0 0 0 0 0 0 0 0 0 0 0 0 0 0 0 0 0
1173 5046 6367 6465 1174 4584 5136 5736 6185 1175 1494 5508 5739 6471 1176 2104 0 0 0 0 0 0 0 0 0 0 0 0 0 0 0 0 0 0 0 0 0 0 0 0 0 0 0 0 0 0 0 0 0 0 0 0 0 0 0 0 0 0 0 0 0 0 0 0
2746 4949 5697 322 1177 4514 4898 5744 1178 2105 2173 3739 5701 6338 1179 3399 0 0 0 0 0 0 0 0 0 0 0 0 0 0 0 0 0 0 0 0 0 0 0 0 0 0 0 0 0 0 0 0 0 0 0 0 0 0 0 0 0 0 0 0 0 0 0 0
6074 6490 1180 3813 5667 1181 2496 3127 5380 5798 6530 331 1182 2409 4786 6443 0 0 0 0 0 0 0 0 0 0 0 0 0 0 0 0 0 0 0 0 0 0 0 0 0 0 0 0 0 0 0 0 0 0 0 0 0 0 0 0 0 0 0 0 0 0 0 0
133 1183 1504 2543 1184 2182 5900 279 1185 4491 5162 290 988 1186 1306 1588 0 0 0 0 0 0 0 0 0 0 0 0 0 0 0 0 0 0 0 0 0 0 0 0 0 0 0 0 0 0 0 0 0 0 0 0 0 0 0 0 0 0 0 0 0 0 0 0
1952 4156 1164 1187 1358 1573 1188 3138 3919 5341 5343 6319 1189 2548 4166 4801 0 0 0 0 0 0 0 0 0 0 0 0 0 0 0 0 0 0 0 0 0 0 0 0 0 0 0 0 0 0 0 0 0 0 0 0 0 0 0 0 0 0 0 0 0 0 0 0
4943 5595 97 829 1190 1732 1781 3145 4244 1191 1593 2122 6052 1192 1193 2280 0 0 0 0 0 0 0 0 0 0 0 0 0 0 0 0 0 0 0 0 0 0 0 0 0 0 0 0 0 0 0 0 0 0 0 0 0 0 0 0 0 0 0 0 0 0 0 0
3096 4361 4805 4945 1194 3060 5143 5270 6188 359 1195 3024 3337 5280 518 1196 0 0 0 0 0 0 0 0 0 0 0 0 0 0 0 0 0 0 0 0 0 0 0 0 0 0 0 0 0 0 0 0 0 0 0 0 0 0 0 0 0 0 0 0 0 0 0 0
1267 1566 2573 3028 1197 3124 4869 5199 6438 1198 1482 4975 5795 5891 812 1199 0 0 0 0 0 0 0 0 0 0 0 0 0 0 0 0 0 0 0 0 0 0 0 0 0 0 0 0 0 0 0 0 0 0 0 0 0 0 0 0 0 0 0 0 0 0 0 0
2667 3301 3606 5155 845 1200 1944 2801 3524 5843 6440 70 1201 1707 1202 2009 0 0 0 0 0 0 0 0 0 0 0 0 0 0 0 0 0 0 0 0 0 0 0 0 0 0 0 0 0 0 0 0 0 0 0 0 0 0 0 0 0 0 0 0 0 0 0 0
3964 5853 555 1203 1302 4390 4973 5395 5484 6165 1204 2057 2811 4827 6408 951 0 0 0 0 0 0 0 0 0 0 0 0 0 0 0 0 0 0 0 0 0 0 0 0 0 0 0 0 0 0 0 0 0 0 0 0 0 0 0 0 0 0 0 0 0 0 0 0
1205 2954 4154 4492 1206 2998 4062 5346 6412 1207 2419 5122 6178 443 993 1208 0 0 0 0 0 0 0 0 0 0 0 0 0 0 0 0 0 0 0 0 0 0 0 0 0 0 0 0 0 0 0 0 0 0 0 0 0 0 0 0 0 0 0 0 0 0 0 0
1840 2778 3824 4932 1209 2142 4884 6175 6272 141 1210 1509 3091 3620 81 1211 0 0 0 0 0 0 0 0 0 0 0 0 0 0 0 0 0 0 0 0 0 0 0 0 0 0 0 0 0 0 0 0 0 0 0 0 0 0 0 0 0 0 0 0 0 0 0 0
1851 192 1212 1789 1213 1611 3105 4083 5187 5552 6480 1214 2208 2753 3479 5275 0 0 0 0 0 0 0 0 0 0 0 0 0 0 0 0 0 0 0 0 0 0 0 0 0 0 0 0 0 0 0 0 0 0 0 0 0 0 0 0 0 0 0 0 0 0 0 0
1055 1215 1933 2131 1216 2343 3064 3903 5703 6195 657 1217 2846 4632 4693 6021 0 0 0 0 0 0 0 0 0 0 0 0 0 0 0 0 0 0 0 0 0 0 0 0 0 0 0 0 0 0 0 0 0 0 0 0 0 0 0 0 0 0 0 0 0 0 0 0
1218 1800 4471 6395 865 923 1219 1966 6116 1220 1272 2534 4531 4536 1184 1221 0 0 0 0 0 0 0 0 0 0 0 0 0 0 0 0 0 0 0 0 0 0 0 0 0 0 0 0 0 0 0 0 0 0 0 0 0 0 0 0 0 0 0 0 0 0 0 0
1418 2182 3226 4059 1222 2320 4529 296 1223 6087 6088 1224 1987 2905 4241 4534 0 0 0 0 0 0 0 0 0 0 0 0 0 0 0 0 0 0 0 0 0 0 0 0 0 0 0 0 0 0 0 0 0 0 0 0 0 0 0 0 0 0 0 0 0 0 0 0
